# generation power_min power_avg power_max util_min util_avg util_max
1 10.311589 11.355809 13.077645 0.643442 0.838000 1.026843
10 10.088878 11.176471 12.233565 0.689191 0.846238 1.026843
20 10.057337 11.013380 11.876357 0.689191 0.854712 1.026843
30 9.953367 10.878069 11.577028 0.737611 0.862557 0.977889
40 9.210771 10.743610 11.451968 0.737611 0.867699 0.977889
50 9.210771 10.626948 11.323446 0.737611 0.871904 0.977889
60 9.210771 10.502319 11.193368 0.737611 0.879910 1.036896
70 9.210771 10.376216 11.062632 0.782759 0.888033 1.036896
80 9.210771 10.274895 10.922374 0.782759 0.892303 1.036896
90 9.210771 10.164656 10.743200 0.782759 0.899168 1.036896
100 9.210771 10.061345 10.656916 0.782759 0.904135 1.036896
110 8.976639 9.953826 10.459909 0.784864 0.909081 1.036896
120 8.976639 9.855287 10.374313 0.813225 0.912272 1.036896
130 8.929283 9.750046 10.259536 0.813225 0.917684 1.036896
140 8.929283 9.656053 10.203809 0.813225 0.927364 1.036896
150 10.104044 9.567032 10.104044 0.842239 0.933656 1.036896
160 10.030797 9.488960 10.030797 0.842239 0.937240 1.014920
170 8.725405 9.393583 9.913995 0.870036 0.943756 1.014920
180 8.649315 9.302457 9.800659 0.871244 0.950144 1.014920
190 8.546358 9.207645 9.680687 0.871244 0.955382 1.014920
200 8.546358 9.130149 9.582459 0.871244 0.960214 1.018278
210 8.519839 9.043682 9.442558 0.871244 0.966019 1.018278
220 9.398102 8.962205 9.398102 0.871244 0.970162 1.020243
230 8.315452 8.882287 9.276169 0.914385 0.974495 1.020243
240 8.315452 8.812710 9.205410 0.914385 0.976369 1.020243
250 9.116558 8.752480 9.116558 0.914385 0.978685 1.020243
260 9.039965 8.686831 9.039965 0.914385 0.978472 1.020243
270 8.929283 8.622567 8.929283 0.914385 0.981123 1.020243
280 8.890779 8.580106 8.890779 0.914385 0.980815 1.020243
290 8.813349 8.538128 8.813349 0.914385 0.980572 1.021514
300 8.756863 8.499688 8.756863 0.914385 0.980949 1.021514
310 8.712436 8.446535 8.712436 0.914385 0.982342 1.021514
320 8.649315 8.378439 8.649315 0.929155 0.984014 1.021514
330 8.587715 8.318957 8.587715 0.929155 0.985809 1.021514
340 8.519839 8.274807 8.519839 0.929155 0.986106 1.021514
350 7.825046 8.232398 8.481228 0.929155 0.987328 1.021514
360 7.784479 8.174986 8.435979 0.933773 0.989153 1.021243
370 7.737957 8.125360 8.393906 0.957887 0.991594 1.021538
380 8.315452 8.057974 8.315452 0.957887 0.993215 1.021538
390 8.260775 8.011452 8.260775 0.966865 0.994662 1.021538
400 8.206111 7.974063 8.206111 0.966865 0.994602 1.021538
410 7.567426 7.921067 8.153111 0.966865 0.995006 1.021538
420 7.490313 7.886068 8.127605 0.974295 0.995203 1.021538
430 7.490313 7.849699 8.069866 0.978996 0.995625 1.021538
440 7.490313 7.807179 8.036474 0.978996 0.995390 1.021538
450 7.490313 7.754077 8.006419 0.978996 0.995401 1.021538
460 7.970737 7.720871 7.970737 0.978996 0.995504 1.014565
470 7.888949 7.688752 7.888949 0.978996 0.995373 1.014565
480 7.854197 7.658635 7.854197 0.978996 0.995333 1.014565
490 7.808872 7.625759 7.808872 0.976732 0.994665 1.014565
500 7.775393 7.590362 7.775393 0.976732 0.994341 1.014565
510 7.278310 7.562121 7.737957 0.976732 0.994807 1.014565
520 7.278310 7.533587 7.704790 0.976732 0.996196 1.018196
530 7.277372 7.514411 7.672510 0.976732 0.996220 1.018196
540 7.277372 7.495422 7.629895 0.976732 0.996305 1.018196
550 7.569288 7.478141 7.569288 0.985943 0.996911 1.018196
560 7.551891 7.459531 7.551891 0.985943 0.997249 1.018196
570 7.539254 7.441625 7.539254 0.985943 0.998074 1.018196
580 7.508152 7.426799 7.508152 0.987650 0.998266 1.018196
590 7.503909 7.407622 7.503909 0.987650 0.999107 1.018196
600 7.482398 7.391045 7.482398 0.989676 1.000218 1.018196
610 7.472858 7.370147 7.472858 0.989676 1.000889 1.012997
620 7.465902 7.338290 7.465902 0.990182 1.001383 1.012997
630 7.428791 7.323874 7.428791 0.990182 1.001721 1.012997
640 7.378920 7.297031 7.378920 0.991033 1.002070 1.012997
650 7.361514 7.285783 7.361514 0.991033 1.002187 1.012997
660 7.352662 7.247968 7.352662 0.993011 1.003028 1.012997
670 7.302373 7.226482 7.302373 0.993011 1.003236 1.011943
680 7.293254 7.207643 7.293254 0.993011 1.003377 1.011943
690 7.277372 7.188745 7.277372 0.993011 1.003435 1.011943
700 7.253614 7.164995 7.253614 0.993011 1.003463 1.011943
710 7.241992 7.147904 7.241992 0.993011 1.003701 1.011943
720 7.214462 7.128875 7.214462 0.993011 1.003895 1.011777
730 7.208291 7.123693 7.208291 0.993011 1.003614 1.011777
740 7.181584 7.113051 7.181584 0.993011 1.003680 1.011777
750 7.148778 7.109956 7.148778 0.993011 1.004211 1.011777
760 7.148778 7.105026 7.148778 0.993011 1.004699 1.011777
770 7.148778 7.095221 7.148778 0.993011 1.004851 1.011823
780 7.121194 7.082380 7.121194 0.996854 1.005154 1.011823
790 7.121194 7.073528 7.121194 0.996854 1.005359 1.012409
800 7.092904 7.035800 7.092904 0.998236 1.005614 1.012409
810 7.092904 7.032277 7.092904 0.998236 1.005587 1.012409
820 7.092904 7.026475 7.092904 0.998236 1.005447 1.012409
830 7.057031 7.010304 7.057031 0.995575 1.005511 1.012409
840 7.057031 7.004834 7.057031 0.995575 1.004873 1.012409
850 7.057031 7.000459 7.057031 0.995575 1.004015 1.012409
860 7.057031 6.995826 7.057031 0.995575 1.003268 1.012409
870 7.057031 6.993375 7.057031 0.995575 1.002938 1.012409
880 7.057031 6.992072 7.057031 0.995575 1.002103 1.012409
890 7.057031 6.986944 7.057031 0.995575 1.001458 1.010435
900 7.011374 6.985235 7.011374 0.995575 1.000746 1.010435
910 7.011374 6.983768 7.011374 0.995575 1.000271 1.004564
920 6.982957 6.982957 6.982957 0.999667 1.000150 1.004564
930 6.982957 6.982957 6.982957 0.999667 0.999953 1.004564
940 6.982957 6.982957 6.982957 0.999667 0.999756 1.004564
950 6.982957 6.982957 6.982957 0.999667 0.999667 0.999667
960 6.982957 6.982957 6.982957 0.999667 0.999667 0.999667
970 6.982957 6.982957 6.982957 0.999667 0.999667 0.999667
980 6.982957 6.982957 6.982957 0.999667 0.999667 0.999667
990 6.982957 6.982957 6.982957 0.999667 0.999667 0.999667
1000 6.982957 6.982957 6.982957 0.999667 0.999667 0.999667
1010 6.982957 6.982957 6.982957 0.999667 0.999667 0.999667
1020 6.982957 6.982957 6.982957 0.999667 0.999667 0.999667
1030 6.982957 6.982957 6.982957 0.999667 0.999667 0.999667
1040 6.982957 6.982957 6.982957 0.999667 0.999667 0.999667
1050 6.982957 6.982957 6.982957 0.999667 0.999667 0.999667
1060 6.982957 6.982957 6.982957 0.999667 0.999667 0.999667
1070 6.982957 6.982957 6.982957 0.999667 0.999667 0.999667
1080 6.982957 6.982957 6.982957 0.999667 0.999667 0.999667
1090 6.982957 6.982957 6.982957 0.999667 0.999667 0.999667
1100 6.982957 6.982957 6.982957 0.999667 0.999667 0.999667
1110 6.982957 6.982957 6.982957 0.999667 0.999667 0.999667
1120 6.982957 6.982957 6.982957 0.999667 0.999667 0.999667
1130 6.982957 6.982957 6.982957 0.999667 0.999667 0.999667
1140 6.982957 6.982957 6.982957 0.999667 0.999667 0.999667
1150 6.982957 6.982957 6.982957 0.999667 0.999667 0.999667
1160 6.982957 6.982957 6.982957 0.999667 0.999667 0.999667
1170 6.982957 6.982957 6.982957 0.999667 0.999667 0.999667
1180 6.982957 6.982957 6.982957 0.999667 0.999667 0.999667
1190 6.982957 6.982957 6.982957 0.999667 0.999667 0.999667
1200 6.982957 6.982957 6.982957 0.999667 0.999667 0.999667
1210 6.982957 6.982957 6.982957 0.999667 0.999667 0.999667
1220 6.982957 6.982957 6.982957 0.999667 0.999667 0.999667
1230 6.982957 6.982957 6.982957 0.999667 0.999667 0.999667
1240 6.982957 6.982957 6.982957 0.999667 0.999667 0.999667
1250 6.982957 6.982957 6.982957 0.999667 0.999667 0.999667
1260 6.982957 6.982957 6.982957 0.999667 0.999667 0.999667
1270 6.982957 6.982957 6.982957 0.999667 0.999667 0.999667
1280 6.982957 6.982957 6.982957 0.999667 0.999667 0.999667
1290 6.982957 6.982957 6.982957 0.999667 0.999667 0.999667
1300 6.982957 6.982957 6.982957 0.999667 0.999667 0.999667
1310 6.982957 6.982957 6.982957 0.999667 0.999667 0.999667
1320 6.982957 6.982957 6.982957 0.999667 0.999667 0.999667
1330 6.982957 6.982957 6.982957 0.999667 0.999667 0.999667
1340 6.982957 6.982957 6.982957 0.999667 0.999667 0.999667
1350 6.982957 6.982957 6.982957 0.999667 0.999667 0.999667
1360 6.982957 6.982957 6.982957 0.999667 0.999667 0.999667
1370 6.982957 6.982957 6.982957 0.999667 0.999667 0.999667
1380 6.982957 6.982957 6.982957 0.999667 0.999667 0.999667
1390 6.982957 6.982957 6.982957 0.999667 0.999667 0.999667
1400 6.982957 6.982957 6.982957 0.999667 0.999667 0.999667
1410 6.982957 6.982957 6.982957 0.999667 0.999667 0.999667
1420 6.982957 6.982957 6.982957 0.999667 0.999667 0.999667
1430 6.982957 6.982957 6.982957 0.999667 0.999667 0.999667
1440 6.982957 6.982957 6.982957 0.999667 0.999667 0.999667
1450 6.982957 6.982957 6.982957 0.999667 0.999667 0.999667
1460 6.982957 6.982957 6.982957 0.999667 0.999667 0.999667
1470 6.982957 6.982957 6.982957 0.999667 0.999667 0.999667
1480 6.982957 6.982957 6.982957 0.999667 0.999667 0.999667
1490 6.982957 6.982957 6.982957 0.999667 0.999667 0.999667
1500 6.982957 6.982957 6.982957 0.999667 0.999667 0.999667
1510 6.982957 6.982957 6.982957 0.999667 0.999667 0.999667
1520 6.982957 6.982957 6.982957 0.999667 0.999667 0.999667
1530 6.982957 6.982957 6.982957 0.999667 0.999667 0.999667
1540 6.982957 6.982957 6.982957 0.999667 0.999667 0.999667
1550 6.982957 6.982957 6.982957 0.999667 0.999667 0.999667
1560 6.982957 6.982957 6.982957 0.999667 0.999667 0.999667
1570 6.982957 6.982957 6.982957 0.999667 0.999667 0.999667
1580 6.982957 6.982957 6.982957 0.999667 0.999667 0.999667
1590 6.982957 6.982957 6.982957 0.999667 0.999667 0.999667
1600 6.982957 6.982957 6.982957 0.999667 0.999667 0.999667
1610 6.982957 6.982957 6.982957 0.999667 0.999667 0.999667
1620 6.982957 6.982957 6.982957 0.999667 0.999667 0.999667
1630 6.982957 6.982957 6.982957 0.999667 0.999667 0.999667
1640 6.982957 6.982957 6.982957 0.999667 0.999667 0.999667
1650 6.982957 6.982957 6.982957 0.999667 0.999667 0.999667
1660 6.982957 6.982957 6.982957 0.999667 0.999667 0.999667
1670 6.982957 6.982957 6.982957 0.999667 0.999667 0.999667
1680 6.982957 6.982957 6.982957 0.999667 0.999667 0.999667
1690 6.982957 6.982957 6.982957 0.999667 0.999667 0.999667
1700 6.982957 6.982957 6.982957 0.999667 0.999667 0.999667
1710 6.982957 6.982957 6.982957 0.999667 0.999667 0.999667
1720 6.982957 6.982957 6.982957 0.999667 0.999667 0.999667
1730 6.982957 6.982957 6.982957 0.999667 0.999667 0.999667
1740 6.982957 6.982957 6.982957 0.999667 0.999667 0.999667
1750 6.982957 6.982957 6.982957 0.999667 0.999667 0.999667
1760 6.982957 6.982957 6.982957 0.999667 0.999667 0.999667
1770 6.982957 6.982957 6.982957 0.999667 0.999667 0.999667
1780 6.982957 6.982957 6.982957 0.999667 0.999667 0.999667
1790 6.982957 6.982957 6.982957 0.999667 0.999667 0.999667
1800 6.982957 6.982957 6.982957 0.999667 0.999667 0.999667
1810 6.982957 6.982957 6.982957 0.999667 0.999667 0.999667
1820 6.982957 6.982957 6.982957 0.999667 0.999667 0.999667
1830 6.982957 6.982957 6.982957 0.999667 0.999667 0.999667
1840 6.982957 6.982957 6.982957 0.999667 0.999667 0.999667
1850 6.982957 6.982957 6.982957 0.999667 0.999667 0.999667
1860 6.982957 6.982957 6.982957 0.999667 0.999667 0.999667
1870 6.982957 6.982957 6.982957 0.999667 0.999667 0.999667
1880 6.982957 6.982957 6.982957 0.999667 0.999667 0.999667
1890 6.982957 6.982957 6.982957 0.999667 0.999667 0.999667
1900 6.982957 6.982957 6.982957 0.999667 0.999667 0.999667
1910 6.982957 6.982957 6.982957 0.999667 0.999667 0.999667
1920 6.982957 6.982957 6.982957 0.999667 0.999667 0.999667
1930 6.982957 6.982957 6.982957 0.999667 0.999667 0.999667
1940 6.982957 6.982957 6.982957 0.999667 0.999667 0.999667
1950 6.982957 6.982957 6.982957 0.999667 0.999667 0.999667
1960 6.982957 6.982957 6.982957 0.999667 0.999667 0.999667
1970 6.982957 6.982957 6.982957 0.999667 0.999667 0.999667
1980 6.982957 6.982957 6.982957 0.999667 0.999667 0.999667
1990 6.982957 6.982957 6.982957 0.999667 0.999667 0.999667
2000 6.982957 6.982957 6.982957 0.999667 0.999667 0.999667
2010 6.982957 6.982957 6.982957 0.999667 0.999667 0.999667
2020 6.982957 6.982957 6.982957 0.999667 0.999667 0.999667
2030 6.982957 6.982957 6.982957 0.999667 0.999667 0.999667
2040 6.982957 6.982957 6.982957 0.999667 0.999667 0.999667
2050 6.982957 6.982957 6.982957 0.999667 0.999667 0.999667
2060 6.982957 6.982957 6.982957 0.999667 0.999667 0.999667
2070 6.982957 6.982957 6.982957 0.999667 0.999667 0.999667
2080 6.982957 6.982957 6.982957 0.999667 0.999667 0.999667
2090 6.982957 6.982957 6.982957 0.999667 0.999667 0.999667
2100 6.982957 6.982957 6.982957 0.999667 0.999667 0.999667
2110 6.982957 6.982957 6.982957 0.999667 0.999667 0.999667
2120 6.982957 6.982957 6.982957 0.999667 0.999667 0.999667
2130 6.982957 6.982957 6.982957 0.999667 0.999667 0.999667
2140 6.982957 6.982957 6.982957 0.999667 0.999667 0.999667
2150 6.982957 6.982957 6.982957 0.999667 0.999667 0.999667
2160 6.982957 6.982957 6.982957 0.999667 0.999667 0.999667
2170 6.982957 6.982957 6.982957 0.999667 0.999667 0.999667
2180 6.982957 6.982957 6.982957 0.999667 0.999667 0.999667
2190 6.982957 6.982957 6.982957 0.999667 0.999667 0.999667
2200 6.982957 6.982957 6.982957 0.999667 0.999667 0.999667
2210 6.982957 6.982957 6.982957 0.999667 0.999667 0.999667
2220 6.982957 6.982957 6.982957 0.999667 0.999667 0.999667
2230 6.982957 6.982957 6.982957 0.999667 0.999667 0.999667
2240 6.982957 6.982957 6.982957 0.999667 0.999667 0.999667
2250 6.982957 6.982957 6.982957 0.999667 0.999667 0.999667
2260 6.982957 6.982957 6.982957 0.999667 0.999667 0.999667
2270 6.982957 6.982957 6.982957 0.999667 0.999667 0.999667
2280 6.982957 6.982957 6.982957 0.999667 0.999667 0.999667
2290 6.982957 6.982957 6.982957 0.999667 0.999667 0.999667
2300 6.982957 6.982957 6.982957 0.999667 0.999667 0.999667
2310 6.982957 6.982957 6.982957 0.999667 0.999667 0.999667
2320 6.982957 6.982957 6.982957 0.999667 0.999667 0.999667
2330 6.982957 6.982957 6.982957 0.999667 0.999667 0.999667
2340 6.982957 6.982957 6.982957 0.999667 0.999667 0.999667
2350 6.982957 6.982957 6.982957 0.999667 0.999667 0.999667
2360 6.982957 6.982957 6.982957 0.999667 0.999667 0.999667
2370 6.982957 6.982957 6.982957 0.999667 0.999667 0.999667
2380 6.982957 6.982957 6.982957 0.999667 0.999667 0.999667
2390 6.982957 6.982957 6.982957 0.999667 0.999667 0.999667
2400 6.982957 6.982957 6.982957 0.999667 0.999667 0.999667
2410 6.982957 6.982957 6.982957 0.999667 0.999667 0.999667
2420 6.982957 6.982957 6.982957 0.999667 0.999667 0.999667
2430 6.982957 6.982957 6.982957 0.999667 0.999667 0.999667
2440 6.982957 6.982957 6.982957 0.999667 0.999667 0.999667
2450 6.982957 6.982957 6.982957 0.999667 0.999667 0.999667
2460 6.982957 6.982957 6.982957 0.999667 0.999667 0.999667
2470 6.982957 6.982957 6.982957 0.999667 0.999667 0.999667
2480 6.982957 6.982957 6.982957 0.999667 0.999667 0.999667
2490 6.982957 6.982957 6.982957 0.999667 0.999667 0.999667
2500 6.982957 6.982957 6.982957 0.999667 0.999667 0.999667
2510 6.982957 6.982957 6.982957 0.999667 0.999667 0.999667
2520 6.982957 6.982957 6.982957 0.999667 0.999667 0.999667
2530 6.982957 6.982957 6.982957 0.999667 0.999667 0.999667
2540 6.982957 6.982957 6.982957 0.999667 0.999667 0.999667
2550 6.982957 6.982957 6.982957 0.999667 0.999667 0.999667
2560 6.982957 6.982957 6.982957 0.999667 0.999667 0.999667
2570 6.982957 6.982957 6.982957 0.999667 0.999667 0.999667
2580 6.982957 6.982957 6.982957 0.999667 0.999667 0.999667
2590 6.982957 6.982957 6.982957 0.999667 0.999667 0.999667
2600 6.982957 6.982957 6.982957 0.999667 0.999667 0.999667
2610 6.982957 6.982957 6.982957 0.999667 0.999667 0.999667
2620 6.982957 6.982957 6.982957 0.999667 0.999667 0.999667
2630 6.982957 6.982957 6.982957 0.999667 0.999667 0.999667
2640 6.982957 6.982957 6.982957 0.999667 0.999667 0.999667
2650 6.982957 6.982957 6.982957 0.999667 0.999667 0.999667
2660 6.982957 6.982957 6.982957 0.999667 0.999667 0.999667
2670 6.982957 6.982957 6.982957 0.999667 0.999667 0.999667
2680 6.982957 6.982957 6.982957 0.999667 0.999667 0.999667
2690 6.982957 6.982957 6.982957 0.999667 0.999667 0.999667
2700 6.982957 6.982957 6.982957 0.999667 0.999667 0.999667
2710 6.982957 6.982957 6.982957 0.999667 0.999667 0.999667
2720 6.982957 6.982957 6.982957 0.999667 0.999667 0.999667
2730 6.982957 6.982957 6.982957 0.999667 0.999667 0.999667
2740 6.982957 6.982957 6.982957 0.999667 0.999667 0.999667
2750 6.982957 6.982957 6.982957 0.999667 0.999667 0.999667
2760 6.982957 6.982957 6.982957 0.999667 0.999667 0.999667
2770 6.982957 6.982957 6.982957 0.999667 0.999667 0.999667
2780 6.982957 6.982957 6.982957 0.999667 0.999667 0.999667
2790 6.982957 6.982957 6.982957 0.999667 0.999667 0.999667
2800 6.982957 6.982957 6.982957 0.999667 0.999667 0.999667
2810 6.982957 6.982957 6.982957 0.999667 0.999667 0.999667
2820 6.982957 6.982957 6.982957 0.999667 0.999667 0.999667
2830 6.982957 6.982957 6.982957 0.999667 0.999667 0.999667
2840 6.982957 6.982957 6.982957 0.999667 0.999667 0.999667
2850 6.982957 6.982957 6.982957 0.999667 0.999667 0.999667
2860 6.982957 6.982957 6.982957 0.999667 0.999667 0.999667
2870 6.982957 6.982957 6.982957 0.999667 0.999667 0.999667
2880 6.982957 6.982957 6.982957 0.999667 0.999667 0.999667
2890 6.982957 6.982957 6.982957 0.999667 0.999667 0.999667
2900 6.982957 6.982957 6.982957 0.999667 0.999667 0.999667
2910 6.982957 6.982957 6.982957 0.999667 0.999667 0.999667
2920 6.982957 6.982957 6.982957 0.999667 0.999667 0.999667
2930 6.982957 6.982957 6.982957 0.999667 0.999667 0.999667
2940 6.982957 6.982957 6.982957 0.999667 0.999667 0.999667
2950 6.982957 6.982957 6.982957 0.999667 0.999667 0.999667
2960 6.982957 6.982957 6.982957 0.999667 0.999667 0.999667
2970 6.982957 6.982957 6.982957 0.999667 0.999667 0.999667
2980 6.982957 6.982957 6.982957 0.999667 0.999667 0.999667
2990 6.982957 6.982957 6.982957 0.999667 0.999667 0.999667
3000 6.982957 6.982957 6.982957 0.999667 0.999667 0.999667
3010 6.982957 6.982957 6.982957 0.999667 0.999667 0.999667
3020 6.982957 6.982957 6.982957 0.999667 0.999667 0.999667
3030 6.982957 6.982957 6.982957 0.999667 0.999667 0.999667
3040 6.982957 6.982957 6.982957 0.999667 0.999667 0.999667
3050 6.982957 6.982957 6.982957 0.999667 0.999667 0.999667
3060 6.982957 6.982957 6.982957 0.999667 0.999667 0.999667
3070 6.982957 6.982957 6.982957 0.999667 0.999667 0.999667
3080 6.982957 6.982957 6.982957 0.999667 0.999667 0.999667
3090 6.982957 6.982957 6.982957 0.999667 0.999667 0.999667
3100 6.982957 6.982957 6.982957 0.999667 0.999667 0.999667
3110 6.982957 6.982957 6.982957 0.999667 0.999667 0.999667
3120 6.982957 6.982957 6.982957 0.999667 0.999667 0.999667
3130 6.982957 6.982957 6.982957 0.999667 0.999667 0.999667
3140 6.982957 6.982957 6.982957 0.999667 0.999667 0.999667
3150 6.982957 6.982957 6.982957 0.999667 0.999667 0.999667
3160 6.982957 6.982957 6.982957 0.999667 0.999667 0.999667
3170 6.982957 6.982957 6.982957 0.999667 0.999667 0.999667
3180 6.982957 6.982957 6.982957 0.999667 0.999667 0.999667
3190 6.982957 6.982957 6.982957 0.999667 0.999667 0.999667
3200 6.982957 6.982957 6.982957 0.999667 0.999667 0.999667
3210 6.982957 6.982957 6.982957 0.999667 0.999667 0.999667
3220 6.982957 6.982957 6.982957 0.999667 0.999667 0.999667
3230 6.982957 6.982957 6.982957 0.999667 0.999667 0.999667
3240 6.982957 6.982957 6.982957 0.999667 0.999667 0.999667
3250 6.982957 6.982957 6.982957 0.999667 0.999667 0.999667
3260 6.982957 6.982957 6.982957 0.999667 0.999667 0.999667
3270 6.982957 6.982957 6.982957 0.999667 0.999667 0.999667
3280 6.982957 6.982957 6.982957 0.999667 0.999667 0.999667
3290 6.982957 6.982957 6.982957 0.999667 0.999667 0.999667
3300 6.982957 6.982957 6.982957 0.999667 0.999667 0.999667
3310 6.982957 6.982957 6.982957 0.999667 0.999667 0.999667
3320 6.982957 6.982957 6.982957 0.999667 0.999667 0.999667
3330 6.982957 6.982957 6.982957 0.999667 0.999667 0.999667
3340 6.982957 6.982957 6.982957 0.999667 0.999667 0.999667
3350 6.982957 6.982957 6.982957 0.999667 0.999667 0.999667
3360 6.982957 6.982957 6.982957 0.999667 0.999667 0.999667
3370 6.982957 6.982957 6.982957 0.999667 0.999667 0.999667
3380 6.982957 6.982957 6.982957 0.999667 0.999667 0.999667
3390 6.982957 6.982957 6.982957 0.999667 0.999667 0.999667
3400 6.982957 6.982957 6.982957 0.999667 0.999667 0.999667
3410 6.982957 6.982957 6.982957 0.999667 0.999667 0.999667
3420 6.982957 6.982957 6.982957 0.999667 0.999667 0.999667
3430 6.982957 6.982957 6.982957 0.999667 0.999667 0.999667
3440 6.982957 6.982957 6.982957 0.999667 0.999667 0.999667
3450 6.982957 6.982957 6.982957 0.999667 0.999667 0.999667
3460 6.982957 6.982957 6.982957 0.999667 0.999667 0.999667
3470 6.982957 6.982957 6.982957 0.999667 0.999667 0.999667
3480 6.982957 6.982957 6.982957 0.999667 0.999667 0.999667
3490 6.982957 6.982957 6.982957 0.999667 0.999667 0.999667
3500 6.982957 6.982957 6.982957 0.999667 0.999667 0.999667
3510 6.982957 6.982957 6.982957 0.999667 0.999667 0.999667
3520 6.982957 6.982957 6.982957 0.999667 0.999667 0.999667
3530 6.982957 6.982957 6.982957 0.999667 0.999667 0.999667
3540 6.982957 6.982957 6.982957 0.999667 0.999667 0.999667
3550 6.982957 6.982957 6.982957 0.999667 0.999667 0.999667
3560 6.982957 6.982957 6.982957 0.999667 0.999667 0.999667
3570 6.982957 6.982957 6.982957 0.999667 0.999667 0.999667
3580 6.982957 6.982957 6.982957 0.999667 0.999667 0.999667
3590 6.982957 6.982957 6.982957 0.999667 0.999667 0.999667
3600 6.982957 6.982957 6.982957 0.999667 0.999667 0.999667
3610 6.982957 6.982957 6.982957 0.999667 0.999667 0.999667
3620 6.982957 6.982957 6.982957 0.999667 0.999667 0.999667
3630 6.982957 6.982957 6.982957 0.999667 0.999667 0.999667
3640 6.982957 6.982957 6.982957 0.999667 0.999667 0.999667
3650 6.982957 6.982957 6.982957 0.999667 0.999667 0.999667
3660 6.982957 6.982957 6.982957 0.999667 0.999667 0.999667
3670 6.982957 6.982957 6.982957 0.999667 0.999667 0.999667
3680 6.982957 6.982957 6.982957 0.999667 0.999667 0.999667
3690 6.982957 6.982957 6.982957 0.999667 0.999667 0.999667
3700 6.982957 6.982957 6.982957 0.999667 0.999667 0.999667
3710 6.982957 6.982957 6.982957 0.999667 0.999667 0.999667
3720 6.982957 6.982957 6.982957 0.999667 0.999667 0.999667
3730 6.982957 6.982957 6.982957 0.999667 0.999667 0.999667
3740 6.982957 6.982957 6.982957 0.999667 0.999667 0.999667
3750 6.982957 6.982957 6.982957 0.999667 0.999667 0.999667
3760 6.982957 6.982957 6.982957 0.999667 0.999667 0.999667
3770 6.982957 6.982957 6.982957 0.999667 0.999667 0.999667
3780 6.982957 6.982957 6.982957 0.999667 0.999667 0.999667
3790 6.982957 6.982957 6.982957 0.999667 0.999667 0.999667
3800 6.982957 6.982957 6.982957 0.999667 0.999667 0.999667
3810 6.982957 6.982957 6.982957 0.999667 0.999667 0.999667
3820 6.982957 6.982957 6.982957 0.999667 0.999667 0.999667
3830 6.982957 6.982957 6.982957 0.999667 0.999667 0.999667
3840 6.982957 6.982957 6.982957 0.999667 0.999667 0.999667
3850 6.982957 6.982957 6.982957 0.999667 0.999667 0.999667
3860 6.982957 6.982957 6.982957 0.999667 0.999667 0.999667
3870 6.982957 6.982957 6.982957 0.999667 0.999667 0.999667
3880 6.982957 6.982957 6.982957 0.999667 0.999667 0.999667
3890 6.982957 6.982957 6.982957 0.999667 0.999667 0.999667
3900 6.982957 6.982957 6.982957 0.999667 0.999667 0.999667
3910 6.982957 6.982957 6.982957 0.999667 0.999667 0.999667
3920 6.982957 6.982957 6.982957 0.999667 0.999667 0.999667
3930 6.982957 6.982957 6.982957 0.999667 0.999667 0.999667
3940 6.982957 6.982957 6.982957 0.999667 0.999667 0.999667
3950 6.982957 6.982957 6.982957 0.999667 0.999667 0.999667
3960 6.982957 6.982957 6.982957 0.999667 0.999667 0.999667
3970 6.982957 6.982957 6.982957 0.999667 0.999667 0.999667
3980 6.982957 6.982957 6.982957 0.999667 0.999667 0.999667
3990 6.982957 6.982957 6.982957 0.999667 0.999667 0.999667
4000 6.982957 6.982957 6.982957 0.999667 0.999667 0.999667
4010 6.982957 6.982957 6.982957 0.999667 0.999667 0.999667
4020 6.982957 6.982957 6.982957 0.999667 0.999667 0.999667
4030 6.982957 6.982957 6.982957 0.999667 0.999667 0.999667
4040 6.982957 6.982957 6.982957 0.999667 0.999667 0.999667
4050 6.982957 6.982957 6.982957 0.999667 0.999667 0.999667
4060 6.982957 6.982957 6.982957 0.999667 0.999667 0.999667
4070 6.982957 6.982957 6.982957 0.999667 0.999667 0.999667
4080 6.982957 6.982957 6.982957 0.999667 0.999667 0.999667
4090 6.982957 6.982957 6.982957 0.999667 0.999667 0.999667
4100 6.982957 6.982957 6.982957 0.999667 0.999667 0.999667
4110 6.982957 6.982957 6.982957 0.999667 0.999667 0.999667
4120 6.982957 6.982957 6.982957 0.999667 0.999667 0.999667
4130 6.982957 6.982957 6.982957 0.999667 0.999667 0.999667
4140 6.982957 6.982957 6.982957 0.999667 0.999667 0.999667
4150 6.982957 6.982957 6.982957 0.999667 0.999667 0.999667
4160 6.982957 6.982957 6.982957 0.999667 0.999667 0.999667
4170 6.982957 6.982957 6.982957 0.999667 0.999667 0.999667
4180 6.982957 6.982957 6.982957 0.999667 0.999667 0.999667
4190 6.982957 6.982957 6.982957 0.999667 0.999667 0.999667
4200 6.982957 6.982957 6.982957 0.999667 0.999667 0.999667
4210 6.982957 6.982957 6.982957 0.999667 0.999667 0.999667
4220 6.982957 6.982957 6.982957 0.999667 0.999667 0.999667
4230 6.982957 6.982957 6.982957 0.999667 0.999667 0.999667
4240 6.982957 6.982957 6.982957 0.999667 0.999667 0.999667
4250 6.982957 6.982957 6.982957 0.999667 0.999667 0.999667
4260 6.982957 6.982957 6.982957 0.999667 0.999667 0.999667
4270 6.982957 6.982957 6.982957 0.999667 0.999667 0.999667
4280 6.982957 6.982957 6.982957 0.999667 0.999667 0.999667
4290 6.982957 6.982957 6.982957 0.999667 0.999667 0.999667
4300 6.982957 6.982957 6.982957 0.999667 0.999667 0.999667
4310 6.982957 6.982957 6.982957 0.999667 0.999667 0.999667
4320 6.982957 6.982957 6.982957 0.999667 0.999667 0.999667
4330 6.982957 6.982957 6.982957 0.999667 0.999667 0.999667
4340 6.982957 6.982957 6.982957 0.999667 0.999667 0.999667
4350 6.982957 6.982957 6.982957 0.999667 0.999667 0.999667
4360 6.982957 6.982957 6.982957 0.999667 0.999667 0.999667
4370 6.982957 6.982957 6.982957 0.999667 0.999667 0.999667
4380 6.982957 6.982957 6.982957 0.999667 0.999667 0.999667
4390 6.982957 6.982957 6.982957 0.999667 0.999667 0.999667
4400 6.982957 6.982957 6.982957 0.999667 0.999667 0.999667
4410 6.982957 6.982957 6.982957 0.999667 0.999667 0.999667
4420 6.982957 6.982957 6.982957 0.999667 0.999667 0.999667
4430 6.982957 6.982957 6.982957 0.999667 0.999667 0.999667
4440 6.982957 6.982957 6.982957 0.999667 0.999667 0.999667
4450 6.982957 6.982957 6.982957 0.999667 0.999667 0.999667
4460 6.982957 6.982957 6.982957 0.999667 0.999667 0.999667
4470 6.982957 6.982957 6.982957 0.999667 0.999667 0.999667
4480 6.982957 6.982957 6.982957 0.999667 0.999667 0.999667
4490 6.982957 6.982957 6.982957 0.999667 0.999667 0.999667
4500 6.982957 6.982957 6.982957 0.999667 0.999667 0.999667
4510 6.982957 6.982957 6.982957 0.999667 0.999667 0.999667
4520 6.982957 6.982957 6.982957 0.999667 0.999667 0.999667
4530 6.982957 6.982957 6.982957 0.999667 0.999667 0.999667
4540 6.982957 6.982957 6.982957 0.999667 0.999667 0.999667
4550 6.982957 6.982957 6.982957 0.999667 0.999667 0.999667
4560 6.982957 6.982957 6.982957 0.999667 0.999667 0.999667
4570 6.982957 6.982957 6.982957 0.999667 0.999667 0.999667
4580 6.982957 6.982957 6.982957 0.999667 0.999667 0.999667
4590 6.982957 6.982957 6.982957 0.999667 0.999667 0.999667
4600 6.982957 6.982957 6.982957 0.999667 0.999667 0.999667
4610 6.982957 6.982957 6.982957 0.999667 0.999667 0.999667
4620 6.982957 6.982957 6.982957 0.999667 0.999667 0.999667
4630 6.982957 6.982957 6.982957 0.999667 0.999667 0.999667
4640 6.982957 6.982957 6.982957 0.999667 0.999667 0.999667
4650 6.982957 6.982957 6.982957 0.999667 0.999667 0.999667
4660 6.982957 6.982957 6.982957 0.999667 0.999667 0.999667
4670 6.982957 6.982957 6.982957 0.999667 0.999667 0.999667
4680 6.982957 6.982957 6.982957 0.999667 0.999667 0.999667
4690 6.982957 6.982957 6.982957 0.999667 0.999667 0.999667
4700 6.982957 6.982957 6.982957 0.999667 0.999667 0.999667
4710 6.982957 6.982957 6.982957 0.999667 0.999667 0.999667
4720 6.982957 6.982957 6.982957 0.999667 0.999667 0.999667
4730 6.982957 6.982957 6.982957 0.999667 0.999667 0.999667
4740 6.982957 6.982957 6.982957 0.999667 0.999667 0.999667
4750 6.982957 6.982957 6.982957 0.999667 0.999667 0.999667
4760 6.982957 6.982957 6.982957 0.999667 0.999667 0.999667
4770 6.982957 6.982957 6.982957 0.999667 0.999667 0.999667
4780 6.982957 6.982957 6.982957 0.999667 0.999667 0.999667
4790 6.982957 6.982957 6.982957 0.999667 0.999667 0.999667
4800 6.982957 6.982957 6.982957 0.999667 0.999667 0.999667
4810 6.982957 6.982957 6.982957 0.999667 0.999667 0.999667
4820 6.982957 6.982957 6.982957 0.999667 0.999667 0.999667
4830 6.982957 6.982957 6.982957 0.999667 0.999667 0.999667
4840 6.982957 6.982957 6.982957 0.999667 0.999667 0.999667
4850 6.982957 6.982957 6.982957 0.999667 0.999667 0.999667
4860 6.982957 6.982957 6.982957 0.999667 0.999667 0.999667
4870 6.982957 6.982957 6.982957 0.999667 0.999667 0.999667
4880 6.982957 6.982957 6.982957 0.999667 0.999667 0.999667
4890 6.982957 6.982957 6.982957 0.999667 0.999667 0.999667
4900 6.982957 6.982957 6.982957 0.999667 0.999667 0.999667
4910 6.982957 6.982957 6.982957 0.999667 0.999667 0.999667
4920 6.982957 6.982957 6.982957 0.999667 0.999667 0.999667
4930 6.982957 6.982957 6.982957 0.999667 0.999667 0.999667
4940 6.982957 6.982957 6.982957 0.999667 0.999667 0.999667
4950 6.982957 6.982957 6.982957 0.999667 0.999667 0.999667
4960 6.982957 6.982957 6.982957 0.999667 0.999667 0.999667
4970 6.982957 6.982957 6.982957 0.999667 0.999667 0.999667
4980 6.982957 6.982957 6.982957 0.999667 0.999667 0.999667
4990 6.982957 6.982957 6.982957 0.999667 0.999667 0.999667
5000 6.982957 6.982957 6.982957 0.999667 0.999667 0.999667
5010 6.982957 6.982957 6.982957 0.999667 0.999667 0.999667
5020 6.982957 6.982957 6.982957 0.999667 0.999667 0.999667
5030 6.982957 6.982957 6.982957 0.999667 0.999667 0.999667
5040 6.982957 6.982957 6.982957 0.999667 0.999667 0.999667
5050 6.982957 6.982957 6.982957 0.999667 0.999667 0.999667
5060 6.982957 6.982957 6.982957 0.999667 0.999667 0.999667
5070 6.982957 6.982957 6.982957 0.999667 0.999667 0.999667
5080 6.982957 6.982957 6.982957 0.999667 0.999667 0.999667
5090 6.982957 6.982957 6.982957 0.999667 0.999667 0.999667
5100 6.982957 6.982957 6.982957 0.999667 0.999667 0.999667
5110 6.982957 6.982957 6.982957 0.999667 0.999667 0.999667
5120 6.982957 6.982957 6.982957 0.999667 0.999667 0.999667
5130 6.982957 6.982957 6.982957 0.999667 0.999667 0.999667
5140 6.982957 6.982957 6.982957 0.999667 0.999667 0.999667
5150 6.982957 6.982957 6.982957 0.999667 0.999667 0.999667
5160 6.982957 6.982957 6.982957 0.999667 0.999667 0.999667
5170 6.982957 6.982957 6.982957 0.999667 0.999667 0.999667
5180 6.982957 6.982957 6.982957 0.999667 0.999667 0.999667
5190 6.982957 6.982957 6.982957 0.999667 0.999667 0.999667
5200 6.982957 6.982957 6.982957 0.999667 0.999667 0.999667
5210 6.982957 6.982957 6.982957 0.999667 0.999667 0.999667
5220 6.982957 6.982957 6.982957 0.999667 0.999667 0.999667
5230 6.982957 6.982957 6.982957 0.999667 0.999667 0.999667
5240 6.982957 6.982957 6.982957 0.999667 0.999667 0.999667
5250 6.982957 6.982957 6.982957 0.999667 0.999667 0.999667
5260 6.982957 6.982957 6.982957 0.999667 0.999667 0.999667
5270 6.982957 6.982957 6.982957 0.999667 0.999667 0.999667
5280 6.982957 6.982957 6.982957 0.999667 0.999667 0.999667
5290 6.982957 6.982957 6.982957 0.999667 0.999667 0.999667
5300 6.982957 6.982957 6.982957 0.999667 0.999667 0.999667
5310 6.982957 6.982957 6.982957 0.999667 0.999667 0.999667
5320 6.982957 6.982957 6.982957 0.999667 0.999667 0.999667
5330 6.982957 6.982957 6.982957 0.999667 0.999667 0.999667
5340 6.982957 6.982957 6.982957 0.999667 0.999667 0.999667
5350 6.982957 6.982957 6.982957 0.999667 0.999667 0.999667
5360 6.982957 6.982957 6.982957 0.999667 0.999667 0.999667
5370 6.982957 6.982957 6.982957 0.999667 0.999667 0.999667
5380 6.982957 6.982957 6.982957 0.999667 0.999667 0.999667
5390 6.982957 6.982957 6.982957 0.999667 0.999667 0.999667
5400 6.982957 6.982957 6.982957 0.999667 0.999667 0.999667
5410 6.982957 6.982957 6.982957 0.999667 0.999667 0.999667
5420 6.982957 6.982957 6.982957 0.999667 0.999667 0.999667
5430 6.982957 6.982957 6.982957 0.999667 0.999667 0.999667
5440 6.982957 6.982957 6.982957 0.999667 0.999667 0.999667
5450 6.982957 6.982957 6.982957 0.999667 0.999667 0.999667
5460 6.982957 6.982957 6.982957 0.999667 0.999667 0.999667
5470 6.982957 6.982957 6.982957 0.999667 0.999667 0.999667
5480 6.982957 6.982957 6.982957 0.999667 0.999667 0.999667
5490 6.982957 6.982957 6.982957 0.999667 0.999667 0.999667
5500 6.982957 6.982957 6.982957 0.999667 0.999667 0.999667
5510 6.982957 6.982957 6.982957 0.999667 0.999667 0.999667
5520 6.982957 6.982957 6.982957 0.999667 0.999667 0.999667
5530 6.982957 6.982957 6.982957 0.999667 0.999667 0.999667
5540 6.982957 6.982957 6.982957 0.999667 0.999667 0.999667
5550 6.982957 6.982957 6.982957 0.999667 0.999667 0.999667
5560 6.982957 6.982957 6.982957 0.999667 0.999667 0.999667
5570 6.982957 6.982957 6.982957 0.999667 0.999667 0.999667
5580 6.982957 6.982957 6.982957 0.999667 0.999667 0.999667
5590 6.982957 6.982957 6.982957 0.999667 0.999667 0.999667
5600 6.982957 6.982957 6.982957 0.999667 0.999667 0.999667
5610 6.982957 6.982957 6.982957 0.999667 0.999667 0.999667
5620 6.982957 6.982957 6.982957 0.999667 0.999667 0.999667
5630 6.982957 6.982957 6.982957 0.999667 0.999667 0.999667
5640 6.982957 6.982957 6.982957 0.999667 0.999667 0.999667
5650 6.982957 6.982957 6.982957 0.999667 0.999667 0.999667
5660 6.982957 6.982957 6.982957 0.999667 0.999667 0.999667
5670 6.982957 6.982957 6.982957 0.999667 0.999667 0.999667
5680 6.982957 6.982957 6.982957 0.999667 0.999667 0.999667
5690 6.982957 6.982957 6.982957 0.999667 0.999667 0.999667
5700 6.982957 6.982957 6.982957 0.999667 0.999667 0.999667
5710 6.982957 6.982957 6.982957 0.999667 0.999667 0.999667
5720 6.982957 6.982957 6.982957 0.999667 0.999667 0.999667
5730 6.982957 6.982957 6.982957 0.999667 0.999667 0.999667
5740 6.982957 6.982957 6.982957 0.999667 0.999667 0.999667
5750 6.982957 6.982957 6.982957 0.999667 0.999667 0.999667
5760 6.982957 6.982957 6.982957 0.999667 0.999667 0.999667
5770 6.982957 6.982957 6.982957 0.999667 0.999667 0.999667
5780 6.982957 6.982957 6.982957 0.999667 0.999667 0.999667
5790 6.982957 6.982957 6.982957 0.999667 0.999667 0.999667
5800 6.982957 6.982957 6.982957 0.999667 0.999667 0.999667
5810 6.982957 6.982957 6.982957 0.999667 0.999667 0.999667
5820 6.982957 6.982957 6.982957 0.999667 0.999667 0.999667
5830 6.982957 6.982957 6.982957 0.999667 0.999667 0.999667
5840 6.982957 6.982957 6.982957 0.999667 0.999667 0.999667
5850 6.982957 6.982957 6.982957 0.999667 0.999667 0.999667
5860 6.982957 6.982957 6.982957 0.999667 0.999667 0.999667
5870 6.982957 6.982957 6.982957 0.999667 0.999667 0.999667
5880 6.982957 6.982957 6.982957 0.999667 0.999667 0.999667
5890 6.982957 6.982957 6.982957 0.999667 0.999667 0.999667
5900 6.982957 6.982957 6.982957 0.999667 0.999667 0.999667
5910 6.982957 6.982957 6.982957 0.999667 0.999667 0.999667
5920 6.982957 6.982957 6.982957 0.999667 0.999667 0.999667
5930 6.982957 6.982957 6.982957 0.999667 0.999667 0.999667
5940 6.982957 6.982957 6.982957 0.999667 0.999667 0.999667
5950 6.982957 6.982957 6.982957 0.999667 0.999667 0.999667
5960 6.982957 6.982957 6.982957 0.999667 0.999667 0.999667
5970 6.982957 6.982957 6.982957 0.999667 0.999667 0.999667
5980 6.982957 6.982957 6.982957 0.999667 0.999667 0.999667
5990 6.982957 6.982957 6.982957 0.999667 0.999667 0.999667
6000 6.982957 6.982957 6.982957 0.999667 0.999667 0.999667
6010 6.982957 6.982957 6.982957 0.999667 0.999667 0.999667
6020 6.982957 6.982957 6.982957 0.999667 0.999667 0.999667
6030 6.982957 6.982957 6.982957 0.999667 0.999667 0.999667
6040 6.982957 6.982957 6.982957 0.999667 0.999667 0.999667
6050 6.982957 6.982957 6.982957 0.999667 0.999667 0.999667
6060 6.982957 6.982957 6.982957 0.999667 0.999667 0.999667
6070 6.982957 6.982957 6.982957 0.999667 0.999667 0.999667
6080 6.982957 6.982957 6.982957 0.999667 0.999667 0.999667
6090 6.982957 6.982957 6.982957 0.999667 0.999667 0.999667
6100 6.982957 6.982957 6.982957 0.999667 0.999667 0.999667
6110 6.982957 6.982957 6.982957 0.999667 0.999667 0.999667
6120 6.982957 6.982957 6.982957 0.999667 0.999667 0.999667
6130 6.982957 6.982957 6.982957 0.999667 0.999667 0.999667
6140 6.982957 6.982957 6.982957 0.999667 0.999667 0.999667
6150 6.982957 6.982957 6.982957 0.999667 0.999667 0.999667
6160 6.982957 6.982957 6.982957 0.999667 0.999667 0.999667
6170 6.982957 6.982957 6.982957 0.999667 0.999667 0.999667
6180 6.982957 6.982957 6.982957 0.999667 0.999667 0.999667
6190 6.982957 6.982957 6.982957 0.999667 0.999667 0.999667
6200 6.982957 6.982957 6.982957 0.999667 0.999667 0.999667
6210 6.982957 6.982957 6.982957 0.999667 0.999667 0.999667
6220 6.982957 6.982957 6.982957 0.999667 0.999667 0.999667
6230 6.982957 6.982957 6.982957 0.999667 0.999667 0.999667
6240 6.982957 6.982957 6.982957 0.999667 0.999667 0.999667
6250 6.982957 6.982957 6.982957 0.999667 0.999667 0.999667
6260 6.982957 6.982957 6.982957 0.999667 0.999667 0.999667
6270 6.982957 6.982957 6.982957 0.999667 0.999667 0.999667
6280 6.982957 6.982957 6.982957 0.999667 0.999667 0.999667
6290 6.982957 6.982957 6.982957 0.999667 0.999667 0.999667
6300 6.982957 6.982957 6.982957 0.999667 0.999667 0.999667
6310 6.982957 6.982957 6.982957 0.999667 0.999667 0.999667
6320 6.982957 6.982957 6.982957 0.999667 0.999667 0.999667
6330 6.982957 6.982957 6.982957 0.999667 0.999667 0.999667
6340 6.982957 6.982957 6.982957 0.999667 0.999667 0.999667
6350 6.982957 6.982957 6.982957 0.999667 0.999667 0.999667
6360 6.982957 6.982957 6.982957 0.999667 0.999667 0.999667
6370 6.982957 6.982957 6.982957 0.999667 0.999667 0.999667
6380 6.982957 6.982957 6.982957 0.999667 0.999667 0.999667
6390 6.982957 6.982957 6.982957 0.999667 0.999667 0.999667
6400 6.982957 6.982957 6.982957 0.999667 0.999667 0.999667
6410 6.982957 6.982957 6.982957 0.999667 0.999667 0.999667
6420 6.982957 6.982957 6.982957 0.999667 0.999667 0.999667
6430 6.982957 6.982957 6.982957 0.999667 0.999667 0.999667
6440 6.982957 6.982957 6.982957 0.999667 0.999667 0.999667
6450 6.982957 6.982957 6.982957 0.999667 0.999667 0.999667
6460 6.982957 6.982957 6.982957 0.999667 0.999667 0.999667
6470 6.982957 6.982957 6.982957 0.999667 0.999667 0.999667
6480 6.982957 6.982957 6.982957 0.999667 0.999667 0.999667
6490 6.982957 6.982957 6.982957 0.999667 0.999667 0.999667
6500 6.982957 6.982957 6.982957 0.999667 0.999667 0.999667
6510 6.982957 6.982957 6.982957 0.999667 0.999667 0.999667
6520 6.982957 6.982957 6.982957 0.999667 0.999667 0.999667
6530 6.982957 6.982957 6.982957 0.999667 0.999667 0.999667
6540 6.982957 6.982957 6.982957 0.999667 0.999667 0.999667
6550 6.982957 6.982957 6.982957 0.999667 0.999667 0.999667
6560 6.982957 6.982957 6.982957 0.999667 0.999667 0.999667
6570 6.982957 6.982957 6.982957 0.999667 0.999667 0.999667
6580 6.982957 6.982957 6.982957 0.999667 0.999667 0.999667
6590 6.982957 6.982957 6.982957 0.999667 0.999667 0.999667
6600 6.982957 6.982957 6.982957 0.999667 0.999667 0.999667
6610 6.982957 6.982957 6.982957 0.999667 0.999667 0.999667
6620 6.982957 6.982957 6.982957 0.999667 0.999667 0.999667
6630 6.982957 6.982957 6.982957 0.999667 0.999667 0.999667
6640 6.982957 6.982957 6.982957 0.999667 0.999667 0.999667
6650 6.982957 6.982957 6.982957 0.999667 0.999667 0.999667
6660 6.982957 6.982957 6.982957 0.999667 0.999667 0.999667
6670 6.982957 6.982957 6.982957 0.999667 0.999667 0.999667
6680 6.982957 6.982957 6.982957 0.999667 0.999667 0.999667
6690 6.982957 6.982957 6.982957 0.999667 0.999667 0.999667
6700 6.982957 6.982957 6.982957 0.999667 0.999667 0.999667
6710 6.982957 6.982957 6.982957 0.999667 0.999667 0.999667
6720 6.982957 6.982957 6.982957 0.999667 0.999667 0.999667
6730 6.982957 6.982957 6.982957 0.999667 0.999667 0.999667
6740 6.982957 6.982957 6.982957 0.999667 0.999667 0.999667
6750 6.982957 6.982957 6.982957 0.999667 0.999667 0.999667
6760 6.982957 6.982957 6.982957 0.999667 0.999667 0.999667
6770 6.982957 6.982957 6.982957 0.999667 0.999667 0.999667
6780 6.982957 6.982957 6.982957 0.999667 0.999667 0.999667
6790 6.982957 6.982957 6.982957 0.999667 0.999667 0.999667
6800 6.982957 6.982957 6.982957 0.999667 0.999667 0.999667
6810 6.982957 6.982957 6.982957 0.999667 0.999667 0.999667
6820 6.982957 6.982957 6.982957 0.999667 0.999667 0.999667
6830 6.982957 6.982957 6.982957 0.999667 0.999667 0.999667
6840 6.982957 6.982957 6.982957 0.999667 0.999667 0.999667
6850 6.982957 6.982957 6.982957 0.999667 0.999667 0.999667
6860 6.982957 6.982957 6.982957 0.999667 0.999667 0.999667
6870 6.982957 6.982957 6.982957 0.999667 0.999667 0.999667
6880 6.982957 6.982957 6.982957 0.999667 0.999667 0.999667
6890 6.982957 6.982957 6.982957 0.999667 0.999667 0.999667
6900 6.982957 6.982957 6.982957 0.999667 0.999667 0.999667
6910 6.982957 6.982957 6.982957 0.999667 0.999667 0.999667
6920 6.982957 6.982957 6.982957 0.999667 0.999667 0.999667
6930 6.982957 6.982957 6.982957 0.999667 0.999667 0.999667
6940 6.982957 6.982957 6.982957 0.999667 0.999667 0.999667
6950 6.982957 6.982957 6.982957 0.999667 0.999667 0.999667
6960 6.982957 6.982957 6.982957 0.999667 0.999667 0.999667
6970 6.982957 6.982957 6.982957 0.999667 0.999667 0.999667
6980 6.982957 6.982957 6.982957 0.999667 0.999667 0.999667
6990 6.982957 6.982957 6.982957 0.999667 0.999667 0.999667
7000 6.982957 6.982957 6.982957 0.999667 0.999667 0.999667
7010 6.982957 6.982957 6.982957 0.999667 0.999667 0.999667
7020 6.982957 6.982957 6.982957 0.999667 0.999667 0.999667
7030 6.982957 6.982957 6.982957 0.999667 0.999667 0.999667
7040 6.982957 6.982957 6.982957 0.999667 0.999667 0.999667
7050 6.982957 6.982957 6.982957 0.999667 0.999667 0.999667
7060 6.982957 6.982957 6.982957 0.999667 0.999667 0.999667
7070 6.982957 6.982957 6.982957 0.999667 0.999667 0.999667
7080 6.982957 6.982957 6.982957 0.999667 0.999667 0.999667
7090 6.982957 6.982957 6.982957 0.999667 0.999667 0.999667
7100 6.982957 6.982957 6.982957 0.999667 0.999667 0.999667
7110 6.982957 6.982957 6.982957 0.999667 0.999667 0.999667
7120 6.982957 6.982957 6.982957 0.999667 0.999667 0.999667
7130 6.982957 6.982957 6.982957 0.999667 0.999667 0.999667
7140 6.982957 6.982957 6.982957 0.999667 0.999667 0.999667
7150 6.982957 6.982957 6.982957 0.999667 0.999667 0.999667
7160 6.982957 6.982957 6.982957 0.999667 0.999667 0.999667
7170 6.982957 6.982957 6.982957 0.999667 0.999667 0.999667
7180 6.982957 6.982957 6.982957 0.999667 0.999667 0.999667
7190 6.982957 6.982957 6.982957 0.999667 0.999667 0.999667
7200 6.982957 6.982957 6.982957 0.999667 0.999667 0.999667
7210 6.982957 6.982957 6.982957 0.999667 0.999667 0.999667
7220 6.982957 6.982957 6.982957 0.999667 0.999667 0.999667
7230 6.982957 6.982957 6.982957 0.999667 0.999667 0.999667
7240 6.982957 6.982957 6.982957 0.999667 0.999667 0.999667
7250 6.982957 6.982957 6.982957 0.999667 0.999667 0.999667
7260 6.982957 6.982957 6.982957 0.999667 0.999667 0.999667
7270 6.982957 6.982957 6.982957 0.999667 0.999667 0.999667
7280 6.982957 6.982957 6.982957 0.999667 0.999667 0.999667
7290 6.982957 6.982957 6.982957 0.999667 0.999667 0.999667
7300 6.982957 6.982957 6.982957 0.999667 0.999667 0.999667
7310 6.982957 6.982957 6.982957 0.999667 0.999667 0.999667
7320 6.982957 6.982957 6.982957 0.999667 0.999667 0.999667
7330 6.982957 6.982957 6.982957 0.999667 0.999667 0.999667
7340 6.982957 6.982957 6.982957 0.999667 0.999667 0.999667
7350 6.982957 6.982957 6.982957 0.999667 0.999667 0.999667
7360 6.982957 6.982957 6.982957 0.999667 0.999667 0.999667
7370 6.982957 6.982957 6.982957 0.999667 0.999667 0.999667
7380 6.982957 6.982957 6.982957 0.999667 0.999667 0.999667
7390 6.982957 6.982957 6.982957 0.999667 0.999667 0.999667
7400 6.982957 6.982957 6.982957 0.999667 0.999667 0.999667
7410 6.982957 6.982957 6.982957 0.999667 0.999667 0.999667
7420 6.982957 6.982957 6.982957 0.999667 0.999667 0.999667
7430 6.982957 6.982957 6.982957 0.999667 0.999667 0.999667
7440 6.982957 6.982957 6.982957 0.999667 0.999667 0.999667
7450 6.982957 6.982957 6.982957 0.999667 0.999667 0.999667
7460 6.982957 6.982957 6.982957 0.999667 0.999667 0.999667
7470 6.982957 6.982957 6.982957 0.999667 0.999667 0.999667
7480 6.982957 6.982957 6.982957 0.999667 0.999667 0.999667
7490 6.982957 6.982957 6.982957 0.999667 0.999667 0.999667
7500 6.982957 6.982957 6.982957 0.999667 0.999667 0.999667
7510 6.982957 6.982957 6.982957 0.999667 0.999667 0.999667
7520 6.982957 6.982957 6.982957 0.999667 0.999667 0.999667
7530 6.982957 6.982957 6.982957 0.999667 0.999667 0.999667
7540 6.982957 6.982957 6.982957 0.999667 0.999667 0.999667
7550 6.982957 6.982957 6.982957 0.999667 0.999667 0.999667
7560 6.982957 6.982957 6.982957 0.999667 0.999667 0.999667
7570 6.982957 6.982957 6.982957 0.999667 0.999667 0.999667
7580 6.982957 6.982957 6.982957 0.999667 0.999667 0.999667
7590 6.982957 6.982957 6.982957 0.999667 0.999667 0.999667
7600 6.982957 6.982957 6.982957 0.999667 0.999667 0.999667
7610 6.982957 6.982957 6.982957 0.999667 0.999667 0.999667
7620 6.982957 6.982957 6.982957 0.999667 0.999667 0.999667
7630 6.982957 6.982957 6.982957 0.999667 0.999667 0.999667
7640 6.982957 6.982957 6.982957 0.999667 0.999667 0.999667
7650 6.982957 6.982957 6.982957 0.999667 0.999667 0.999667
7660 6.982957 6.982957 6.982957 0.999667 0.999667 0.999667
7670 6.982957 6.982957 6.982957 0.999667 0.999667 0.999667
7680 6.982957 6.982957 6.982957 0.999667 0.999667 0.999667
7690 6.982957 6.982957 6.982957 0.999667 0.999667 0.999667
7700 6.982957 6.982957 6.982957 0.999667 0.999667 0.999667
7710 6.982957 6.982957 6.982957 0.999667 0.999667 0.999667
7720 6.982957 6.982957 6.982957 0.999667 0.999667 0.999667
7730 6.982957 6.982957 6.982957 0.999667 0.999667 0.999667
7740 6.982957 6.982957 6.982957 0.999667 0.999667 0.999667
7750 6.982957 6.982957 6.982957 0.999667 0.999667 0.999667
7760 6.982957 6.982957 6.982957 0.999667 0.999667 0.999667
7770 6.982957 6.982957 6.982957 0.999667 0.999667 0.999667
7780 6.982957 6.982957 6.982957 0.999667 0.999667 0.999667
7790 6.982957 6.982957 6.982957 0.999667 0.999667 0.999667
7800 6.982957 6.982957 6.982957 0.999667 0.999667 0.999667
7810 6.982957 6.982957 6.982957 0.999667 0.999667 0.999667
7820 6.982957 6.982957 6.982957 0.999667 0.999667 0.999667
7830 6.982957 6.982957 6.982957 0.999667 0.999667 0.999667
7840 6.982957 6.982957 6.982957 0.999667 0.999667 0.999667
7850 6.982957 6.982957 6.982957 0.999667 0.999667 0.999667
7860 6.982957 6.982957 6.982957 0.999667 0.999667 0.999667
7870 6.982957 6.982957 6.982957 0.999667 0.999667 0.999667
7880 6.982957 6.982957 6.982957 0.999667 0.999667 0.999667
7890 6.982957 6.982957 6.982957 0.999667 0.999667 0.999667
7900 6.982957 6.982957 6.982957 0.999667 0.999667 0.999667
7910 6.982957 6.982957 6.982957 0.999667 0.999667 0.999667
7920 6.982957 6.982957 6.982957 0.999667 0.999667 0.999667
7930 6.982957 6.982957 6.982957 0.999667 0.999667 0.999667
7940 6.982957 6.982957 6.982957 0.999667 0.999667 0.999667
7950 6.982957 6.982957 6.982957 0.999667 0.999667 0.999667
7960 6.982957 6.982957 6.982957 0.999667 0.999667 0.999667
7970 6.982957 6.982957 6.982957 0.999667 0.999667 0.999667
7980 6.982957 6.982957 6.982957 0.999667 0.999667 0.999667
7990 6.982957 6.982957 6.982957 0.999667 0.999667 0.999667
8000 6.982957 6.982957 6.982957 0.999667 0.999667 0.999667
8010 6.982957 6.982957 6.982957 0.999667 0.999667 0.999667
8020 6.982957 6.982957 6.982957 0.999667 0.999667 0.999667
8030 6.982957 6.982957 6.982957 0.999667 0.999667 0.999667
8040 6.982957 6.982957 6.982957 0.999667 0.999667 0.999667
8050 6.982957 6.982957 6.982957 0.999667 0.999667 0.999667
8060 6.982957 6.982957 6.982957 0.999667 0.999667 0.999667
8070 6.982957 6.982957 6.982957 0.999667 0.999667 0.999667
8080 6.982957 6.982957 6.982957 0.999667 0.999667 0.999667
8090 6.982957 6.982957 6.982957 0.999667 0.999667 0.999667
8100 6.982957 6.982957 6.982957 0.999667 0.999667 0.999667
8110 6.982957 6.982957 6.982957 0.999667 0.999667 0.999667
8120 6.982957 6.982957 6.982957 0.999667 0.999667 0.999667
8130 6.982957 6.982957 6.982957 0.999667 0.999667 0.999667
8140 6.982957 6.982957 6.982957 0.999667 0.999667 0.999667
8150 6.982957 6.982957 6.982957 0.999667 0.999667 0.999667
8160 6.982957 6.982957 6.982957 0.999667 0.999667 0.999667
8170 6.982957 6.982957 6.982957 0.999667 0.999667 0.999667
8180 6.982957 6.982957 6.982957 0.999667 0.999667 0.999667
8190 6.982957 6.982957 6.982957 0.999667 0.999667 0.999667
8200 6.982957 6.982957 6.982957 0.999667 0.999667 0.999667
8210 6.982957 6.982957 6.982957 0.999667 0.999667 0.999667
8220 6.982957 6.982957 6.982957 0.999667 0.999667 0.999667
8230 6.982957 6.982957 6.982957 0.999667 0.999667 0.999667
8240 6.982957 6.982957 6.982957 0.999667 0.999667 0.999667
8250 6.982957 6.982957 6.982957 0.999667 0.999667 0.999667
8260 6.982957 6.982957 6.982957 0.999667 0.999667 0.999667
8270 6.982957 6.982957 6.982957 0.999667 0.999667 0.999667
8280 6.982957 6.982957 6.982957 0.999667 0.999667 0.999667
8290 6.982957 6.982957 6.982957 0.999667 0.999667 0.999667
8300 6.982957 6.982957 6.982957 0.999667 0.999667 0.999667
8310 6.982957 6.982957 6.982957 0.999667 0.999667 0.999667
8320 6.982957 6.982957 6.982957 0.999667 0.999667 0.999667
8330 6.982957 6.982957 6.982957 0.999667 0.999667 0.999667
8340 6.982957 6.982957 6.982957 0.999667 0.999667 0.999667
8350 6.982957 6.982957 6.982957 0.999667 0.999667 0.999667
8360 6.982957 6.982957 6.982957 0.999667 0.999667 0.999667
8370 6.982957 6.982957 6.982957 0.999667 0.999667 0.999667
8380 6.982957 6.982957 6.982957 0.999667 0.999667 0.999667
8390 6.982957 6.982957 6.982957 0.999667 0.999667 0.999667
8400 6.982957 6.982957 6.982957 0.999667 0.999667 0.999667
8410 6.982957 6.982957 6.982957 0.999667 0.999667 0.999667
8420 6.982957 6.982957 6.982957 0.999667 0.999667 0.999667
8430 6.982957 6.982957 6.982957 0.999667 0.999667 0.999667
8440 6.982957 6.982957 6.982957 0.999667 0.999667 0.999667
8450 6.982957 6.982957 6.982957 0.999667 0.999667 0.999667
8460 6.982957 6.982957 6.982957 0.999667 0.999667 0.999667
8470 6.982957 6.982957 6.982957 0.999667 0.999667 0.999667
8480 6.982957 6.982957 6.982957 0.999667 0.999667 0.999667
8490 6.982957 6.982957 6.982957 0.999667 0.999667 0.999667
8500 6.982957 6.982957 6.982957 0.999667 0.999667 0.999667
8510 6.982957 6.982957 6.982957 0.999667 0.999667 0.999667
8520 6.982957 6.982957 6.982957 0.999667 0.999667 0.999667
8530 6.982957 6.982957 6.982957 0.999667 0.999667 0.999667
8540 6.982957 6.982957 6.982957 0.999667 0.999667 0.999667
8550 6.982957 6.982957 6.982957 0.999667 0.999667 0.999667
8560 6.982957 6.982957 6.982957 0.999667 0.999667 0.999667
8570 6.982957 6.982957 6.982957 0.999667 0.999667 0.999667
8580 6.982957 6.982957 6.982957 0.999667 0.999667 0.999667
8590 6.982957 6.982957 6.982957 0.999667 0.999667 0.999667
8600 6.982957 6.982957 6.982957 0.999667 0.999667 0.999667
8610 6.982957 6.982957 6.982957 0.999667 0.999667 0.999667
8620 6.982957 6.982957 6.982957 0.999667 0.999667 0.999667
8630 6.982957 6.982957 6.982957 0.999667 0.999667 0.999667
8640 6.982957 6.982957 6.982957 0.999667 0.999667 0.999667
8650 6.982957 6.982957 6.982957 0.999667 0.999667 0.999667
8660 6.982957 6.982957 6.982957 0.999667 0.999667 0.999667
8670 6.982957 6.982957 6.982957 0.999667 0.999667 0.999667
8680 6.982957 6.982957 6.982957 0.999667 0.999667 0.999667
8690 6.982957 6.982957 6.982957 0.999667 0.999667 0.999667
8700 6.982957 6.982957 6.982957 0.999667 0.999667 0.999667
8710 6.982957 6.982957 6.982957 0.999667 0.999667 0.999667
8720 6.982957 6.982957 6.982957 0.999667 0.999667 0.999667
8730 6.982957 6.982957 6.982957 0.999667 0.999667 0.999667
8740 6.982957 6.982957 6.982957 0.999667 0.999667 0.999667
8750 6.982957 6.982957 6.982957 0.999667 0.999667 0.999667
8760 6.982957 6.982957 6.982957 0.999667 0.999667 0.999667
8770 6.982957 6.982957 6.982957 0.999667 0.999667 0.999667
8780 6.982957 6.982957 6.982957 0.999667 0.999667 0.999667
8790 6.982957 6.982957 6.982957 0.999667 0.999667 0.999667
8800 6.982957 6.982957 6.982957 0.999667 0.999667 0.999667
8810 6.982957 6.982957 6.982957 0.999667 0.999667 0.999667
8820 6.982957 6.982957 6.982957 0.999667 0.999667 0.999667
8830 6.982957 6.982957 6.982957 0.999667 0.999667 0.999667
8840 6.982957 6.982957 6.982957 0.999667 0.999667 0.999667
8850 6.982957 6.982957 6.982957 0.999667 0.999667 0.999667
8860 6.982957 6.982957 6.982957 0.999667 0.999667 0.999667
8870 6.982957 6.982957 6.982957 0.999667 0.999667 0.999667
8880 6.982957 6.982957 6.982957 0.999667 0.999667 0.999667
8890 6.982957 6.982957 6.982957 0.999667 0.999667 0.999667
8900 6.982957 6.982957 6.982957 0.999667 0.999667 0.999667
8910 6.982957 6.982957 6.982957 0.999667 0.999667 0.999667
8920 6.982957 6.982957 6.982957 0.999667 0.999667 0.999667
8930 6.982957 6.982957 6.982957 0.999667 0.999667 0.999667
8940 6.982957 6.982957 6.982957 0.999667 0.999667 0.999667
8950 6.982957 6.982957 6.982957 0.999667 0.999667 0.999667
8960 6.982957 6.982957 6.982957 0.999667 0.999667 0.999667
8970 6.982957 6.982957 6.982957 0.999667 0.999667 0.999667
8980 6.982957 6.982957 6.982957 0.999667 0.999667 0.999667
8990 6.982957 6.982957 6.982957 0.999667 0.999667 0.999667
9000 6.982957 6.982957 6.982957 0.999667 0.999667 0.999667
9010 6.982957 6.982957 6.982957 0.999667 0.999667 0.999667
9020 6.982957 6.982957 6.982957 0.999667 0.999667 0.999667
9030 6.982957 6.982957 6.982957 0.999667 0.999667 0.999667
9040 6.982957 6.982957 6.982957 0.999667 0.999667 0.999667
9050 6.982957 6.982957 6.982957 0.999667 0.999667 0.999667
9060 6.982957 6.982957 6.982957 0.999667 0.999667 0.999667
9070 6.982957 6.982957 6.982957 0.999667 0.999667 0.999667
9080 6.982957 6.982957 6.982957 0.999667 0.999667 0.999667
9090 6.982957 6.982957 6.982957 0.999667 0.999667 0.999667
9100 6.982957 6.982957 6.982957 0.999667 0.999667 0.999667
9110 6.982957 6.982957 6.982957 0.999667 0.999667 0.999667
9120 6.982957 6.982957 6.982957 0.999667 0.999667 0.999667
9130 6.982957 6.982957 6.982957 0.999667 0.999667 0.999667
9140 6.982957 6.982957 6.982957 0.999667 0.999667 0.999667
9150 6.982957 6.982957 6.982957 0.999667 0.999667 0.999667
9160 6.982957 6.982957 6.982957 0.999667 0.999667 0.999667
9170 6.982957 6.982957 6.982957 0.999667 0.999667 0.999667
9180 6.982957 6.982957 6.982957 0.999667 0.999667 0.999667
9190 6.982957 6.982957 6.982957 0.999667 0.999667 0.999667
9200 6.982957 6.982957 6.982957 0.999667 0.999667 0.999667
9210 6.982957 6.982957 6.982957 0.999667 0.999667 0.999667
9220 6.982957 6.982957 6.982957 0.999667 0.999667 0.999667
9230 6.982957 6.982957 6.982957 0.999667 0.999667 0.999667
9240 6.982957 6.982957 6.982957 0.999667 0.999667 0.999667
9250 6.982957 6.982957 6.982957 0.999667 0.999667 0.999667
9260 6.982957 6.982957 6.982957 0.999667 0.999667 0.999667
9270 6.982957 6.982957 6.982957 0.999667 0.999667 0.999667
9280 6.982957 6.982957 6.982957 0.999667 0.999667 0.999667
9290 6.982957 6.982957 6.982957 0.999667 0.999667 0.999667
9300 6.982957 6.982957 6.982957 0.999667 0.999667 0.999667
9310 6.982957 6.982957 6.982957 0.999667 0.999667 0.999667
9320 6.982957 6.982957 6.982957 0.999667 0.999667 0.999667
9330 6.982957 6.982957 6.982957 0.999667 0.999667 0.999667
9340 6.982957 6.982957 6.982957 0.999667 0.999667 0.999667
9350 6.982957 6.982957 6.982957 0.999667 0.999667 0.999667
9360 6.982957 6.982957 6.982957 0.999667 0.999667 0.999667
9370 6.982957 6.982957 6.982957 0.999667 0.999667 0.999667
9380 6.982957 6.982957 6.982957 0.999667 0.999667 0.999667
9390 6.982957 6.982957 6.982957 0.999667 0.999667 0.999667
9400 6.982957 6.982957 6.982957 0.999667 0.999667 0.999667
9410 6.982957 6.982957 6.982957 0.999667 0.999667 0.999667
9420 6.982957 6.982957 6.982957 0.999667 0.999667 0.999667
9430 6.982957 6.982957 6.982957 0.999667 0.999667 0.999667
9440 6.982957 6.982957 6.982957 0.999667 0.999667 0.999667
9450 6.982957 6.982957 6.982957 0.999667 0.999667 0.999667
9460 6.982957 6.982957 6.982957 0.999667 0.999667 0.999667
9470 6.982957 6.982957 6.982957 0.999667 0.999667 0.999667
9480 6.982957 6.982957 6.982957 0.999667 0.999667 0.999667
9490 6.982957 6.982957 6.982957 0.999667 0.999667 0.999667
9500 6.982957 6.982957 6.982957 0.999667 0.999667 0.999667
9510 6.982957 6.982957 6.982957 0.999667 0.999667 0.999667
9520 6.982957 6.982957 6.982957 0.999667 0.999667 0.999667
9530 6.982957 6.982957 6.982957 0.999667 0.999667 0.999667
9540 6.982957 6.982957 6.982957 0.999667 0.999667 0.999667
9550 6.982957 6.982957 6.982957 0.999667 0.999667 0.999667
9560 6.982957 6.982957 6.982957 0.999667 0.999667 0.999667
9570 6.982957 6.982957 6.982957 0.999667 0.999667 0.999667
9580 6.982957 6.982957 6.982957 0.999667 0.999667 0.999667
9590 6.982957 6.982957 6.982957 0.999667 0.999667 0.999667
9600 6.982957 6.982957 6.982957 0.999667 0.999667 0.999667
9610 6.982957 6.982957 6.982957 0.999667 0.999667 0.999667
9620 6.982957 6.982957 6.982957 0.999667 0.999667 0.999667
9630 6.982957 6.982957 6.982957 0.999667 0.999667 0.999667
9640 6.982957 6.982957 6.982957 0.999667 0.999667 0.999667
9650 6.982957 6.982957 6.982957 0.999667 0.999667 0.999667
9660 6.982957 6.982957 6.982957 0.999667 0.999667 0.999667
9670 6.982957 6.982957 6.982957 0.999667 0.999667 0.999667
9680 6.982957 6.982957 6.982957 0.999667 0.999667 0.999667
9690 6.982957 6.982957 6.982957 0.999667 0.999667 0.999667
9700 6.982957 6.982957 6.982957 0.999667 0.999667 0.999667
9710 6.982957 6.982957 6.982957 0.999667 0.999667 0.999667
9720 6.982957 6.982957 6.982957 0.999667 0.999667 0.999667
9730 6.982957 6.982957 6.982957 0.999667 0.999667 0.999667
9740 6.982957 6.982957 6.982957 0.999667 0.999667 0.999667
9750 6.982957 6.982957 6.982957 0.999667 0.999667 0.999667
9760 6.982957 6.982957 6.982957 0.999667 0.999667 0.999667
9770 6.982957 6.982957 6.982957 0.999667 0.999667 0.999667
9780 6.982957 6.982957 6.982957 0.999667 0.999667 0.999667
9790 6.982957 6.982957 6.982957 0.999667 0.999667 0.999667
9800 6.982957 6.982957 6.982957 0.999667 0.999667 0.999667
9810 6.982957 6.982957 6.982957 0.999667 0.999667 0.999667
9820 6.982957 6.982957 6.982957 0.999667 0.999667 0.999667
9830 6.982957 6.982957 6.982957 0.999667 0.999667 0.999667
9840 6.982957 6.982957 6.982957 0.999667 0.999667 0.999667
9850 6.982957 6.982957 6.982957 0.999667 0.999667 0.999667
9860 6.982957 6.982957 6.982957 0.999667 0.999667 0.999667
9870 6.982957 6.982957 6.982957 0.999667 0.999667 0.999667
9880 6.982957 6.982957 6.982957 0.999667 0.999667 0.999667
9890 6.982957 6.982957 6.982957 0.999667 0.999667 0.999667
9900 6.982957 6.982957 6.982957 0.999667 0.999667 0.999667
9910 6.982957 6.982957 6.982957 0.999667 0.999667 0.999667
9920 6.982957 6.982957 6.982957 0.999667 0.999667 0.999667
9930 6.982957 6.982957 6.982957 0.999667 0.999667 0.999667
9940 6.982957 6.982957 6.982957 0.999667 0.999667 0.999667
9950 6.982957 6.982957 6.982957 0.999667 0.999667 0.999667
9960 6.982957 6.982957 6.982957 0.999667 0.999667 0.999667
9970 6.982957 6.982957 6.982957 0.999667 0.999667 0.999667
9980 6.982957 6.982957 6.982957 0.999667 0.999667 0.999667
9990 6.982957 6.982957 6.982957 0.999667 0.999667 0.999667
10000 6.982957 6.982957 6.982957 0.999667 0.999667 0.999667
