# generation power_min power_avg power_max util_min util_avg util_max
1 16.229462 17.124038 18.424954 0.227752 0.235951 0.242265
10 16.173773 16.987585 17.823612 0.230701 0.236722 0.242265
20 16.022403 16.859891 17.614030 0.232705 0.237508 0.242265
30 16.022403 16.764203 17.436563 0.233450 0.238048 0.242265
40 15.891406 16.657354 17.200324 0.235069 0.238658 0.243847
50 15.868360 16.558129 17.088017 0.235133 0.239209 0.243847
60 15.770812 16.454755 16.960042 0.235745 0.239823 0.243847
70 15.490845 16.352902 16.855642 0.236521 0.240366 0.244643
80 15.381810 16.252259 16.738559 0.237056 0.240875 0.245084
90 15.316373 16.155193 16.684453 0.237554 0.241403 0.245706
100 15.316373 16.054163 16.592526 0.237554 0.241948 0.246678
110 15.163116 15.951931 16.464636 0.238649 0.242511 0.247737
120 15.163116 15.843810 16.405081 0.239337 0.243094 0.247766
130 15.104488 15.741360 16.317904 0.239713 0.243606 0.247766
140 15.002576 15.645818 16.186722 0.240285 0.244135 0.248535
150 14.919348 15.552206 16.098660 0.240871 0.244734 0.248807
160 14.896368 15.463221 15.949820 0.242029 0.245323 0.248807
170 14.896368 15.383368 15.891406 0.242362 0.245787 0.248807
180 14.896368 15.308363 15.779617 0.242473 0.246273 0.248807
190 14.878743 15.238750 15.619150 0.244033 0.246749 0.249208
200 14.698055 15.177511 15.507985 0.244519 0.247155 0.249548
210 14.675892 15.121571 15.394723 0.245084 0.247554 0.249886
220 14.675892 15.078138 15.326291 0.245589 0.247834 0.249886
230 14.675892 15.036615 15.316373 0.245589 0.248124 0.249886
240 14.675892 14.993359 15.163116 0.246776 0.248394 0.249886
250 14.675892 14.961802 15.163116 0.246776 0.248525 0.249886
260 14.611997 14.921190 15.147201 0.246776 0.248708 0.250134
270 14.611997 14.882670 15.122511 0.246776 0.248865 0.250134
280 14.546949 14.845435 15.002576 0.247364 0.249054 0.251220
290 14.546949 14.817259 14.993362 0.247364 0.249150 0.251220
300 14.546949 14.788669 14.941822 0.248381 0.249291 0.251220
310 14.546949 14.762657 14.941822 0.248381 0.249413 0.251220
320 14.546949 14.737547 14.919348 0.248605 0.249531 0.251220
330 14.546949 14.717668 14.865416 0.248605 0.249609 0.251220
340 14.546949 14.702479 14.822640 0.248940 0.249661 0.251220
350 14.546949 14.692005 14.758809 0.249547 0.249702 0.251220
360 14.546949 14.684430 14.727432 0.249547 0.249705 0.251220
370 14.546949 14.678274 14.698055 0.249547 0.249731 0.251220
380 14.546949 14.674059 14.698055 0.249547 0.249764 0.251220
390 14.546949 14.666624 14.698055 0.249547 0.249818 0.251220
400 14.546949 14.659560 14.698055 0.249547 0.249874 0.251220
410 14.509939 14.650747 14.698055 0.249547 0.249946 0.251220
420 14.509939 14.641907 14.698055 0.249547 0.250012 0.251220
430 14.509939 14.631080 14.698055 0.249547 0.250091 0.251220
440 14.509939 14.621580 14.681151 0.249677 0.250158 0.251220
450 14.493035 14.612675 14.675892 0.249886 0.250208 0.251220
460 14.493035 14.601631 14.675892 0.249886 0.250273 0.251220
470 14.491684 14.590436 14.611997 0.250134 0.250340 0.251220
480 14.491684 14.582126 14.611997 0.250134 0.250412 0.251220
490 14.491684 14.575914 14.611997 0.250134 0.250467 0.251220
500 14.491684 14.569362 14.611997 0.250134 0.250524 0.251220
510 14.446224 14.558011 14.611997 0.250134 0.250615 0.251622
520 14.411788 14.548558 14.595996 0.250264 0.250680 0.251622
530 14.411788 14.538399 14.595094 0.250264 0.250749 0.251622
540 14.411788 14.527751 14.595094 0.250264 0.250832 0.251622
550 14.411788 14.516467 14.590482 0.250474 0.250913 0.251622
560 14.411788 14.505636 14.589835 0.250474 0.250974 0.251622
570 14.411788 14.495040 14.572931 0.250604 0.251032 0.251622
580 14.364977 14.483832 14.526766 0.250830 0.251080 0.251949
590 14.364977 14.479034 14.509939 0.250830 0.251105 0.251949
600 14.364977 14.473599 14.509939 0.250830 0.251137 0.251949
610 14.364977 14.466964 14.493035 0.250960 0.251173 0.251949
620 14.364977 14.460223 14.493035 0.250960 0.251217 0.251949
630 14.364977 14.452663 14.493035 0.250960 0.251265 0.251949
640 14.364977 14.445214 14.493035 0.250960 0.251304 0.251949
650 14.364977 14.435684 14.493035 0.250960 0.251357 0.251949
660 14.364977 14.426155 14.493035 0.250960 0.251410 0.251949
670 14.364977 14.415758 14.491684 0.250960 0.251477 0.251949
680 14.364977 14.407701 14.446224 0.251378 0.251516 0.251949
690 14.364977 14.400981 14.446224 0.251378 0.251534 0.251949
700 14.364977 14.396808 14.411788 0.251378 0.251561 0.251949
710 14.364977 14.393063 14.411788 0.251378 0.251606 0.251949
720 14.364977 14.388850 14.411788 0.251378 0.251658 0.251949
730 14.364977 14.384169 14.411788 0.251378 0.251715 0.251949
740 14.364977 14.379488 14.411788 0.251378 0.251772 0.251949
750 14.364977 14.374807 14.411788 0.251378 0.251829 0.251949
760 14.364977 14.370126 14.411788 0.251378 0.251887 0.251949
770 14.364977 14.365445 14.411788 0.251378 0.251944 0.251949
780 14.364977 14.364977 14.364977 0.251949 0.251949 0.251949
790 14.364977 14.364977 14.364977 0.251949 0.251949 0.251949
800 14.364977 14.364977 14.364977 0.251949 0.251949 0.251949
810 14.364977 14.364977 14.364977 0.251949 0.251949 0.251949
820 14.364977 14.364977 14.364977 0.251949 0.251949 0.251949
830 14.364977 14.364977 14.364977 0.251949 0.251949 0.251949
840 14.364977 14.364977 14.364977 0.251949 0.251949 0.251949
850 14.364977 14.364977 14.364977 0.251949 0.251949 0.251949
860 14.364977 14.364977 14.364977 0.251949 0.251949 0.251949
870 14.364977 14.364977 14.364977 0.251949 0.251949 0.251949
880 14.364977 14.364977 14.364977 0.251949 0.251949 0.251949
890 14.364977 14.364977 14.364977 0.251949 0.251949 0.251949
900 14.364977 14.364977 14.364977 0.251949 0.251949 0.251949
910 14.364977 14.364977 14.364977 0.251949 0.251949 0.251949
920 14.364977 14.364977 14.364977 0.251949 0.251949 0.251949
930 14.364977 14.364977 14.364977 0.251949 0.251949 0.251949
940 14.364977 14.364977 14.364977 0.251949 0.251949 0.251949
950 14.364977 14.364977 14.364977 0.251949 0.251949 0.251949
960 14.364977 14.364977 14.364977 0.251949 0.251949 0.251949
970 14.364977 14.364977 14.364977 0.251949 0.251949 0.251949
980 14.364977 14.364977 14.364977 0.251949 0.251949 0.251949
990 14.364977 14.364977 14.364977 0.251949 0.251949 0.251949
1000 14.364977 14.364977 14.364977 0.251949 0.251949 0.251949
1010 14.364977 14.364977 14.364977 0.251949 0.251949 0.251949
1020 14.364977 14.364977 14.364977 0.251949 0.251949 0.251949
1030 14.364977 14.364977 14.364977 0.251949 0.251949 0.251949
1040 14.364977 14.364977 14.364977 0.251949 0.251949 0.251949
1050 14.364977 14.364977 14.364977 0.251949 0.251949 0.251949
1060 14.364977 14.364977 14.364977 0.251949 0.251949 0.251949
1070 14.364977 14.364977 14.364977 0.251949 0.251949 0.251949
1080 14.364977 14.364977 14.364977 0.251949 0.251949 0.251949
1090 14.364977 14.364977 14.364977 0.251949 0.251949 0.251949
1100 14.364977 14.364977 14.364977 0.251949 0.251949 0.251949
1110 14.364977 14.364977 14.364977 0.251949 0.251949 0.251949
1120 14.364977 14.364977 14.364977 0.251949 0.251949 0.251949
1130 14.364977 14.364977 14.364977 0.251949 0.251949 0.251949
1140 14.364977 14.364977 14.364977 0.251949 0.251949 0.251949
1150 14.364977 14.364977 14.364977 0.251949 0.251949 0.251949
1160 14.364977 14.364977 14.364977 0.251949 0.251949 0.251949
1170 14.364977 14.364977 14.364977 0.251949 0.251949 0.251949
1180 14.364977 14.364977 14.364977 0.251949 0.251949 0.251949
1190 14.364977 14.364977 14.364977 0.251949 0.251949 0.251949
1200 14.364977 14.364977 14.364977 0.251949 0.251949 0.251949
1210 14.364977 14.364977 14.364977 0.251949 0.251949 0.251949
1220 14.364977 14.364977 14.364977 0.251949 0.251949 0.251949
1230 14.364977 14.364977 14.364977 0.251949 0.251949 0.251949
1240 14.364977 14.364977 14.364977 0.251949 0.251949 0.251949
1250 14.364977 14.364977 14.364977 0.251949 0.251949 0.251949
1260 14.364977 14.364977 14.364977 0.251949 0.251949 0.251949
1270 14.364977 14.364977 14.364977 0.251949 0.251949 0.251949
1280 14.364977 14.364977 14.364977 0.251949 0.251949 0.251949
1290 14.364977 14.364977 14.364977 0.251949 0.251949 0.251949
1300 14.364977 14.364977 14.364977 0.251949 0.251949 0.251949
1310 14.364977 14.364977 14.364977 0.251949 0.251949 0.251949
1320 14.364977 14.364977 14.364977 0.251949 0.251949 0.251949
1330 14.364977 14.364977 14.364977 0.251949 0.251949 0.251949
1340 14.364977 14.364977 14.364977 0.251949 0.251949 0.251949
1350 14.364977 14.364977 14.364977 0.251949 0.251949 0.251949
1360 14.364977 14.364977 14.364977 0.251949 0.251949 0.251949
1370 14.364977 14.364977 14.364977 0.251949 0.251949 0.251949
1380 14.364977 14.364977 14.364977 0.251949 0.251949 0.251949
1390 14.364977 14.364977 14.364977 0.251949 0.251949 0.251949
1400 14.364977 14.364977 14.364977 0.251949 0.251949 0.251949
1410 14.364977 14.364977 14.364977 0.251949 0.251949 0.251949
1420 14.364977 14.364977 14.364977 0.251949 0.251949 0.251949
1430 14.364977 14.364977 14.364977 0.251949 0.251949 0.251949
1440 14.364977 14.364977 14.364977 0.251949 0.251949 0.251949
1450 14.364977 14.364977 14.364977 0.251949 0.251949 0.251949
1460 14.364977 14.364977 14.364977 0.251949 0.251949 0.251949
1470 14.364977 14.364977 14.364977 0.251949 0.251949 0.251949
1480 14.364977 14.364977 14.364977 0.251949 0.251949 0.251949
1490 14.364977 14.364977 14.364977 0.251949 0.251949 0.251949
1500 14.364977 14.364977 14.364977 0.251949 0.251949 0.251949
1510 14.364977 14.364977 14.364977 0.251949 0.251949 0.251949
1520 14.364977 14.364977 14.364977 0.251949 0.251949 0.251949
1530 14.364977 14.364977 14.364977 0.251949 0.251949 0.251949
1540 14.364977 14.364977 14.364977 0.251949 0.251949 0.251949
1550 14.364977 14.364977 14.364977 0.251949 0.251949 0.251949
1560 14.364977 14.364977 14.364977 0.251949 0.251949 0.251949
1570 14.364977 14.364977 14.364977 0.251949 0.251949 0.251949
1580 14.364977 14.364977 14.364977 0.251949 0.251949 0.251949
1590 14.364977 14.364977 14.364977 0.251949 0.251949 0.251949
1600 14.364977 14.364977 14.364977 0.251949 0.251949 0.251949
1610 14.364977 14.364977 14.364977 0.251949 0.251949 0.251949
1620 14.364977 14.364977 14.364977 0.251949 0.251949 0.251949
1630 14.364977 14.364977 14.364977 0.251949 0.251949 0.251949
1640 14.364977 14.364977 14.364977 0.251949 0.251949 0.251949
1650 14.364977 14.364977 14.364977 0.251949 0.251949 0.251949
1660 14.364977 14.364977 14.364977 0.251949 0.251949 0.251949
1670 14.364977 14.364977 14.364977 0.251949 0.251949 0.251949
1680 14.364977 14.364977 14.364977 0.251949 0.251949 0.251949
1690 14.364977 14.364977 14.364977 0.251949 0.251949 0.251949
1700 14.364977 14.364977 14.364977 0.251949 0.251949 0.251949
1710 14.364977 14.364977 14.364977 0.251949 0.251949 0.251949
1720 14.364977 14.364977 14.364977 0.251949 0.251949 0.251949
1730 14.364977 14.364977 14.364977 0.251949 0.251949 0.251949
1740 14.364977 14.364977 14.364977 0.251949 0.251949 0.251949
1750 14.364977 14.364977 14.364977 0.251949 0.251949 0.251949
1760 14.364977 14.364977 14.364977 0.251949 0.251949 0.251949
1770 14.364977 14.364977 14.364977 0.251949 0.251949 0.251949
1780 14.364977 14.364977 14.364977 0.251949 0.251949 0.251949
1790 14.364977 14.364977 14.364977 0.251949 0.251949 0.251949
1800 14.364977 14.364977 14.364977 0.251949 0.251949 0.251949
1810 14.364977 14.364977 14.364977 0.251949 0.251949 0.251949
1820 14.364977 14.364977 14.364977 0.251949 0.251949 0.251949
1830 14.364977 14.364977 14.364977 0.251949 0.251949 0.251949
1840 14.364977 14.364977 14.364977 0.251949 0.251949 0.251949
1850 14.364977 14.364977 14.364977 0.251949 0.251949 0.251949
1860 14.364977 14.364977 14.364977 0.251949 0.251949 0.251949
1870 14.364977 14.364977 14.364977 0.251949 0.251949 0.251949
1880 14.364977 14.364977 14.364977 0.251949 0.251949 0.251949
1890 14.364977 14.364977 14.364977 0.251949 0.251949 0.251949
1900 14.364977 14.364977 14.364977 0.251949 0.251949 0.251949
1910 14.364977 14.364977 14.364977 0.251949 0.251949 0.251949
1920 14.364977 14.364977 14.364977 0.251949 0.251949 0.251949
1930 14.364977 14.364977 14.364977 0.251949 0.251949 0.251949
1940 14.364977 14.364977 14.364977 0.251949 0.251949 0.251949
1950 14.364977 14.364977 14.364977 0.251949 0.251949 0.251949
1960 14.364977 14.364977 14.364977 0.251949 0.251949 0.251949
1970 14.364977 14.364977 14.364977 0.251949 0.251949 0.251949
1980 14.364977 14.364977 14.364977 0.251949 0.251949 0.251949
1990 14.364977 14.364977 14.364977 0.251949 0.251949 0.251949
2000 14.364977 14.364977 14.364977 0.251949 0.251949 0.251949
2010 14.364977 14.364977 14.364977 0.251949 0.251949 0.251949
2020 14.364977 14.364977 14.364977 0.251949 0.251949 0.251949
2030 14.364977 14.364977 14.364977 0.251949 0.251949 0.251949
2040 14.364977 14.364977 14.364977 0.251949 0.251949 0.251949
2050 14.364977 14.364977 14.364977 0.251949 0.251949 0.251949
2060 14.364977 14.364977 14.364977 0.251949 0.251949 0.251949
2070 14.364977 14.364977 14.364977 0.251949 0.251949 0.251949
2080 14.364977 14.364977 14.364977 0.251949 0.251949 0.251949
2090 14.364977 14.364977 14.364977 0.251949 0.251949 0.251949
2100 14.364977 14.364977 14.364977 0.251949 0.251949 0.251949
2110 14.364977 14.364977 14.364977 0.251949 0.251949 0.251949
2120 14.364977 14.364977 14.364977 0.251949 0.251949 0.251949
2130 14.364977 14.364977 14.364977 0.251949 0.251949 0.251949
2140 14.364977 14.364977 14.364977 0.251949 0.251949 0.251949
2150 14.364977 14.364977 14.364977 0.251949 0.251949 0.251949
2160 14.364977 14.364977 14.364977 0.251949 0.251949 0.251949
2170 14.364977 14.364977 14.364977 0.251949 0.251949 0.251949
2180 14.364977 14.364977 14.364977 0.251949 0.251949 0.251949
2190 14.364977 14.364977 14.364977 0.251949 0.251949 0.251949
2200 14.364977 14.364977 14.364977 0.251949 0.251949 0.251949
2210 14.364977 14.364977 14.364977 0.251949 0.251949 0.251949
2220 14.364977 14.364977 14.364977 0.251949 0.251949 0.251949
2230 14.364977 14.364977 14.364977 0.251949 0.251949 0.251949
2240 14.364977 14.364977 14.364977 0.251949 0.251949 0.251949
2250 14.364977 14.364977 14.364977 0.251949 0.251949 0.251949
2260 14.364977 14.364977 14.364977 0.251949 0.251949 0.251949
2270 14.364977 14.364977 14.364977 0.251949 0.251949 0.251949
2280 14.364977 14.364977 14.364977 0.251949 0.251949 0.251949
2290 14.364977 14.364977 14.364977 0.251949 0.251949 0.251949
2300 14.364977 14.364977 14.364977 0.251949 0.251949 0.251949
2310 14.364977 14.364977 14.364977 0.251949 0.251949 0.251949
2320 14.364977 14.364977 14.364977 0.251949 0.251949 0.251949
2330 14.364977 14.364977 14.364977 0.251949 0.251949 0.251949
2340 14.364977 14.364977 14.364977 0.251949 0.251949 0.251949
2350 14.364977 14.364977 14.364977 0.251949 0.251949 0.251949
2360 14.364977 14.364977 14.364977 0.251949 0.251949 0.251949
2370 14.364977 14.364977 14.364977 0.251949 0.251949 0.251949
2380 14.364977 14.364977 14.364977 0.251949 0.251949 0.251949
2390 14.364977 14.364977 14.364977 0.251949 0.251949 0.251949
2400 14.364977 14.364977 14.364977 0.251949 0.251949 0.251949
2410 14.364977 14.364977 14.364977 0.251949 0.251949 0.251949
2420 14.364977 14.364977 14.364977 0.251949 0.251949 0.251949
2430 14.364977 14.364977 14.364977 0.251949 0.251949 0.251949
2440 14.364977 14.364977 14.364977 0.251949 0.251949 0.251949
2450 14.364977 14.364977 14.364977 0.251949 0.251949 0.251949
2460 14.364977 14.364977 14.364977 0.251949 0.251949 0.251949
2470 14.364977 14.364977 14.364977 0.251949 0.251949 0.251949
2480 14.364977 14.364977 14.364977 0.251949 0.251949 0.251949
2490 14.364977 14.364977 14.364977 0.251949 0.251949 0.251949
2500 14.364977 14.364977 14.364977 0.251949 0.251949 0.251949
2510 14.364977 14.364977 14.364977 0.251949 0.251949 0.251949
2520 14.364977 14.364977 14.364977 0.251949 0.251949 0.251949
2530 14.364977 14.364977 14.364977 0.251949 0.251949 0.251949
2540 14.364977 14.364977 14.364977 0.251949 0.251949 0.251949
2550 14.364977 14.364977 14.364977 0.251949 0.251949 0.251949
2560 14.364977 14.364977 14.364977 0.251949 0.251949 0.251949
2570 14.364977 14.364977 14.364977 0.251949 0.251949 0.251949
2580 14.364977 14.364977 14.364977 0.251949 0.251949 0.251949
2590 14.364977 14.364977 14.364977 0.251949 0.251949 0.251949
2600 14.364977 14.364977 14.364977 0.251949 0.251949 0.251949
2610 14.364977 14.364977 14.364977 0.251949 0.251949 0.251949
2620 14.364977 14.364977 14.364977 0.251949 0.251949 0.251949
2630 14.364977 14.364977 14.364977 0.251949 0.251949 0.251949
2640 14.364977 14.364977 14.364977 0.251949 0.251949 0.251949
2650 14.364977 14.364977 14.364977 0.251949 0.251949 0.251949
2660 14.364977 14.364977 14.364977 0.251949 0.251949 0.251949
2670 14.364977 14.364977 14.364977 0.251949 0.251949 0.251949
2680 14.364977 14.364977 14.364977 0.251949 0.251949 0.251949
2690 14.364977 14.364977 14.364977 0.251949 0.251949 0.251949
2700 14.364977 14.364977 14.364977 0.251949 0.251949 0.251949
2710 14.364977 14.364977 14.364977 0.251949 0.251949 0.251949
2720 14.364977 14.364977 14.364977 0.251949 0.251949 0.251949
2730 14.364977 14.364977 14.364977 0.251949 0.251949 0.251949
2740 14.364977 14.364977 14.364977 0.251949 0.251949 0.251949
2750 14.364977 14.364977 14.364977 0.251949 0.251949 0.251949
2760 14.364977 14.364977 14.364977 0.251949 0.251949 0.251949
2770 14.364977 14.364977 14.364977 0.251949 0.251949 0.251949
2780 14.364977 14.364977 14.364977 0.251949 0.251949 0.251949
2790 14.364977 14.364977 14.364977 0.251949 0.251949 0.251949
2800 14.364977 14.364977 14.364977 0.251949 0.251949 0.251949
2810 14.364977 14.364977 14.364977 0.251949 0.251949 0.251949
2820 14.364977 14.364977 14.364977 0.251949 0.251949 0.251949
2830 14.364977 14.364977 14.364977 0.251949 0.251949 0.251949
2840 14.364977 14.364977 14.364977 0.251949 0.251949 0.251949
2850 14.364977 14.364977 14.364977 0.251949 0.251949 0.251949
2860 14.364977 14.364977 14.364977 0.251949 0.251949 0.251949
2870 14.364977 14.364977 14.364977 0.251949 0.251949 0.251949
2880 14.364977 14.364977 14.364977 0.251949 0.251949 0.251949
2890 14.364977 14.364977 14.364977 0.251949 0.251949 0.251949
2900 14.364977 14.364977 14.364977 0.251949 0.251949 0.251949
2910 14.364977 14.364977 14.364977 0.251949 0.251949 0.251949
2920 14.364977 14.364977 14.364977 0.251949 0.251949 0.251949
2930 14.364977 14.364977 14.364977 0.251949 0.251949 0.251949
2940 14.364977 14.364977 14.364977 0.251949 0.251949 0.251949
2950 14.364977 14.364977 14.364977 0.251949 0.251949 0.251949
2960 14.364977 14.364977 14.364977 0.251949 0.251949 0.251949
2970 14.364977 14.364977 14.364977 0.251949 0.251949 0.251949
2980 14.364977 14.364977 14.364977 0.251949 0.251949 0.251949
2990 14.364977 14.364977 14.364977 0.251949 0.251949 0.251949
3000 14.364977 14.364977 14.364977 0.251949 0.251949 0.251949
3010 14.364977 14.364977 14.364977 0.251949 0.251949 0.251949
3020 14.364977 14.364977 14.364977 0.251949 0.251949 0.251949
3030 14.364977 14.364977 14.364977 0.251949 0.251949 0.251949
3040 14.364977 14.364977 14.364977 0.251949 0.251949 0.251949
3050 14.364977 14.364977 14.364977 0.251949 0.251949 0.251949
3060 14.364977 14.364977 14.364977 0.251949 0.251949 0.251949
3070 14.364977 14.364977 14.364977 0.251949 0.251949 0.251949
3080 14.364977 14.364977 14.364977 0.251949 0.251949 0.251949
3090 14.364977 14.364977 14.364977 0.251949 0.251949 0.251949
3100 14.364977 14.364977 14.364977 0.251949 0.251949 0.251949
3110 14.364977 14.364977 14.364977 0.251949 0.251949 0.251949
3120 14.364977 14.364977 14.364977 0.251949 0.251949 0.251949
3130 14.364977 14.364977 14.364977 0.251949 0.251949 0.251949
3140 14.364977 14.364977 14.364977 0.251949 0.251949 0.251949
3150 14.364977 14.364977 14.364977 0.251949 0.251949 0.251949
3160 14.364977 14.364977 14.364977 0.251949 0.251949 0.251949
3170 14.364977 14.364977 14.364977 0.251949 0.251949 0.251949
3180 14.364977 14.364977 14.364977 0.251949 0.251949 0.251949
3190 14.364977 14.364977 14.364977 0.251949 0.251949 0.251949
3200 14.364977 14.364977 14.364977 0.251949 0.251949 0.251949
3210 14.364977 14.364977 14.364977 0.251949 0.251949 0.251949
3220 14.364977 14.364977 14.364977 0.251949 0.251949 0.251949
3230 14.364977 14.364977 14.364977 0.251949 0.251949 0.251949
3240 14.364977 14.364977 14.364977 0.251949 0.251949 0.251949
3250 14.364977 14.364977 14.364977 0.251949 0.251949 0.251949
3260 14.364977 14.364977 14.364977 0.251949 0.251949 0.251949
3270 14.364977 14.364977 14.364977 0.251949 0.251949 0.251949
3280 14.364977 14.364977 14.364977 0.251949 0.251949 0.251949
3290 14.364977 14.364977 14.364977 0.251949 0.251949 0.251949
3300 14.364977 14.364977 14.364977 0.251949 0.251949 0.251949
3310 14.364977 14.364977 14.364977 0.251949 0.251949 0.251949
3320 14.364977 14.364977 14.364977 0.251949 0.251949 0.251949
3330 14.364977 14.364977 14.364977 0.251949 0.251949 0.251949
3340 14.364977 14.364977 14.364977 0.251949 0.251949 0.251949
3350 14.364977 14.364977 14.364977 0.251949 0.251949 0.251949
3360 14.364977 14.364977 14.364977 0.251949 0.251949 0.251949
3370 14.364977 14.364977 14.364977 0.251949 0.251949 0.251949
3380 14.364977 14.364977 14.364977 0.251949 0.251949 0.251949
3390 14.364977 14.364977 14.364977 0.251949 0.251949 0.251949
3400 14.364977 14.364977 14.364977 0.251949 0.251949 0.251949
3410 14.364977 14.364977 14.364977 0.251949 0.251949 0.251949
3420 14.364977 14.364977 14.364977 0.251949 0.251949 0.251949
3430 14.364977 14.364977 14.364977 0.251949 0.251949 0.251949
3440 14.364977 14.364977 14.364977 0.251949 0.251949 0.251949
3450 14.364977 14.364977 14.364977 0.251949 0.251949 0.251949
3460 14.364977 14.364977 14.364977 0.251949 0.251949 0.251949
3470 14.364977 14.364977 14.364977 0.251949 0.251949 0.251949
3480 14.364977 14.364977 14.364977 0.251949 0.251949 0.251949
3490 14.364977 14.364977 14.364977 0.251949 0.251949 0.251949
3500 14.364977 14.364977 14.364977 0.251949 0.251949 0.251949
3510 14.364977 14.364977 14.364977 0.251949 0.251949 0.251949
3520 14.364977 14.364977 14.364977 0.251949 0.251949 0.251949
3530 14.364977 14.364977 14.364977 0.251949 0.251949 0.251949
3540 14.364977 14.364977 14.364977 0.251949 0.251949 0.251949
3550 14.364977 14.364977 14.364977 0.251949 0.251949 0.251949
3560 14.364977 14.364977 14.364977 0.251949 0.251949 0.251949
3570 14.364977 14.364977 14.364977 0.251949 0.251949 0.251949
3580 14.364977 14.364977 14.364977 0.251949 0.251949 0.251949
3590 14.364977 14.364977 14.364977 0.251949 0.251949 0.251949
3600 14.364977 14.364977 14.364977 0.251949 0.251949 0.251949
3610 14.364977 14.364977 14.364977 0.251949 0.251949 0.251949
3620 14.364977 14.364977 14.364977 0.251949 0.251949 0.251949
3630 14.364977 14.364977 14.364977 0.251949 0.251949 0.251949
3640 14.364977 14.364977 14.364977 0.251949 0.251949 0.251949
3650 14.364977 14.364977 14.364977 0.251949 0.251949 0.251949
3660 14.364977 14.364977 14.364977 0.251949 0.251949 0.251949
3670 14.364977 14.364977 14.364977 0.251949 0.251949 0.251949
3680 14.364977 14.364977 14.364977 0.251949 0.251949 0.251949
3690 14.364977 14.364977 14.364977 0.251949 0.251949 0.251949
3700 14.364977 14.364977 14.364977 0.251949 0.251949 0.251949
3710 14.364977 14.364977 14.364977 0.251949 0.251949 0.251949
3720 14.364977 14.364977 14.364977 0.251949 0.251949 0.251949
3730 14.364977 14.364977 14.364977 0.251949 0.251949 0.251949
3740 14.364977 14.364977 14.364977 0.251949 0.251949 0.251949
3750 14.364977 14.364977 14.364977 0.251949 0.251949 0.251949
3760 14.364977 14.364977 14.364977 0.251949 0.251949 0.251949
3770 14.364977 14.364977 14.364977 0.251949 0.251949 0.251949
3780 14.364977 14.364977 14.364977 0.251949 0.251949 0.251949
3790 14.364977 14.364977 14.364977 0.251949 0.251949 0.251949
3800 14.364977 14.364977 14.364977 0.251949 0.251949 0.251949
3810 14.364977 14.364977 14.364977 0.251949 0.251949 0.251949
3820 14.364977 14.364977 14.364977 0.251949 0.251949 0.251949
3830 14.364977 14.364977 14.364977 0.251949 0.251949 0.251949
3840 14.364977 14.364977 14.364977 0.251949 0.251949 0.251949
3850 14.364977 14.364977 14.364977 0.251949 0.251949 0.251949
3860 14.364977 14.364977 14.364977 0.251949 0.251949 0.251949
3870 14.364977 14.364977 14.364977 0.251949 0.251949 0.251949
3880 14.364977 14.364977 14.364977 0.251949 0.251949 0.251949
3890 14.364977 14.364977 14.364977 0.251949 0.251949 0.251949
3900 14.364977 14.364977 14.364977 0.251949 0.251949 0.251949
3910 14.364977 14.364977 14.364977 0.251949 0.251949 0.251949
3920 14.364977 14.364977 14.364977 0.251949 0.251949 0.251949
3930 14.364977 14.364977 14.364977 0.251949 0.251949 0.251949
3940 14.364977 14.364977 14.364977 0.251949 0.251949 0.251949
3950 14.364977 14.364977 14.364977 0.251949 0.251949 0.251949
3960 14.364977 14.364977 14.364977 0.251949 0.251949 0.251949
3970 14.364977 14.364977 14.364977 0.251949 0.251949 0.251949
3980 14.364977 14.364977 14.364977 0.251949 0.251949 0.251949
3990 14.364977 14.364977 14.364977 0.251949 0.251949 0.251949
4000 14.364977 14.364977 14.364977 0.251949 0.251949 0.251949
4010 14.364977 14.364977 14.364977 0.251949 0.251949 0.251949
4020 14.364977 14.364977 14.364977 0.251949 0.251949 0.251949
4030 14.364977 14.364977 14.364977 0.251949 0.251949 0.251949
4040 14.364977 14.364977 14.364977 0.251949 0.251949 0.251949
4050 14.364977 14.364977 14.364977 0.251949 0.251949 0.251949
4060 14.364977 14.364977 14.364977 0.251949 0.251949 0.251949
4070 14.364977 14.364977 14.364977 0.251949 0.251949 0.251949
4080 14.364977 14.364977 14.364977 0.251949 0.251949 0.251949
4090 14.364977 14.364977 14.364977 0.251949 0.251949 0.251949
4100 14.364977 14.364977 14.364977 0.251949 0.251949 0.251949
4110 14.364977 14.364977 14.364977 0.251949 0.251949 0.251949
4120 14.364977 14.364977 14.364977 0.251949 0.251949 0.251949
4130 14.364977 14.364977 14.364977 0.251949 0.251949 0.251949
4140 14.364977 14.364977 14.364977 0.251949 0.251949 0.251949
4150 14.364977 14.364977 14.364977 0.251949 0.251949 0.251949
4160 14.364977 14.364977 14.364977 0.251949 0.251949 0.251949
4170 14.364977 14.364977 14.364977 0.251949 0.251949 0.251949
4180 14.364977 14.364977 14.364977 0.251949 0.251949 0.251949
4190 14.364977 14.364977 14.364977 0.251949 0.251949 0.251949
4200 14.364977 14.364977 14.364977 0.251949 0.251949 0.251949
4210 14.364977 14.364977 14.364977 0.251949 0.251949 0.251949
4220 14.364977 14.364977 14.364977 0.251949 0.251949 0.251949
4230 14.364977 14.364977 14.364977 0.251949 0.251949 0.251949
4240 14.364977 14.364977 14.364977 0.251949 0.251949 0.251949
4250 14.364977 14.364977 14.364977 0.251949 0.251949 0.251949
4260 14.364977 14.364977 14.364977 0.251949 0.251949 0.251949
4270 14.364977 14.364977 14.364977 0.251949 0.251949 0.251949
4280 14.364977 14.364977 14.364977 0.251949 0.251949 0.251949
4290 14.364977 14.364977 14.364977 0.251949 0.251949 0.251949
4300 14.364977 14.364977 14.364977 0.251949 0.251949 0.251949
4310 14.364977 14.364977 14.364977 0.251949 0.251949 0.251949
4320 14.364977 14.364977 14.364977 0.251949 0.251949 0.251949
4330 14.364977 14.364977 14.364977 0.251949 0.251949 0.251949
4340 14.364977 14.364977 14.364977 0.251949 0.251949 0.251949
4350 14.364977 14.364977 14.364977 0.251949 0.251949 0.251949
4360 14.364977 14.364977 14.364977 0.251949 0.251949 0.251949
4370 14.364977 14.364977 14.364977 0.251949 0.251949 0.251949
4380 14.364977 14.364977 14.364977 0.251949 0.251949 0.251949
4390 14.364977 14.364977 14.364977 0.251949 0.251949 0.251949
4400 14.364977 14.364977 14.364977 0.251949 0.251949 0.251949
4410 14.364977 14.364977 14.364977 0.251949 0.251949 0.251949
4420 14.364977 14.364977 14.364977 0.251949 0.251949 0.251949
4430 14.364977 14.364977 14.364977 0.251949 0.251949 0.251949
4440 14.364977 14.364977 14.364977 0.251949 0.251949 0.251949
4450 14.364977 14.364977 14.364977 0.251949 0.251949 0.251949
4460 14.364977 14.364977 14.364977 0.251949 0.251949 0.251949
4470 14.364977 14.364977 14.364977 0.251949 0.251949 0.251949
4480 14.364977 14.364977 14.364977 0.251949 0.251949 0.251949
4490 14.364977 14.364977 14.364977 0.251949 0.251949 0.251949
4500 14.364977 14.364977 14.364977 0.251949 0.251949 0.251949
4510 14.364977 14.364977 14.364977 0.251949 0.251949 0.251949
4520 14.364977 14.364977 14.364977 0.251949 0.251949 0.251949
4530 14.364977 14.364977 14.364977 0.251949 0.251949 0.251949
4540 14.364977 14.364977 14.364977 0.251949 0.251949 0.251949
4550 14.364977 14.364977 14.364977 0.251949 0.251949 0.251949
4560 14.364977 14.364977 14.364977 0.251949 0.251949 0.251949
4570 14.364977 14.364977 14.364977 0.251949 0.251949 0.251949
4580 14.364977 14.364977 14.364977 0.251949 0.251949 0.251949
4590 14.364977 14.364977 14.364977 0.251949 0.251949 0.251949
4600 14.364977 14.364977 14.364977 0.251949 0.251949 0.251949
4610 14.364977 14.364977 14.364977 0.251949 0.251949 0.251949
4620 14.364977 14.364977 14.364977 0.251949 0.251949 0.251949
4630 14.364977 14.364977 14.364977 0.251949 0.251949 0.251949
4640 14.364977 14.364977 14.364977 0.251949 0.251949 0.251949
4650 14.364977 14.364977 14.364977 0.251949 0.251949 0.251949
4660 14.364977 14.364977 14.364977 0.251949 0.251949 0.251949
4670 14.364977 14.364977 14.364977 0.251949 0.251949 0.251949
4680 14.364977 14.364977 14.364977 0.251949 0.251949 0.251949
4690 14.364977 14.364977 14.364977 0.251949 0.251949 0.251949
4700 14.364977 14.364977 14.364977 0.251949 0.251949 0.251949
4710 14.364977 14.364977 14.364977 0.251949 0.251949 0.251949
4720 14.364977 14.364977 14.364977 0.251949 0.251949 0.251949
4730 14.364977 14.364977 14.364977 0.251949 0.251949 0.251949
4740 14.364977 14.364977 14.364977 0.251949 0.251949 0.251949
4750 14.364977 14.364977 14.364977 0.251949 0.251949 0.251949
4760 14.364977 14.364977 14.364977 0.251949 0.251949 0.251949
4770 14.364977 14.364977 14.364977 0.251949 0.251949 0.251949
4780 14.364977 14.364977 14.364977 0.251949 0.251949 0.251949
4790 14.364977 14.364977 14.364977 0.251949 0.251949 0.251949
4800 14.364977 14.364977 14.364977 0.251949 0.251949 0.251949
4810 14.364977 14.364977 14.364977 0.251949 0.251949 0.251949
4820 14.364977 14.364977 14.364977 0.251949 0.251949 0.251949
4830 14.364977 14.364977 14.364977 0.251949 0.251949 0.251949
4840 14.364977 14.364977 14.364977 0.251949 0.251949 0.251949
4850 14.364977 14.364977 14.364977 0.251949 0.251949 0.251949
4860 14.364977 14.364977 14.364977 0.251949 0.251949 0.251949
4870 14.364977 14.364977 14.364977 0.251949 0.251949 0.251949
4880 14.364977 14.364977 14.364977 0.251949 0.251949 0.251949
4890 14.364977 14.364977 14.364977 0.251949 0.251949 0.251949
4900 14.364977 14.364977 14.364977 0.251949 0.251949 0.251949
4910 14.364977 14.364977 14.364977 0.251949 0.251949 0.251949
4920 14.364977 14.364977 14.364977 0.251949 0.251949 0.251949
4930 14.364977 14.364977 14.364977 0.251949 0.251949 0.251949
4940 14.364977 14.364977 14.364977 0.251949 0.251949 0.251949
4950 14.364977 14.364977 14.364977 0.251949 0.251949 0.251949
4960 14.364977 14.364977 14.364977 0.251949 0.251949 0.251949
4970 14.364977 14.364977 14.364977 0.251949 0.251949 0.251949
4980 14.364977 14.364977 14.364977 0.251949 0.251949 0.251949
4990 14.364977 14.364977 14.364977 0.251949 0.251949 0.251949
5000 14.364977 14.364977 14.364977 0.251949 0.251949 0.251949
5010 14.364977 14.364977 14.364977 0.251949 0.251949 0.251949
5020 14.364977 14.364977 14.364977 0.251949 0.251949 0.251949
5030 14.364977 14.364977 14.364977 0.251949 0.251949 0.251949
5040 14.364977 14.364977 14.364977 0.251949 0.251949 0.251949
5050 14.364977 14.364977 14.364977 0.251949 0.251949 0.251949
5060 14.364977 14.364977 14.364977 0.251949 0.251949 0.251949
5070 14.364977 14.364977 14.364977 0.251949 0.251949 0.251949
5080 14.364977 14.364977 14.364977 0.251949 0.251949 0.251949
5090 14.364977 14.364977 14.364977 0.251949 0.251949 0.251949
5100 14.364977 14.364977 14.364977 0.251949 0.251949 0.251949
5110 14.364977 14.364977 14.364977 0.251949 0.251949 0.251949
5120 14.364977 14.364977 14.364977 0.251949 0.251949 0.251949
5130 14.364977 14.364977 14.364977 0.251949 0.251949 0.251949
5140 14.364977 14.364977 14.364977 0.251949 0.251949 0.251949
5150 14.364977 14.364977 14.364977 0.251949 0.251949 0.251949
5160 14.364977 14.364977 14.364977 0.251949 0.251949 0.251949
5170 14.364977 14.364977 14.364977 0.251949 0.251949 0.251949
5180 14.364977 14.364977 14.364977 0.251949 0.251949 0.251949
5190 14.364977 14.364977 14.364977 0.251949 0.251949 0.251949
5200 14.364977 14.364977 14.364977 0.251949 0.251949 0.251949
5210 14.364977 14.364977 14.364977 0.251949 0.251949 0.251949
5220 14.364977 14.364977 14.364977 0.251949 0.251949 0.251949
5230 14.364977 14.364977 14.364977 0.251949 0.251949 0.251949
5240 14.364977 14.364977 14.364977 0.251949 0.251949 0.251949
5250 14.364977 14.364977 14.364977 0.251949 0.251949 0.251949
5260 14.364977 14.364977 14.364977 0.251949 0.251949 0.251949
5270 14.364977 14.364977 14.364977 0.251949 0.251949 0.251949
5280 14.364977 14.364977 14.364977 0.251949 0.251949 0.251949
5290 14.364977 14.364977 14.364977 0.251949 0.251949 0.251949
5300 14.364977 14.364977 14.364977 0.251949 0.251949 0.251949
5310 14.364977 14.364977 14.364977 0.251949 0.251949 0.251949
5320 14.364977 14.364977 14.364977 0.251949 0.251949 0.251949
5330 14.364977 14.364977 14.364977 0.251949 0.251949 0.251949
5340 14.364977 14.364977 14.364977 0.251949 0.251949 0.251949
5350 14.364977 14.364977 14.364977 0.251949 0.251949 0.251949
5360 14.364977 14.364977 14.364977 0.251949 0.251949 0.251949
5370 14.364977 14.364977 14.364977 0.251949 0.251949 0.251949
5380 14.364977 14.364977 14.364977 0.251949 0.251949 0.251949
5390 14.364977 14.364977 14.364977 0.251949 0.251949 0.251949
5400 14.364977 14.364977 14.364977 0.251949 0.251949 0.251949
5410 14.364977 14.364977 14.364977 0.251949 0.251949 0.251949
5420 14.364977 14.364977 14.364977 0.251949 0.251949 0.251949
5430 14.364977 14.364977 14.364977 0.251949 0.251949 0.251949
5440 14.364977 14.364977 14.364977 0.251949 0.251949 0.251949
5450 14.364977 14.364977 14.364977 0.251949 0.251949 0.251949
5460 14.364977 14.364977 14.364977 0.251949 0.251949 0.251949
5470 14.364977 14.364977 14.364977 0.251949 0.251949 0.251949
5480 14.364977 14.364977 14.364977 0.251949 0.251949 0.251949
5490 14.364977 14.364977 14.364977 0.251949 0.251949 0.251949
5500 14.364977 14.364977 14.364977 0.251949 0.251949 0.251949
5510 14.364977 14.364977 14.364977 0.251949 0.251949 0.251949
5520 14.364977 14.364977 14.364977 0.251949 0.251949 0.251949
5530 14.364977 14.364977 14.364977 0.251949 0.251949 0.251949
5540 14.364977 14.364977 14.364977 0.251949 0.251949 0.251949
5550 14.364977 14.364977 14.364977 0.251949 0.251949 0.251949
5560 14.364977 14.364977 14.364977 0.251949 0.251949 0.251949
5570 14.364977 14.364977 14.364977 0.251949 0.251949 0.251949
5580 14.364977 14.364977 14.364977 0.251949 0.251949 0.251949
5590 14.364977 14.364977 14.364977 0.251949 0.251949 0.251949
5600 14.364977 14.364977 14.364977 0.251949 0.251949 0.251949
5610 14.364977 14.364977 14.364977 0.251949 0.251949 0.251949
5620 14.364977 14.364977 14.364977 0.251949 0.251949 0.251949
5630 14.364977 14.364977 14.364977 0.251949 0.251949 0.251949
5640 14.364977 14.364977 14.364977 0.251949 0.251949 0.251949
5650 14.364977 14.364977 14.364977 0.251949 0.251949 0.251949
5660 14.364977 14.364977 14.364977 0.251949 0.251949 0.251949
5670 14.364977 14.364977 14.364977 0.251949 0.251949 0.251949
5680 14.364977 14.364977 14.364977 0.251949 0.251949 0.251949
5690 14.364977 14.364977 14.364977 0.251949 0.251949 0.251949
5700 14.364977 14.364977 14.364977 0.251949 0.251949 0.251949
5710 14.364977 14.364977 14.364977 0.251949 0.251949 0.251949
5720 14.364977 14.364977 14.364977 0.251949 0.251949 0.251949
5730 14.364977 14.364977 14.364977 0.251949 0.251949 0.251949
5740 14.364977 14.364977 14.364977 0.251949 0.251949 0.251949
5750 14.364977 14.364977 14.364977 0.251949 0.251949 0.251949
5760 14.364977 14.364977 14.364977 0.251949 0.251949 0.251949
5770 14.364977 14.364977 14.364977 0.251949 0.251949 0.251949
5780 14.364977 14.364977 14.364977 0.251949 0.251949 0.251949
5790 14.364977 14.364977 14.364977 0.251949 0.251949 0.251949
5800 14.364977 14.364977 14.364977 0.251949 0.251949 0.251949
5810 14.364977 14.364977 14.364977 0.251949 0.251949 0.251949
5820 14.364977 14.364977 14.364977 0.251949 0.251949 0.251949
5830 14.364977 14.364977 14.364977 0.251949 0.251949 0.251949
5840 14.364977 14.364977 14.364977 0.251949 0.251949 0.251949
5850 14.364977 14.364977 14.364977 0.251949 0.251949 0.251949
5860 14.364977 14.364977 14.364977 0.251949 0.251949 0.251949
5870 14.364977 14.364977 14.364977 0.251949 0.251949 0.251949
5880 14.364977 14.364977 14.364977 0.251949 0.251949 0.251949
5890 14.364977 14.364977 14.364977 0.251949 0.251949 0.251949
5900 14.364977 14.364977 14.364977 0.251949 0.251949 0.251949
5910 14.364977 14.364977 14.364977 0.251949 0.251949 0.251949
5920 14.364977 14.364977 14.364977 0.251949 0.251949 0.251949
5930 14.364977 14.364977 14.364977 0.251949 0.251949 0.251949
5940 14.364977 14.364977 14.364977 0.251949 0.251949 0.251949
5950 14.364977 14.364977 14.364977 0.251949 0.251949 0.251949
5960 14.364977 14.364977 14.364977 0.251949 0.251949 0.251949
5970 14.364977 14.364977 14.364977 0.251949 0.251949 0.251949
5980 14.364977 14.364977 14.364977 0.251949 0.251949 0.251949
5990 14.364977 14.364977 14.364977 0.251949 0.251949 0.251949
6000 14.364977 14.364977 14.364977 0.251949 0.251949 0.251949
6010 14.364977 14.364977 14.364977 0.251949 0.251949 0.251949
6020 14.364977 14.364977 14.364977 0.251949 0.251949 0.251949
6030 14.364977 14.364977 14.364977 0.251949 0.251949 0.251949
6040 14.364977 14.364977 14.364977 0.251949 0.251949 0.251949
6050 14.364977 14.364977 14.364977 0.251949 0.251949 0.251949
6060 14.364977 14.364977 14.364977 0.251949 0.251949 0.251949
6070 14.364977 14.364977 14.364977 0.251949 0.251949 0.251949
6080 14.364977 14.364977 14.364977 0.251949 0.251949 0.251949
6090 14.364977 14.364977 14.364977 0.251949 0.251949 0.251949
6100 14.364977 14.364977 14.364977 0.251949 0.251949 0.251949
6110 14.364977 14.364977 14.364977 0.251949 0.251949 0.251949
6120 14.364977 14.364977 14.364977 0.251949 0.251949 0.251949
6130 14.364977 14.364977 14.364977 0.251949 0.251949 0.251949
6140 14.364977 14.364977 14.364977 0.251949 0.251949 0.251949
6150 14.364977 14.364977 14.364977 0.251949 0.251949 0.251949
6160 14.364977 14.364977 14.364977 0.251949 0.251949 0.251949
6170 14.364977 14.364977 14.364977 0.251949 0.251949 0.251949
6180 14.364977 14.364977 14.364977 0.251949 0.251949 0.251949
6190 14.364977 14.364977 14.364977 0.251949 0.251949 0.251949
6200 14.364977 14.364977 14.364977 0.251949 0.251949 0.251949
6210 14.364977 14.364977 14.364977 0.251949 0.251949 0.251949
6220 14.364977 14.364977 14.364977 0.251949 0.251949 0.251949
6230 14.364977 14.364977 14.364977 0.251949 0.251949 0.251949
6240 14.364977 14.364977 14.364977 0.251949 0.251949 0.251949
6250 14.364977 14.364977 14.364977 0.251949 0.251949 0.251949
6260 14.364977 14.364977 14.364977 0.251949 0.251949 0.251949
6270 14.364977 14.364977 14.364977 0.251949 0.251949 0.251949
6280 14.364977 14.364977 14.364977 0.251949 0.251949 0.251949
6290 14.364977 14.364977 14.364977 0.251949 0.251949 0.251949
6300 14.364977 14.364977 14.364977 0.251949 0.251949 0.251949
6310 14.364977 14.364977 14.364977 0.251949 0.251949 0.251949
6320 14.364977 14.364977 14.364977 0.251949 0.251949 0.251949
6330 14.364977 14.364977 14.364977 0.251949 0.251949 0.251949
6340 14.364977 14.364977 14.364977 0.251949 0.251949 0.251949
6350 14.364977 14.364977 14.364977 0.251949 0.251949 0.251949
6360 14.364977 14.364977 14.364977 0.251949 0.251949 0.251949
6370 14.364977 14.364977 14.364977 0.251949 0.251949 0.251949
6380 14.364977 14.364977 14.364977 0.251949 0.251949 0.251949
6390 14.364977 14.364977 14.364977 0.251949 0.251949 0.251949
6400 14.364977 14.364977 14.364977 0.251949 0.251949 0.251949
6410 14.364977 14.364977 14.364977 0.251949 0.251949 0.251949
6420 14.364977 14.364977 14.364977 0.251949 0.251949 0.251949
6430 14.364977 14.364977 14.364977 0.251949 0.251949 0.251949
6440 14.364977 14.364977 14.364977 0.251949 0.251949 0.251949
6450 14.364977 14.364977 14.364977 0.251949 0.251949 0.251949
6460 14.364977 14.364977 14.364977 0.251949 0.251949 0.251949
6470 14.364977 14.364977 14.364977 0.251949 0.251949 0.251949
6480 14.364977 14.364977 14.364977 0.251949 0.251949 0.251949
6490 14.364977 14.364977 14.364977 0.251949 0.251949 0.251949
6500 14.364977 14.364977 14.364977 0.251949 0.251949 0.251949
6510 14.364977 14.364977 14.364977 0.251949 0.251949 0.251949
6520 14.364977 14.364977 14.364977 0.251949 0.251949 0.251949
6530 14.364977 14.364977 14.364977 0.251949 0.251949 0.251949
6540 14.364977 14.364977 14.364977 0.251949 0.251949 0.251949
6550 14.364977 14.364977 14.364977 0.251949 0.251949 0.251949
6560 14.364977 14.364977 14.364977 0.251949 0.251949 0.251949
6570 14.364977 14.364977 14.364977 0.251949 0.251949 0.251949
6580 14.364977 14.364977 14.364977 0.251949 0.251949 0.251949
6590 14.364977 14.364977 14.364977 0.251949 0.251949 0.251949
6600 14.364977 14.364977 14.364977 0.251949 0.251949 0.251949
6610 14.364977 14.364977 14.364977 0.251949 0.251949 0.251949
6620 14.364977 14.364977 14.364977 0.251949 0.251949 0.251949
6630 14.364977 14.364977 14.364977 0.251949 0.251949 0.251949
6640 14.364977 14.364977 14.364977 0.251949 0.251949 0.251949
6650 14.364977 14.364977 14.364977 0.251949 0.251949 0.251949
6660 14.364977 14.364977 14.364977 0.251949 0.251949 0.251949
6670 14.364977 14.364977 14.364977 0.251949 0.251949 0.251949
6680 14.364977 14.364977 14.364977 0.251949 0.251949 0.251949
6690 14.364977 14.364977 14.364977 0.251949 0.251949 0.251949
6700 14.364977 14.364977 14.364977 0.251949 0.251949 0.251949
6710 14.364977 14.364977 14.364977 0.251949 0.251949 0.251949
6720 14.364977 14.364977 14.364977 0.251949 0.251949 0.251949
6730 14.364977 14.364977 14.364977 0.251949 0.251949 0.251949
6740 14.364977 14.364977 14.364977 0.251949 0.251949 0.251949
6750 14.364977 14.364977 14.364977 0.251949 0.251949 0.251949
6760 14.364977 14.364977 14.364977 0.251949 0.251949 0.251949
6770 14.364977 14.364977 14.364977 0.251949 0.251949 0.251949
6780 14.364977 14.364977 14.364977 0.251949 0.251949 0.251949
6790 14.364977 14.364977 14.364977 0.251949 0.251949 0.251949
6800 14.364977 14.364977 14.364977 0.251949 0.251949 0.251949
6810 14.364977 14.364977 14.364977 0.251949 0.251949 0.251949
6820 14.364977 14.364977 14.364977 0.251949 0.251949 0.251949
6830 14.364977 14.364977 14.364977 0.251949 0.251949 0.251949
6840 14.364977 14.364977 14.364977 0.251949 0.251949 0.251949
6850 14.364977 14.364977 14.364977 0.251949 0.251949 0.251949
6860 14.364977 14.364977 14.364977 0.251949 0.251949 0.251949
6870 14.364977 14.364977 14.364977 0.251949 0.251949 0.251949
6880 14.364977 14.364977 14.364977 0.251949 0.251949 0.251949
6890 14.364977 14.364977 14.364977 0.251949 0.251949 0.251949
6900 14.364977 14.364977 14.364977 0.251949 0.251949 0.251949
6910 14.364977 14.364977 14.364977 0.251949 0.251949 0.251949
6920 14.364977 14.364977 14.364977 0.251949 0.251949 0.251949
6930 14.364977 14.364977 14.364977 0.251949 0.251949 0.251949
6940 14.364977 14.364977 14.364977 0.251949 0.251949 0.251949
6950 14.364977 14.364977 14.364977 0.251949 0.251949 0.251949
6960 14.364977 14.364977 14.364977 0.251949 0.251949 0.251949
6970 14.364977 14.364977 14.364977 0.251949 0.251949 0.251949
6980 14.364977 14.364977 14.364977 0.251949 0.251949 0.251949
6990 14.364977 14.364977 14.364977 0.251949 0.251949 0.251949
7000 14.364977 14.364977 14.364977 0.251949 0.251949 0.251949
7010 14.364977 14.364977 14.364977 0.251949 0.251949 0.251949
7020 14.364977 14.364977 14.364977 0.251949 0.251949 0.251949
7030 14.364977 14.364977 14.364977 0.251949 0.251949 0.251949
7040 14.364977 14.364977 14.364977 0.251949 0.251949 0.251949
7050 14.364977 14.364977 14.364977 0.251949 0.251949 0.251949
7060 14.364977 14.364977 14.364977 0.251949 0.251949 0.251949
7070 14.364977 14.364977 14.364977 0.251949 0.251949 0.251949
7080 14.364977 14.364977 14.364977 0.251949 0.251949 0.251949
7090 14.364977 14.364977 14.364977 0.251949 0.251949 0.251949
7100 14.364977 14.364977 14.364977 0.251949 0.251949 0.251949
7110 14.364977 14.364977 14.364977 0.251949 0.251949 0.251949
7120 14.364977 14.364977 14.364977 0.251949 0.251949 0.251949
7130 14.364977 14.364977 14.364977 0.251949 0.251949 0.251949
7140 14.364977 14.364977 14.364977 0.251949 0.251949 0.251949
7150 14.364977 14.364977 14.364977 0.251949 0.251949 0.251949
7160 14.364977 14.364977 14.364977 0.251949 0.251949 0.251949
7170 14.364977 14.364977 14.364977 0.251949 0.251949 0.251949
7180 14.364977 14.364977 14.364977 0.251949 0.251949 0.251949
7190 14.364977 14.364977 14.364977 0.251949 0.251949 0.251949
7200 14.364977 14.364977 14.364977 0.251949 0.251949 0.251949
7210 14.364977 14.364977 14.364977 0.251949 0.251949 0.251949
7220 14.364977 14.364977 14.364977 0.251949 0.251949 0.251949
7230 14.364977 14.364977 14.364977 0.251949 0.251949 0.251949
7240 14.364977 14.364977 14.364977 0.251949 0.251949 0.251949
7250 14.364977 14.364977 14.364977 0.251949 0.251949 0.251949
7260 14.364977 14.364977 14.364977 0.251949 0.251949 0.251949
7270 14.364977 14.364977 14.364977 0.251949 0.251949 0.251949
7280 14.364977 14.364977 14.364977 0.251949 0.251949 0.251949
7290 14.364977 14.364977 14.364977 0.251949 0.251949 0.251949
7300 14.364977 14.364977 14.364977 0.251949 0.251949 0.251949
7310 14.364977 14.364977 14.364977 0.251949 0.251949 0.251949
7320 14.364977 14.364977 14.364977 0.251949 0.251949 0.251949
7330 14.364977 14.364977 14.364977 0.251949 0.251949 0.251949
7340 14.364977 14.364977 14.364977 0.251949 0.251949 0.251949
7350 14.364977 14.364977 14.364977 0.251949 0.251949 0.251949
7360 14.364977 14.364977 14.364977 0.251949 0.251949 0.251949
7370 14.364977 14.364977 14.364977 0.251949 0.251949 0.251949
7380 14.364977 14.364977 14.364977 0.251949 0.251949 0.251949
7390 14.364977 14.364977 14.364977 0.251949 0.251949 0.251949
7400 14.364977 14.364977 14.364977 0.251949 0.251949 0.251949
7410 14.364977 14.364977 14.364977 0.251949 0.251949 0.251949
7420 14.364977 14.364977 14.364977 0.251949 0.251949 0.251949
7430 14.364977 14.364977 14.364977 0.251949 0.251949 0.251949
7440 14.364977 14.364977 14.364977 0.251949 0.251949 0.251949
7450 14.364977 14.364977 14.364977 0.251949 0.251949 0.251949
7460 14.364977 14.364977 14.364977 0.251949 0.251949 0.251949
7470 14.364977 14.364977 14.364977 0.251949 0.251949 0.251949
7480 14.364977 14.364977 14.364977 0.251949 0.251949 0.251949
7490 14.364977 14.364977 14.364977 0.251949 0.251949 0.251949
7500 14.364977 14.364977 14.364977 0.251949 0.251949 0.251949
7510 14.364977 14.364977 14.364977 0.251949 0.251949 0.251949
7520 14.364977 14.364977 14.364977 0.251949 0.251949 0.251949
7530 14.364977 14.364977 14.364977 0.251949 0.251949 0.251949
7540 14.364977 14.364977 14.364977 0.251949 0.251949 0.251949
7550 14.364977 14.364977 14.364977 0.251949 0.251949 0.251949
7560 14.364977 14.364977 14.364977 0.251949 0.251949 0.251949
7570 14.364977 14.364977 14.364977 0.251949 0.251949 0.251949
7580 14.364977 14.364977 14.364977 0.251949 0.251949 0.251949
7590 14.364977 14.364977 14.364977 0.251949 0.251949 0.251949
7600 14.364977 14.364977 14.364977 0.251949 0.251949 0.251949
7610 14.364977 14.364977 14.364977 0.251949 0.251949 0.251949
7620 14.364977 14.364977 14.364977 0.251949 0.251949 0.251949
7630 14.364977 14.364977 14.364977 0.251949 0.251949 0.251949
7640 14.364977 14.364977 14.364977 0.251949 0.251949 0.251949
7650 14.364977 14.364977 14.364977 0.251949 0.251949 0.251949
7660 14.364977 14.364977 14.364977 0.251949 0.251949 0.251949
7670 14.364977 14.364977 14.364977 0.251949 0.251949 0.251949
7680 14.364977 14.364977 14.364977 0.251949 0.251949 0.251949
7690 14.364977 14.364977 14.364977 0.251949 0.251949 0.251949
7700 14.364977 14.364977 14.364977 0.251949 0.251949 0.251949
7710 14.364977 14.364977 14.364977 0.251949 0.251949 0.251949
7720 14.364977 14.364977 14.364977 0.251949 0.251949 0.251949
7730 14.364977 14.364977 14.364977 0.251949 0.251949 0.251949
7740 14.364977 14.364977 14.364977 0.251949 0.251949 0.251949
7750 14.364977 14.364977 14.364977 0.251949 0.251949 0.251949
7760 14.364977 14.364977 14.364977 0.251949 0.251949 0.251949
7770 14.364977 14.364977 14.364977 0.251949 0.251949 0.251949
7780 14.364977 14.364977 14.364977 0.251949 0.251949 0.251949
7790 14.364977 14.364977 14.364977 0.251949 0.251949 0.251949
7800 14.364977 14.364977 14.364977 0.251949 0.251949 0.251949
7810 14.364977 14.364977 14.364977 0.251949 0.251949 0.251949
7820 14.364977 14.364977 14.364977 0.251949 0.251949 0.251949
7830 14.364977 14.364977 14.364977 0.251949 0.251949 0.251949
7840 14.364977 14.364977 14.364977 0.251949 0.251949 0.251949
7850 14.364977 14.364977 14.364977 0.251949 0.251949 0.251949
7860 14.364977 14.364977 14.364977 0.251949 0.251949 0.251949
7870 14.364977 14.364977 14.364977 0.251949 0.251949 0.251949
7880 14.364977 14.364977 14.364977 0.251949 0.251949 0.251949
7890 14.364977 14.364977 14.364977 0.251949 0.251949 0.251949
7900 14.364977 14.364977 14.364977 0.251949 0.251949 0.251949
7910 14.364977 14.364977 14.364977 0.251949 0.251949 0.251949
7920 14.364977 14.364977 14.364977 0.251949 0.251949 0.251949
7930 14.364977 14.364977 14.364977 0.251949 0.251949 0.251949
7940 14.364977 14.364977 14.364977 0.251949 0.251949 0.251949
7950 14.364977 14.364977 14.364977 0.251949 0.251949 0.251949
7960 14.364977 14.364977 14.364977 0.251949 0.251949 0.251949
7970 14.364977 14.364977 14.364977 0.251949 0.251949 0.251949
7980 14.364977 14.364977 14.364977 0.251949 0.251949 0.251949
7990 14.364977 14.364977 14.364977 0.251949 0.251949 0.251949
8000 14.364977 14.364977 14.364977 0.251949 0.251949 0.251949
8010 14.364977 14.364977 14.364977 0.251949 0.251949 0.251949
8020 14.364977 14.364977 14.364977 0.251949 0.251949 0.251949
8030 14.364977 14.364977 14.364977 0.251949 0.251949 0.251949
8040 14.364977 14.364977 14.364977 0.251949 0.251949 0.251949
8050 14.364977 14.364977 14.364977 0.251949 0.251949 0.251949
8060 14.364977 14.364977 14.364977 0.251949 0.251949 0.251949
8070 14.364977 14.364977 14.364977 0.251949 0.251949 0.251949
8080 14.364977 14.364977 14.364977 0.251949 0.251949 0.251949
8090 14.364977 14.364977 14.364977 0.251949 0.251949 0.251949
8100 14.364977 14.364977 14.364977 0.251949 0.251949 0.251949
8110 14.364977 14.364977 14.364977 0.251949 0.251949 0.251949
8120 14.364977 14.364977 14.364977 0.251949 0.251949 0.251949
8130 14.364977 14.364977 14.364977 0.251949 0.251949 0.251949
8140 14.364977 14.364977 14.364977 0.251949 0.251949 0.251949
8150 14.364977 14.364977 14.364977 0.251949 0.251949 0.251949
8160 14.364977 14.364977 14.364977 0.251949 0.251949 0.251949
8170 14.364977 14.364977 14.364977 0.251949 0.251949 0.251949
8180 14.364977 14.364977 14.364977 0.251949 0.251949 0.251949
8190 14.364977 14.364977 14.364977 0.251949 0.251949 0.251949
8200 14.364977 14.364977 14.364977 0.251949 0.251949 0.251949
8210 14.364977 14.364977 14.364977 0.251949 0.251949 0.251949
8220 14.364977 14.364977 14.364977 0.251949 0.251949 0.251949
8230 14.364977 14.364977 14.364977 0.251949 0.251949 0.251949
8240 14.364977 14.364977 14.364977 0.251949 0.251949 0.251949
8250 14.364977 14.364977 14.364977 0.251949 0.251949 0.251949
8260 14.364977 14.364977 14.364977 0.251949 0.251949 0.251949
8270 14.364977 14.364977 14.364977 0.251949 0.251949 0.251949
8280 14.364977 14.364977 14.364977 0.251949 0.251949 0.251949
8290 14.364977 14.364977 14.364977 0.251949 0.251949 0.251949
8300 14.364977 14.364977 14.364977 0.251949 0.251949 0.251949
8310 14.364977 14.364977 14.364977 0.251949 0.251949 0.251949
8320 14.364977 14.364977 14.364977 0.251949 0.251949 0.251949
8330 14.364977 14.364977 14.364977 0.251949 0.251949 0.251949
8340 14.364977 14.364977 14.364977 0.251949 0.251949 0.251949
8350 14.364977 14.364977 14.364977 0.251949 0.251949 0.251949
8360 14.364977 14.364977 14.364977 0.251949 0.251949 0.251949
8370 14.364977 14.364977 14.364977 0.251949 0.251949 0.251949
8380 14.364977 14.364977 14.364977 0.251949 0.251949 0.251949
8390 14.364977 14.364977 14.364977 0.251949 0.251949 0.251949
8400 14.364977 14.364977 14.364977 0.251949 0.251949 0.251949
8410 14.364977 14.364977 14.364977 0.251949 0.251949 0.251949
8420 14.364977 14.364977 14.364977 0.251949 0.251949 0.251949
8430 14.364977 14.364977 14.364977 0.251949 0.251949 0.251949
8440 14.364977 14.364977 14.364977 0.251949 0.251949 0.251949
8450 14.364977 14.364977 14.364977 0.251949 0.251949 0.251949
8460 14.364977 14.364977 14.364977 0.251949 0.251949 0.251949
8470 14.364977 14.364977 14.364977 0.251949 0.251949 0.251949
8480 14.364977 14.364977 14.364977 0.251949 0.251949 0.251949
8490 14.364977 14.364977 14.364977 0.251949 0.251949 0.251949
8500 14.364977 14.364977 14.364977 0.251949 0.251949 0.251949
8510 14.364977 14.364977 14.364977 0.251949 0.251949 0.251949
8520 14.364977 14.364977 14.364977 0.251949 0.251949 0.251949
8530 14.364977 14.364977 14.364977 0.251949 0.251949 0.251949
8540 14.364977 14.364977 14.364977 0.251949 0.251949 0.251949
8550 14.364977 14.364977 14.364977 0.251949 0.251949 0.251949
8560 14.364977 14.364977 14.364977 0.251949 0.251949 0.251949
8570 14.364977 14.364977 14.364977 0.251949 0.251949 0.251949
8580 14.364977 14.364977 14.364977 0.251949 0.251949 0.251949
8590 14.364977 14.364977 14.364977 0.251949 0.251949 0.251949
8600 14.364977 14.364977 14.364977 0.251949 0.251949 0.251949
8610 14.364977 14.364977 14.364977 0.251949 0.251949 0.251949
8620 14.364977 14.364977 14.364977 0.251949 0.251949 0.251949
8630 14.364977 14.364977 14.364977 0.251949 0.251949 0.251949
8640 14.364977 14.364977 14.364977 0.251949 0.251949 0.251949
8650 14.364977 14.364977 14.364977 0.251949 0.251949 0.251949
8660 14.364977 14.364977 14.364977 0.251949 0.251949 0.251949
8670 14.364977 14.364977 14.364977 0.251949 0.251949 0.251949
8680 14.364977 14.364977 14.364977 0.251949 0.251949 0.251949
8690 14.364977 14.364977 14.364977 0.251949 0.251949 0.251949
8700 14.364977 14.364977 14.364977 0.251949 0.251949 0.251949
8710 14.364977 14.364977 14.364977 0.251949 0.251949 0.251949
8720 14.364977 14.364977 14.364977 0.251949 0.251949 0.251949
8730 14.364977 14.364977 14.364977 0.251949 0.251949 0.251949
8740 14.364977 14.364977 14.364977 0.251949 0.251949 0.251949
8750 14.364977 14.364977 14.364977 0.251949 0.251949 0.251949
8760 14.364977 14.364977 14.364977 0.251949 0.251949 0.251949
8770 14.364977 14.364977 14.364977 0.251949 0.251949 0.251949
8780 14.364977 14.364977 14.364977 0.251949 0.251949 0.251949
8790 14.364977 14.364977 14.364977 0.251949 0.251949 0.251949
8800 14.364977 14.364977 14.364977 0.251949 0.251949 0.251949
8810 14.364977 14.364977 14.364977 0.251949 0.251949 0.251949
8820 14.364977 14.364977 14.364977 0.251949 0.251949 0.251949
8830 14.364977 14.364977 14.364977 0.251949 0.251949 0.251949
8840 14.364977 14.364977 14.364977 0.251949 0.251949 0.251949
8850 14.364977 14.364977 14.364977 0.251949 0.251949 0.251949
8860 14.364977 14.364977 14.364977 0.251949 0.251949 0.251949
8870 14.364977 14.364977 14.364977 0.251949 0.251949 0.251949
8880 14.364977 14.364977 14.364977 0.251949 0.251949 0.251949
8890 14.364977 14.364977 14.364977 0.251949 0.251949 0.251949
8900 14.364977 14.364977 14.364977 0.251949 0.251949 0.251949
8910 14.364977 14.364977 14.364977 0.251949 0.251949 0.251949
8920 14.364977 14.364977 14.364977 0.251949 0.251949 0.251949
8930 14.364977 14.364977 14.364977 0.251949 0.251949 0.251949
8940 14.364977 14.364977 14.364977 0.251949 0.251949 0.251949
8950 14.364977 14.364977 14.364977 0.251949 0.251949 0.251949
8960 14.364977 14.364977 14.364977 0.251949 0.251949 0.251949
8970 14.364977 14.364977 14.364977 0.251949 0.251949 0.251949
8980 14.364977 14.364977 14.364977 0.251949 0.251949 0.251949
8990 14.364977 14.364977 14.364977 0.251949 0.251949 0.251949
9000 14.364977 14.364977 14.364977 0.251949 0.251949 0.251949
9010 14.364977 14.364977 14.364977 0.251949 0.251949 0.251949
9020 14.364977 14.364977 14.364977 0.251949 0.251949 0.251949
9030 14.364977 14.364977 14.364977 0.251949 0.251949 0.251949
9040 14.364977 14.364977 14.364977 0.251949 0.251949 0.251949
9050 14.364977 14.364977 14.364977 0.251949 0.251949 0.251949
9060 14.364977 14.364977 14.364977 0.251949 0.251949 0.251949
9070 14.364977 14.364977 14.364977 0.251949 0.251949 0.251949
9080 14.364977 14.364977 14.364977 0.251949 0.251949 0.251949
9090 14.364977 14.364977 14.364977 0.251949 0.251949 0.251949
9100 14.364977 14.364977 14.364977 0.251949 0.251949 0.251949
9110 14.364977 14.364977 14.364977 0.251949 0.251949 0.251949
9120 14.364977 14.364977 14.364977 0.251949 0.251949 0.251949
9130 14.364977 14.364977 14.364977 0.251949 0.251949 0.251949
9140 14.364977 14.364977 14.364977 0.251949 0.251949 0.251949
9150 14.364977 14.364977 14.364977 0.251949 0.251949 0.251949
9160 14.364977 14.364977 14.364977 0.251949 0.251949 0.251949
9170 14.364977 14.364977 14.364977 0.251949 0.251949 0.251949
9180 14.364977 14.364977 14.364977 0.251949 0.251949 0.251949
9190 14.364977 14.364977 14.364977 0.251949 0.251949 0.251949
9200 14.364977 14.364977 14.364977 0.251949 0.251949 0.251949
9210 14.364977 14.364977 14.364977 0.251949 0.251949 0.251949
9220 14.364977 14.364977 14.364977 0.251949 0.251949 0.251949
9230 14.364977 14.364977 14.364977 0.251949 0.251949 0.251949
9240 14.364977 14.364977 14.364977 0.251949 0.251949 0.251949
9250 14.364977 14.364977 14.364977 0.251949 0.251949 0.251949
9260 14.364977 14.364977 14.364977 0.251949 0.251949 0.251949
9270 14.364977 14.364977 14.364977 0.251949 0.251949 0.251949
9280 14.364977 14.364977 14.364977 0.251949 0.251949 0.251949
9290 14.364977 14.364977 14.364977 0.251949 0.251949 0.251949
9300 14.364977 14.364977 14.364977 0.251949 0.251949 0.251949
9310 14.364977 14.364977 14.364977 0.251949 0.251949 0.251949
9320 14.364977 14.364977 14.364977 0.251949 0.251949 0.251949
9330 14.364977 14.364977 14.364977 0.251949 0.251949 0.251949
9340 14.364977 14.364977 14.364977 0.251949 0.251949 0.251949
9350 14.364977 14.364977 14.364977 0.251949 0.251949 0.251949
9360 14.364977 14.364977 14.364977 0.251949 0.251949 0.251949
9370 14.364977 14.364977 14.364977 0.251949 0.251949 0.251949
9380 14.364977 14.364977 14.364977 0.251949 0.251949 0.251949
9390 14.364977 14.364977 14.364977 0.251949 0.251949 0.251949
9400 14.364977 14.364977 14.364977 0.251949 0.251949 0.251949
9410 14.364977 14.364977 14.364977 0.251949 0.251949 0.251949
9420 14.364977 14.364977 14.364977 0.251949 0.251949 0.251949
9430 14.364977 14.364977 14.364977 0.251949 0.251949 0.251949
9440 14.364977 14.364977 14.364977 0.251949 0.251949 0.251949
9450 14.364977 14.364977 14.364977 0.251949 0.251949 0.251949
9460 14.364977 14.364977 14.364977 0.251949 0.251949 0.251949
9470 14.364977 14.364977 14.364977 0.251949 0.251949 0.251949
9480 14.364977 14.364977 14.364977 0.251949 0.251949 0.251949
9490 14.364977 14.364977 14.364977 0.251949 0.251949 0.251949
9500 14.364977 14.364977 14.364977 0.251949 0.251949 0.251949
9510 14.364977 14.364977 14.364977 0.251949 0.251949 0.251949
9520 14.364977 14.364977 14.364977 0.251949 0.251949 0.251949
9530 14.364977 14.364977 14.364977 0.251949 0.251949 0.251949
9540 14.364977 14.364977 14.364977 0.251949 0.251949 0.251949
9550 14.364977 14.364977 14.364977 0.251949 0.251949 0.251949
9560 14.364977 14.364977 14.364977 0.251949 0.251949 0.251949
9570 14.364977 14.364977 14.364977 0.251949 0.251949 0.251949
9580 14.364977 14.364977 14.364977 0.251949 0.251949 0.251949
9590 14.364977 14.364977 14.364977 0.251949 0.251949 0.251949
9600 14.364977 14.364977 14.364977 0.251949 0.251949 0.251949
9610 14.364977 14.364977 14.364977 0.251949 0.251949 0.251949
9620 14.364977 14.364977 14.364977 0.251949 0.251949 0.251949
9630 14.364977 14.364977 14.364977 0.251949 0.251949 0.251949
9640 14.364977 14.364977 14.364977 0.251949 0.251949 0.251949
9650 14.364977 14.364977 14.364977 0.251949 0.251949 0.251949
9660 14.364977 14.364977 14.364977 0.251949 0.251949 0.251949
9670 14.364977 14.364977 14.364977 0.251949 0.251949 0.251949
9680 14.364977 14.364977 14.364977 0.251949 0.251949 0.251949
9690 14.364977 14.364977 14.364977 0.251949 0.251949 0.251949
9700 14.364977 14.364977 14.364977 0.251949 0.251949 0.251949
9710 14.364977 14.364977 14.364977 0.251949 0.251949 0.251949
9720 14.364977 14.364977 14.364977 0.251949 0.251949 0.251949
9730 14.364977 14.364977 14.364977 0.251949 0.251949 0.251949
9740 14.364977 14.364977 14.364977 0.251949 0.251949 0.251949
9750 14.364977 14.364977 14.364977 0.251949 0.251949 0.251949
9760 14.364977 14.364977 14.364977 0.251949 0.251949 0.251949
9770 14.364977 14.364977 14.364977 0.251949 0.251949 0.251949
9780 14.364977 14.364977 14.364977 0.251949 0.251949 0.251949
9790 14.364977 14.364977 14.364977 0.251949 0.251949 0.251949
9800 14.364977 14.364977 14.364977 0.251949 0.251949 0.251949
9810 14.364977 14.364977 14.364977 0.251949 0.251949 0.251949
9820 14.364977 14.364977 14.364977 0.251949 0.251949 0.251949
9830 14.364977 14.364977 14.364977 0.251949 0.251949 0.251949
9840 14.364977 14.364977 14.364977 0.251949 0.251949 0.251949
9850 14.364977 14.364977 14.364977 0.251949 0.251949 0.251949
9860 14.364977 14.364977 14.364977 0.251949 0.251949 0.251949
9870 14.364977 14.364977 14.364977 0.251949 0.251949 0.251949
9880 14.364977 14.364977 14.364977 0.251949 0.251949 0.251949
9890 14.364977 14.364977 14.364977 0.251949 0.251949 0.251949
9900 14.364977 14.364977 14.364977 0.251949 0.251949 0.251949
9910 14.364977 14.364977 14.364977 0.251949 0.251949 0.251949
9920 14.364977 14.364977 14.364977 0.251949 0.251949 0.251949
9930 14.364977 14.364977 14.364977 0.251949 0.251949 0.251949
9940 14.364977 14.364977 14.364977 0.251949 0.251949 0.251949
9950 14.364977 14.364977 14.364977 0.251949 0.251949 0.251949
9960 14.364977 14.364977 14.364977 0.251949 0.251949 0.251949
9970 14.364977 14.364977 14.364977 0.251949 0.251949 0.251949
9980 14.364977 14.364977 14.364977 0.251949 0.251949 0.251949
9990 14.364977 14.364977 14.364977 0.251949 0.251949 0.251949
10000 14.364977 14.364977 14.364977 0.251949 0.251949 0.251949
