# generation power_min power_avg power_max util_min util_avg util_max
1 10.170879 12.012498 13.536313 0.096943 0.120317 0.152172
10 10.170879 11.815258 13.101575 0.093577 0.117894 0.144025
20 10.170879 11.632532 12.622151 0.093577 0.116068 0.144025
30 9.604040 11.437920 12.412438 0.092929 0.114587 0.137785
40 9.563339 11.275013 12.181628 0.092929 0.113711 0.137785
50 9.563339 11.108165 12.019129 0.092929 0.112245 0.137785
60 9.030212 10.927078 11.800784 0.091120 0.110379 0.134907
70 9.030212 10.782972 11.643643 0.091120 0.108740 0.134907
80 8.979871 10.605245 11.529030 0.087636 0.107001 0.134907
90 8.870451 10.436870 11.384680 0.079370 0.105063 0.129609
100 8.870451 10.282418 11.097201 0.079370 0.102798 0.124868
110 8.753858 10.119999 11.018433 0.075098 0.101146 0.124868
120 8.753858 9.964792 10.805067 0.075098 0.099380 0.120223
130 8.731261 9.821838 10.657451 0.075098 0.097983 0.116024
140 8.582038 9.677603 10.501948 0.075098 0.096510 0.116024
150 8.582038 9.530484 10.384082 0.075098 0.094598 0.116024
160 8.461924 9.376713 10.235660 0.075098 0.092741 0.112690
170 8.280591 9.236440 10.069337 0.074017 0.090689 0.108711
180 8.280591 9.107827 9.917143 0.074017 0.088895 0.104242
190 8.280591 8.988124 9.738689 0.074017 0.087196 0.104242
200 8.101696 8.885677 9.510632 0.073225 0.085520 0.101200
210 8.101696 8.793740 9.376585 0.073225 0.083979 0.098062
220 8.101696 8.706575 9.159998 0.073225 0.082938 0.098062
230 8.101696 8.642012 8.965678 0.073225 0.081805 0.093141
240 8.093112 8.578901 8.870451 0.073225 0.081053 0.091811
250 8.043911 8.522067 8.859409 0.071098 0.081024 0.091811
260 8.043911 8.474985 8.810521 0.071098 0.080197 0.091811
270 7.984772 8.415326 8.731261 0.070245 0.079505 0.085824
280 7.895325 8.353129 8.660113 0.070245 0.078983 0.085824
290 7.895325 8.304063 8.580552 0.070245 0.078299 0.085824
300 7.640489 8.246700 8.527024 0.064553 0.077312 0.084563
310 7.422599 8.188457 8.463607 0.064553 0.076642 0.084563
320 7.422599 8.125719 8.428591 0.064553 0.075419 0.084563
330 7.298688 8.055376 8.365602 0.062562 0.074315 0.084563
340 7.199259 7.999848 8.304844 0.062562 0.073657 0.084563
350 7.199259 7.936376 8.268036 0.062562 0.072666 0.084563
360 7.199259 7.886862 8.195322 0.062562 0.071693 0.081002
370 7.199259 7.825372 8.164634 0.062562 0.070793 0.081002
380 7.199259 7.772258 8.096122 0.062562 0.070052 0.081002
390 7.113980 7.706984 8.021238 0.062562 0.069229 0.081002
400 7.044187 7.644547 7.999074 0.060769 0.068393 0.078870
410 7.044187 7.582516 7.979742 0.060769 0.067865 0.078870
420 6.929327 7.515307 7.862079 0.060098 0.067055 0.074152
430 6.929327 7.459649 7.797074 0.060098 0.066768 0.074152
440 6.929327 7.402192 7.725729 0.060098 0.066182 0.074152
450 6.929327 7.345002 7.674942 0.060098 0.065629 0.073149
460 6.921657 7.293439 7.617746 0.060098 0.065117 0.073149
470 6.879842 7.235718 7.573792 0.060098 0.064902 0.073149
480 6.805040 7.178602 7.489029 0.060098 0.064458 0.071786
490 6.805040 7.128852 7.411069 0.060098 0.064316 0.069763
500 6.760871 7.078703 7.363375 0.060098 0.063928 0.068031
510 6.745776 7.035168 7.282797 0.060098 0.063855 0.067100
520 6.715697 6.995297 7.228906 0.060098 0.063884 0.067100
530 6.606720 6.957064 7.169446 0.060531 0.064008 0.067100
540 6.542021 6.917251 7.119938 0.060769 0.064254 0.067100
550 6.542021 6.882697 7.044187 0.061035 0.064180 0.065788
560 6.542021 6.847396 7.041159 0.061035 0.064114 0.065788
570 6.542021 6.820787 6.990290 0.059945 0.064156 0.065788
580 6.482848 6.787171 6.939470 0.059945 0.064168 0.065788
590 6.418111 6.755547 6.923507 0.059945 0.064059 0.065788
600 6.418111 6.728618 6.886824 0.059945 0.063969 0.065788
610 6.418111 6.704327 6.879842 0.059945 0.064013 0.065788
620 6.355788 6.668391 6.844627 0.059945 0.063954 0.065788
630 6.355788 6.643076 6.770431 0.061765 0.063889 0.065788
640 6.355788 6.619709 6.760871 0.061765 0.063642 0.065788
650 6.355788 6.588958 6.760871 0.061765 0.063357 0.065788
660 6.355788 6.563009 6.745776 0.061765 0.063150 0.065788
670 6.355788 6.536343 6.676940 0.061630 0.063009 0.065788
680 6.355788 6.515172 6.622788 0.061630 0.062750 0.065355
690 6.333907 6.492551 6.616845 0.061630 0.062795 0.065355
700 6.333907 6.472582 6.606720 0.061630 0.062790 0.065116
710 6.333907 6.452318 6.542021 0.061630 0.062798 0.065116
720 6.328796 6.437405 6.542021 0.060325 0.062485 0.065116
730 6.328796 6.422473 6.517416 0.060325 0.062379 0.063282
740 6.304140 6.407346 6.482848 0.060325 0.062321 0.063282
750 6.244592 6.391553 6.482848 0.060325 0.062290 0.063282
760 6.244592 6.376028 6.482848 0.060325 0.062238 0.063282
770 6.244592 6.362934 6.439825 0.060325 0.062157 0.063282
780 6.244592 6.353630 6.418111 0.060325 0.062218 0.063282
790 6.244592 6.343512 6.418111 0.060325 0.062187 0.063282
800 6.244592 6.333283 6.355788 0.060325 0.062075 0.063282
810 6.172329 6.324272 6.355788 0.059307 0.061989 0.063282
820 6.172329 6.314514 6.355788 0.059307 0.061872 0.063282
830 6.172329 6.305539 6.355788 0.059307 0.061788 0.063282
840 6.172329 6.295702 6.355788 0.059307 0.061683 0.063282
850 6.172329 6.284049 6.342289 0.059307 0.061538 0.063282
860 6.172329 6.275715 6.333907 0.059307 0.061341 0.062908
870 6.172329 6.265339 6.333907 0.059307 0.061116 0.062908
880 6.172329 6.257179 6.328796 0.059307 0.061066 0.062187
890 6.172329 6.247365 6.304140 0.059307 0.060989 0.062187
900 6.172329 6.238914 6.296240 0.059307 0.060861 0.062187
910 6.172329 6.230136 6.296240 0.059307 0.060658 0.062187
920 6.172329 6.226526 6.244592 0.059307 0.060574 0.060996
930 6.172329 6.222191 6.244592 0.059307 0.060473 0.060996
940 6.172329 6.219300 6.244592 0.059307 0.060405 0.060996
950 6.172329 6.212796 6.244592 0.059307 0.060253 0.060996
960 6.172329 6.207015 6.244592 0.059307 0.060118 0.060996
970 6.172329 6.199789 6.244592 0.059307 0.059949 0.060996
980 6.172329 6.192563 6.244592 0.059307 0.059780 0.060996
990 6.172329 6.185336 6.244592 0.059307 0.059611 0.060996
1000 6.172329 6.178110 6.244592 0.059307 0.059442 0.060996
1010 6.172329 6.172329 6.172329 0.059307 0.059307 0.059307
1020 6.172329 6.172329 6.172329 0.059307 0.059307 0.059307
1030 6.172329 6.172329 6.172329 0.059307 0.059307 0.059307
1040 6.172329 6.172329 6.172329 0.059307 0.059307 0.059307
1050 6.172329 6.172329 6.172329 0.059307 0.059307 0.059307
1060 6.172329 6.172329 6.172329 0.059307 0.059307 0.059307
1070 6.172329 6.172329 6.172329 0.059307 0.059307 0.059307
1080 6.172329 6.172329 6.172329 0.059307 0.059307 0.059307
1090 6.172329 6.172329 6.172329 0.059307 0.059307 0.059307
1100 6.172329 6.172329 6.172329 0.059307 0.059307 0.059307
1110 6.172329 6.172329 6.172329 0.059307 0.059307 0.059307
1120 6.172329 6.172329 6.172329 0.059307 0.059307 0.059307
1130 6.172329 6.172329 6.172329 0.059307 0.059307 0.059307
1140 6.172329 6.172329 6.172329 0.059307 0.059307 0.059307
1150 6.172329 6.172329 6.172329 0.059307 0.059307 0.059307
1160 6.172329 6.172329 6.172329 0.059307 0.059307 0.059307
1170 6.172329 6.172329 6.172329 0.059307 0.059307 0.059307
1180 6.172329 6.172329 6.172329 0.059307 0.059307 0.059307
1190 6.172329 6.172329 6.172329 0.059307 0.059307 0.059307
1200 6.172329 6.172329 6.172329 0.059307 0.059307 0.059307
1210 6.172329 6.172329 6.172329 0.059307 0.059307 0.059307
1220 6.172329 6.172329 6.172329 0.059307 0.059307 0.059307
1230 6.172329 6.172329 6.172329 0.059307 0.059307 0.059307
1240 6.172329 6.172329 6.172329 0.059307 0.059307 0.059307
1250 6.172329 6.172329 6.172329 0.059307 0.059307 0.059307
1260 6.172329 6.172329 6.172329 0.059307 0.059307 0.059307
1270 6.172329 6.172329 6.172329 0.059307 0.059307 0.059307
1280 6.172329 6.172329 6.172329 0.059307 0.059307 0.059307
1290 6.172329 6.172329 6.172329 0.059307 0.059307 0.059307
1300 6.172329 6.172329 6.172329 0.059307 0.059307 0.059307
1310 6.172329 6.172329 6.172329 0.059307 0.059307 0.059307
1320 6.172329 6.172329 6.172329 0.059307 0.059307 0.059307
1330 6.172329 6.172329 6.172329 0.059307 0.059307 0.059307
1340 6.172329 6.172329 6.172329 0.059307 0.059307 0.059307
1350 6.172329 6.172329 6.172329 0.059307 0.059307 0.059307
1360 6.172329 6.172329 6.172329 0.059307 0.059307 0.059307
1370 6.172329 6.172329 6.172329 0.059307 0.059307 0.059307
1380 6.172329 6.172329 6.172329 0.059307 0.059307 0.059307
1390 6.172329 6.172329 6.172329 0.059307 0.059307 0.059307
1400 6.172329 6.172329 6.172329 0.059307 0.059307 0.059307
1410 6.172329 6.172329 6.172329 0.059307 0.059307 0.059307
1420 6.172329 6.172329 6.172329 0.059307 0.059307 0.059307
1430 6.172329 6.172329 6.172329 0.059307 0.059307 0.059307
1440 6.172329 6.172329 6.172329 0.059307 0.059307 0.059307
1450 6.172329 6.172329 6.172329 0.059307 0.059307 0.059307
1460 6.172329 6.172329 6.172329 0.059307 0.059307 0.059307
1470 6.172329 6.172329 6.172329 0.059307 0.059307 0.059307
1480 6.172329 6.172329 6.172329 0.059307 0.059307 0.059307
1490 6.172329 6.172329 6.172329 0.059307 0.059307 0.059307
1500 6.172329 6.172329 6.172329 0.059307 0.059307 0.059307
1510 6.172329 6.172329 6.172329 0.059307 0.059307 0.059307
1520 6.172329 6.172329 6.172329 0.059307 0.059307 0.059307
1530 6.172329 6.172329 6.172329 0.059307 0.059307 0.059307
1540 6.172329 6.172329 6.172329 0.059307 0.059307 0.059307
1550 6.172329 6.172329 6.172329 0.059307 0.059307 0.059307
1560 6.172329 6.172329 6.172329 0.059307 0.059307 0.059307
1570 6.172329 6.172329 6.172329 0.059307 0.059307 0.059307
1580 6.172329 6.172329 6.172329 0.059307 0.059307 0.059307
1590 6.172329 6.172329 6.172329 0.059307 0.059307 0.059307
1600 6.172329 6.172329 6.172329 0.059307 0.059307 0.059307
1610 6.172329 6.172329 6.172329 0.059307 0.059307 0.059307
1620 6.172329 6.172329 6.172329 0.059307 0.059307 0.059307
1630 6.172329 6.172329 6.172329 0.059307 0.059307 0.059307
1640 6.172329 6.172329 6.172329 0.059307 0.059307 0.059307
1650 6.172329 6.172329 6.172329 0.059307 0.059307 0.059307
1660 6.172329 6.172329 6.172329 0.059307 0.059307 0.059307
1670 6.172329 6.172329 6.172329 0.059307 0.059307 0.059307
1680 6.172329 6.172329 6.172329 0.059307 0.059307 0.059307
1690 6.172329 6.172329 6.172329 0.059307 0.059307 0.059307
1700 6.172329 6.172329 6.172329 0.059307 0.059307 0.059307
1710 6.172329 6.172329 6.172329 0.059307 0.059307 0.059307
1720 6.172329 6.172329 6.172329 0.059307 0.059307 0.059307
1730 6.172329 6.172329 6.172329 0.059307 0.059307 0.059307
1740 6.172329 6.172329 6.172329 0.059307 0.059307 0.059307
1750 6.172329 6.172329 6.172329 0.059307 0.059307 0.059307
1760 6.172329 6.172329 6.172329 0.059307 0.059307 0.059307
1770 6.172329 6.172329 6.172329 0.059307 0.059307 0.059307
1780 6.172329 6.172329 6.172329 0.059307 0.059307 0.059307
1790 6.172329 6.172329 6.172329 0.059307 0.059307 0.059307
1800 6.172329 6.172329 6.172329 0.059307 0.059307 0.059307
1810 6.172329 6.172329 6.172329 0.059307 0.059307 0.059307
1820 6.172329 6.172329 6.172329 0.059307 0.059307 0.059307
1830 6.172329 6.172329 6.172329 0.059307 0.059307 0.059307
1840 6.172329 6.172329 6.172329 0.059307 0.059307 0.059307
1850 6.172329 6.172329 6.172329 0.059307 0.059307 0.059307
1860 6.172329 6.172329 6.172329 0.059307 0.059307 0.059307
1870 6.172329 6.172329 6.172329 0.059307 0.059307 0.059307
1880 6.172329 6.172329 6.172329 0.059307 0.059307 0.059307
1890 6.172329 6.172329 6.172329 0.059307 0.059307 0.059307
1900 6.172329 6.172329 6.172329 0.059307 0.059307 0.059307
1910 6.172329 6.172329 6.172329 0.059307 0.059307 0.059307
1920 6.172329 6.172329 6.172329 0.059307 0.059307 0.059307
1930 6.172329 6.172329 6.172329 0.059307 0.059307 0.059307
1940 6.172329 6.172329 6.172329 0.059307 0.059307 0.059307
1950 6.172329 6.172329 6.172329 0.059307 0.059307 0.059307
1960 6.172329 6.172329 6.172329 0.059307 0.059307 0.059307
1970 6.172329 6.172329 6.172329 0.059307 0.059307 0.059307
1980 6.172329 6.172329 6.172329 0.059307 0.059307 0.059307
1990 6.172329 6.172329 6.172329 0.059307 0.059307 0.059307
2000 6.172329 6.172329 6.172329 0.059307 0.059307 0.059307
2010 6.172329 6.172329 6.172329 0.059307 0.059307 0.059307
2020 6.172329 6.172329 6.172329 0.059307 0.059307 0.059307
2030 6.172329 6.172329 6.172329 0.059307 0.059307 0.059307
2040 6.172329 6.172329 6.172329 0.059307 0.059307 0.059307
2050 6.172329 6.172329 6.172329 0.059307 0.059307 0.059307
2060 6.172329 6.172329 6.172329 0.059307 0.059307 0.059307
2070 6.172329 6.172329 6.172329 0.059307 0.059307 0.059307
2080 6.172329 6.172329 6.172329 0.059307 0.059307 0.059307
2090 6.172329 6.172329 6.172329 0.059307 0.059307 0.059307
2100 6.172329 6.172329 6.172329 0.059307 0.059307 0.059307
2110 6.172329 6.172329 6.172329 0.059307 0.059307 0.059307
2120 6.172329 6.172329 6.172329 0.059307 0.059307 0.059307
2130 6.172329 6.172329 6.172329 0.059307 0.059307 0.059307
2140 6.172329 6.172329 6.172329 0.059307 0.059307 0.059307
2150 6.172329 6.172329 6.172329 0.059307 0.059307 0.059307
2160 6.172329 6.172329 6.172329 0.059307 0.059307 0.059307
2170 6.172329 6.172329 6.172329 0.059307 0.059307 0.059307
2180 6.172329 6.172329 6.172329 0.059307 0.059307 0.059307
2190 6.172329 6.172329 6.172329 0.059307 0.059307 0.059307
2200 6.172329 6.172329 6.172329 0.059307 0.059307 0.059307
2210 6.172329 6.172329 6.172329 0.059307 0.059307 0.059307
2220 6.172329 6.172329 6.172329 0.059307 0.059307 0.059307
2230 6.172329 6.172329 6.172329 0.059307 0.059307 0.059307
2240 6.172329 6.172329 6.172329 0.059307 0.059307 0.059307
2250 6.172329 6.172329 6.172329 0.059307 0.059307 0.059307
2260 6.172329 6.172329 6.172329 0.059307 0.059307 0.059307
2270 6.172329 6.172329 6.172329 0.059307 0.059307 0.059307
2280 6.172329 6.172329 6.172329 0.059307 0.059307 0.059307
2290 6.172329 6.172329 6.172329 0.059307 0.059307 0.059307
2300 6.172329 6.172329 6.172329 0.059307 0.059307 0.059307
2310 6.172329 6.172329 6.172329 0.059307 0.059307 0.059307
2320 6.172329 6.172329 6.172329 0.059307 0.059307 0.059307
2330 6.172329 6.172329 6.172329 0.059307 0.059307 0.059307
2340 6.172329 6.172329 6.172329 0.059307 0.059307 0.059307
2350 6.172329 6.172329 6.172329 0.059307 0.059307 0.059307
2360 6.172329 6.172329 6.172329 0.059307 0.059307 0.059307
2370 6.172329 6.172329 6.172329 0.059307 0.059307 0.059307
2380 6.172329 6.172329 6.172329 0.059307 0.059307 0.059307
2390 6.172329 6.172329 6.172329 0.059307 0.059307 0.059307
2400 6.172329 6.172329 6.172329 0.059307 0.059307 0.059307
2410 6.172329 6.172329 6.172329 0.059307 0.059307 0.059307
2420 6.172329 6.172329 6.172329 0.059307 0.059307 0.059307
2430 6.172329 6.172329 6.172329 0.059307 0.059307 0.059307
2440 6.172329 6.172329 6.172329 0.059307 0.059307 0.059307
2450 6.172329 6.172329 6.172329 0.059307 0.059307 0.059307
2460 6.172329 6.172329 6.172329 0.059307 0.059307 0.059307
2470 6.172329 6.172329 6.172329 0.059307 0.059307 0.059307
2480 6.172329 6.172329 6.172329 0.059307 0.059307 0.059307
2490 6.172329 6.172329 6.172329 0.059307 0.059307 0.059307
2500 6.172329 6.172329 6.172329 0.059307 0.059307 0.059307
2510 6.172329 6.172329 6.172329 0.059307 0.059307 0.059307
2520 6.172329 6.172329 6.172329 0.059307 0.059307 0.059307
2530 6.172329 6.172329 6.172329 0.059307 0.059307 0.059307
2540 6.172329 6.172329 6.172329 0.059307 0.059307 0.059307
2550 6.172329 6.172329 6.172329 0.059307 0.059307 0.059307
2560 6.172329 6.172329 6.172329 0.059307 0.059307 0.059307
2570 6.172329 6.172329 6.172329 0.059307 0.059307 0.059307
2580 6.172329 6.172329 6.172329 0.059307 0.059307 0.059307
2590 6.172329 6.172329 6.172329 0.059307 0.059307 0.059307
2600 6.172329 6.172329 6.172329 0.059307 0.059307 0.059307
2610 6.172329 6.172329 6.172329 0.059307 0.059307 0.059307
2620 6.172329 6.172329 6.172329 0.059307 0.059307 0.059307
2630 6.172329 6.172329 6.172329 0.059307 0.059307 0.059307
2640 6.172329 6.172329 6.172329 0.059307 0.059307 0.059307
2650 6.172329 6.172329 6.172329 0.059307 0.059307 0.059307
2660 6.172329 6.172329 6.172329 0.059307 0.059307 0.059307
2670 6.172329 6.172329 6.172329 0.059307 0.059307 0.059307
2680 6.172329 6.172329 6.172329 0.059307 0.059307 0.059307
2690 6.172329 6.172329 6.172329 0.059307 0.059307 0.059307
2700 6.172329 6.172329 6.172329 0.059307 0.059307 0.059307
2710 6.172329 6.172329 6.172329 0.059307 0.059307 0.059307
2720 6.172329 6.172329 6.172329 0.059307 0.059307 0.059307
2730 6.172329 6.172329 6.172329 0.059307 0.059307 0.059307
2740 6.172329 6.172329 6.172329 0.059307 0.059307 0.059307
2750 6.172329 6.172329 6.172329 0.059307 0.059307 0.059307
2760 6.172329 6.172329 6.172329 0.059307 0.059307 0.059307
2770 6.172329 6.172329 6.172329 0.059307 0.059307 0.059307
2780 6.172329 6.172329 6.172329 0.059307 0.059307 0.059307
2790 6.172329 6.172329 6.172329 0.059307 0.059307 0.059307
2800 6.172329 6.172329 6.172329 0.059307 0.059307 0.059307
2810 6.172329 6.172329 6.172329 0.059307 0.059307 0.059307
2820 6.172329 6.172329 6.172329 0.059307 0.059307 0.059307
2830 6.172329 6.172329 6.172329 0.059307 0.059307 0.059307
2840 6.172329 6.172329 6.172329 0.059307 0.059307 0.059307
2850 6.172329 6.172329 6.172329 0.059307 0.059307 0.059307
2860 6.172329 6.172329 6.172329 0.059307 0.059307 0.059307
2870 6.172329 6.172329 6.172329 0.059307 0.059307 0.059307
2880 6.172329 6.172329 6.172329 0.059307 0.059307 0.059307
2890 6.172329 6.172329 6.172329 0.059307 0.059307 0.059307
2900 6.172329 6.172329 6.172329 0.059307 0.059307 0.059307
2910 6.172329 6.172329 6.172329 0.059307 0.059307 0.059307
2920 6.172329 6.172329 6.172329 0.059307 0.059307 0.059307
2930 6.172329 6.172329 6.172329 0.059307 0.059307 0.059307
2940 6.172329 6.172329 6.172329 0.059307 0.059307 0.059307
2950 6.172329 6.172329 6.172329 0.059307 0.059307 0.059307
2960 6.172329 6.172329 6.172329 0.059307 0.059307 0.059307
2970 6.172329 6.172329 6.172329 0.059307 0.059307 0.059307
2980 6.172329 6.172329 6.172329 0.059307 0.059307 0.059307
2990 6.172329 6.172329 6.172329 0.059307 0.059307 0.059307
3000 6.172329 6.172329 6.172329 0.059307 0.059307 0.059307
3010 6.172329 6.172329 6.172329 0.059307 0.059307 0.059307
3020 6.172329 6.172329 6.172329 0.059307 0.059307 0.059307
3030 6.172329 6.172329 6.172329 0.059307 0.059307 0.059307
3040 6.172329 6.172329 6.172329 0.059307 0.059307 0.059307
3050 6.172329 6.172329 6.172329 0.059307 0.059307 0.059307
3060 6.172329 6.172329 6.172329 0.059307 0.059307 0.059307
3070 6.172329 6.172329 6.172329 0.059307 0.059307 0.059307
3080 6.172329 6.172329 6.172329 0.059307 0.059307 0.059307
3090 6.172329 6.172329 6.172329 0.059307 0.059307 0.059307
3100 6.172329 6.172329 6.172329 0.059307 0.059307 0.059307
3110 6.172329 6.172329 6.172329 0.059307 0.059307 0.059307
3120 6.172329 6.172329 6.172329 0.059307 0.059307 0.059307
3130 6.172329 6.172329 6.172329 0.059307 0.059307 0.059307
3140 6.172329 6.172329 6.172329 0.059307 0.059307 0.059307
3150 6.172329 6.172329 6.172329 0.059307 0.059307 0.059307
3160 6.172329 6.172329 6.172329 0.059307 0.059307 0.059307
3170 6.172329 6.172329 6.172329 0.059307 0.059307 0.059307
3180 6.172329 6.172329 6.172329 0.059307 0.059307 0.059307
3190 6.172329 6.172329 6.172329 0.059307 0.059307 0.059307
3200 6.172329 6.172329 6.172329 0.059307 0.059307 0.059307
3210 6.172329 6.172329 6.172329 0.059307 0.059307 0.059307
3220 6.172329 6.172329 6.172329 0.059307 0.059307 0.059307
3230 6.172329 6.172329 6.172329 0.059307 0.059307 0.059307
3240 6.172329 6.172329 6.172329 0.059307 0.059307 0.059307
3250 6.172329 6.172329 6.172329 0.059307 0.059307 0.059307
3260 6.172329 6.172329 6.172329 0.059307 0.059307 0.059307
3270 6.172329 6.172329 6.172329 0.059307 0.059307 0.059307
3280 6.172329 6.172329 6.172329 0.059307 0.059307 0.059307
3290 6.172329 6.172329 6.172329 0.059307 0.059307 0.059307
3300 6.172329 6.172329 6.172329 0.059307 0.059307 0.059307
3310 6.172329 6.172329 6.172329 0.059307 0.059307 0.059307
3320 6.172329 6.172329 6.172329 0.059307 0.059307 0.059307
3330 6.172329 6.172329 6.172329 0.059307 0.059307 0.059307
3340 6.172329 6.172329 6.172329 0.059307 0.059307 0.059307
3350 6.172329 6.172329 6.172329 0.059307 0.059307 0.059307
3360 6.172329 6.172329 6.172329 0.059307 0.059307 0.059307
3370 6.172329 6.172329 6.172329 0.059307 0.059307 0.059307
3380 6.172329 6.172329 6.172329 0.059307 0.059307 0.059307
3390 6.172329 6.172329 6.172329 0.059307 0.059307 0.059307
3400 6.172329 6.172329 6.172329 0.059307 0.059307 0.059307
3410 6.172329 6.172329 6.172329 0.059307 0.059307 0.059307
3420 6.172329 6.172329 6.172329 0.059307 0.059307 0.059307
3430 6.172329 6.172329 6.172329 0.059307 0.059307 0.059307
3440 6.172329 6.172329 6.172329 0.059307 0.059307 0.059307
3450 6.172329 6.172329 6.172329 0.059307 0.059307 0.059307
3460 6.172329 6.172329 6.172329 0.059307 0.059307 0.059307
3470 6.172329 6.172329 6.172329 0.059307 0.059307 0.059307
3480 6.172329 6.172329 6.172329 0.059307 0.059307 0.059307
3490 6.172329 6.172329 6.172329 0.059307 0.059307 0.059307
3500 6.172329 6.172329 6.172329 0.059307 0.059307 0.059307
3510 6.172329 6.172329 6.172329 0.059307 0.059307 0.059307
3520 6.172329 6.172329 6.172329 0.059307 0.059307 0.059307
3530 6.172329 6.172329 6.172329 0.059307 0.059307 0.059307
3540 6.172329 6.172329 6.172329 0.059307 0.059307 0.059307
3550 6.172329 6.172329 6.172329 0.059307 0.059307 0.059307
3560 6.172329 6.172329 6.172329 0.059307 0.059307 0.059307
3570 6.172329 6.172329 6.172329 0.059307 0.059307 0.059307
3580 6.172329 6.172329 6.172329 0.059307 0.059307 0.059307
3590 6.172329 6.172329 6.172329 0.059307 0.059307 0.059307
3600 6.172329 6.172329 6.172329 0.059307 0.059307 0.059307
3610 6.172329 6.172329 6.172329 0.059307 0.059307 0.059307
3620 6.172329 6.172329 6.172329 0.059307 0.059307 0.059307
3630 6.172329 6.172329 6.172329 0.059307 0.059307 0.059307
3640 6.172329 6.172329 6.172329 0.059307 0.059307 0.059307
3650 6.172329 6.172329 6.172329 0.059307 0.059307 0.059307
3660 6.172329 6.172329 6.172329 0.059307 0.059307 0.059307
3670 6.172329 6.172329 6.172329 0.059307 0.059307 0.059307
3680 6.172329 6.172329 6.172329 0.059307 0.059307 0.059307
3690 6.172329 6.172329 6.172329 0.059307 0.059307 0.059307
3700 6.172329 6.172329 6.172329 0.059307 0.059307 0.059307
3710 6.172329 6.172329 6.172329 0.059307 0.059307 0.059307
3720 6.172329 6.172329 6.172329 0.059307 0.059307 0.059307
3730 6.172329 6.172329 6.172329 0.059307 0.059307 0.059307
3740 6.172329 6.172329 6.172329 0.059307 0.059307 0.059307
3750 6.172329 6.172329 6.172329 0.059307 0.059307 0.059307
3760 6.172329 6.172329 6.172329 0.059307 0.059307 0.059307
3770 6.172329 6.172329 6.172329 0.059307 0.059307 0.059307
3780 6.172329 6.172329 6.172329 0.059307 0.059307 0.059307
3790 6.172329 6.172329 6.172329 0.059307 0.059307 0.059307
3800 6.172329 6.172329 6.172329 0.059307 0.059307 0.059307
3810 6.172329 6.172329 6.172329 0.059307 0.059307 0.059307
3820 6.172329 6.172329 6.172329 0.059307 0.059307 0.059307
3830 6.172329 6.172329 6.172329 0.059307 0.059307 0.059307
3840 6.172329 6.172329 6.172329 0.059307 0.059307 0.059307
3850 6.172329 6.172329 6.172329 0.059307 0.059307 0.059307
3860 6.172329 6.172329 6.172329 0.059307 0.059307 0.059307
3870 6.172329 6.172329 6.172329 0.059307 0.059307 0.059307
3880 6.172329 6.172329 6.172329 0.059307 0.059307 0.059307
3890 6.172329 6.172329 6.172329 0.059307 0.059307 0.059307
3900 6.172329 6.172329 6.172329 0.059307 0.059307 0.059307
3910 6.172329 6.172329 6.172329 0.059307 0.059307 0.059307
3920 6.172329 6.172329 6.172329 0.059307 0.059307 0.059307
3930 6.172329 6.172329 6.172329 0.059307 0.059307 0.059307
3940 6.172329 6.172329 6.172329 0.059307 0.059307 0.059307
3950 6.172329 6.172329 6.172329 0.059307 0.059307 0.059307
3960 6.172329 6.172329 6.172329 0.059307 0.059307 0.059307
3970 6.172329 6.172329 6.172329 0.059307 0.059307 0.059307
3980 6.172329 6.172329 6.172329 0.059307 0.059307 0.059307
3990 6.172329 6.172329 6.172329 0.059307 0.059307 0.059307
4000 6.172329 6.172329 6.172329 0.059307 0.059307 0.059307
4010 6.172329 6.172329 6.172329 0.059307 0.059307 0.059307
4020 6.172329 6.172329 6.172329 0.059307 0.059307 0.059307
4030 6.172329 6.172329 6.172329 0.059307 0.059307 0.059307
4040 6.172329 6.172329 6.172329 0.059307 0.059307 0.059307
4050 6.172329 6.172329 6.172329 0.059307 0.059307 0.059307
4060 6.172329 6.172329 6.172329 0.059307 0.059307 0.059307
4070 6.172329 6.172329 6.172329 0.059307 0.059307 0.059307
4080 6.172329 6.172329 6.172329 0.059307 0.059307 0.059307
4090 6.172329 6.172329 6.172329 0.059307 0.059307 0.059307
4100 6.172329 6.172329 6.172329 0.059307 0.059307 0.059307
4110 6.172329 6.172329 6.172329 0.059307 0.059307 0.059307
4120 6.172329 6.172329 6.172329 0.059307 0.059307 0.059307
4130 6.172329 6.172329 6.172329 0.059307 0.059307 0.059307
4140 6.172329 6.172329 6.172329 0.059307 0.059307 0.059307
4150 6.172329 6.172329 6.172329 0.059307 0.059307 0.059307
4160 6.172329 6.172329 6.172329 0.059307 0.059307 0.059307
4170 6.172329 6.172329 6.172329 0.059307 0.059307 0.059307
4180 6.172329 6.172329 6.172329 0.059307 0.059307 0.059307
4190 6.172329 6.172329 6.172329 0.059307 0.059307 0.059307
4200 6.172329 6.172329 6.172329 0.059307 0.059307 0.059307
4210 6.172329 6.172329 6.172329 0.059307 0.059307 0.059307
4220 6.172329 6.172329 6.172329 0.059307 0.059307 0.059307
4230 6.172329 6.172329 6.172329 0.059307 0.059307 0.059307
4240 6.172329 6.172329 6.172329 0.059307 0.059307 0.059307
4250 6.172329 6.172329 6.172329 0.059307 0.059307 0.059307
4260 6.172329 6.172329 6.172329 0.059307 0.059307 0.059307
4270 6.172329 6.172329 6.172329 0.059307 0.059307 0.059307
4280 6.172329 6.172329 6.172329 0.059307 0.059307 0.059307
4290 6.172329 6.172329 6.172329 0.059307 0.059307 0.059307
4300 6.172329 6.172329 6.172329 0.059307 0.059307 0.059307
4310 6.172329 6.172329 6.172329 0.059307 0.059307 0.059307
4320 6.172329 6.172329 6.172329 0.059307 0.059307 0.059307
4330 6.172329 6.172329 6.172329 0.059307 0.059307 0.059307
4340 6.172329 6.172329 6.172329 0.059307 0.059307 0.059307
4350 6.172329 6.172329 6.172329 0.059307 0.059307 0.059307
4360 6.172329 6.172329 6.172329 0.059307 0.059307 0.059307
4370 6.172329 6.172329 6.172329 0.059307 0.059307 0.059307
4380 6.172329 6.172329 6.172329 0.059307 0.059307 0.059307
4390 6.172329 6.172329 6.172329 0.059307 0.059307 0.059307
4400 6.172329 6.172329 6.172329 0.059307 0.059307 0.059307
4410 6.172329 6.172329 6.172329 0.059307 0.059307 0.059307
4420 6.172329 6.172329 6.172329 0.059307 0.059307 0.059307
4430 6.172329 6.172329 6.172329 0.059307 0.059307 0.059307
4440 6.172329 6.172329 6.172329 0.059307 0.059307 0.059307
4450 6.172329 6.172329 6.172329 0.059307 0.059307 0.059307
4460 6.172329 6.172329 6.172329 0.059307 0.059307 0.059307
4470 6.172329 6.172329 6.172329 0.059307 0.059307 0.059307
4480 6.172329 6.172329 6.172329 0.059307 0.059307 0.059307
4490 6.172329 6.172329 6.172329 0.059307 0.059307 0.059307
4500 6.172329 6.172329 6.172329 0.059307 0.059307 0.059307
4510 6.172329 6.172329 6.172329 0.059307 0.059307 0.059307
4520 6.172329 6.172329 6.172329 0.059307 0.059307 0.059307
4530 6.172329 6.172329 6.172329 0.059307 0.059307 0.059307
4540 6.172329 6.172329 6.172329 0.059307 0.059307 0.059307
4550 6.172329 6.172329 6.172329 0.059307 0.059307 0.059307
4560 6.172329 6.172329 6.172329 0.059307 0.059307 0.059307
4570 6.172329 6.172329 6.172329 0.059307 0.059307 0.059307
4580 6.172329 6.172329 6.172329 0.059307 0.059307 0.059307
4590 6.172329 6.172329 6.172329 0.059307 0.059307 0.059307
4600 6.172329 6.172329 6.172329 0.059307 0.059307 0.059307
4610 6.172329 6.172329 6.172329 0.059307 0.059307 0.059307
4620 6.172329 6.172329 6.172329 0.059307 0.059307 0.059307
4630 6.172329 6.172329 6.172329 0.059307 0.059307 0.059307
4640 6.172329 6.172329 6.172329 0.059307 0.059307 0.059307
4650 6.172329 6.172329 6.172329 0.059307 0.059307 0.059307
4660 6.172329 6.172329 6.172329 0.059307 0.059307 0.059307
4670 6.172329 6.172329 6.172329 0.059307 0.059307 0.059307
4680 6.172329 6.172329 6.172329 0.059307 0.059307 0.059307
4690 6.172329 6.172329 6.172329 0.059307 0.059307 0.059307
4700 6.172329 6.172329 6.172329 0.059307 0.059307 0.059307
4710 6.172329 6.172329 6.172329 0.059307 0.059307 0.059307
4720 6.172329 6.172329 6.172329 0.059307 0.059307 0.059307
4730 6.172329 6.172329 6.172329 0.059307 0.059307 0.059307
4740 6.172329 6.172329 6.172329 0.059307 0.059307 0.059307
4750 6.172329 6.172329 6.172329 0.059307 0.059307 0.059307
4760 6.172329 6.172329 6.172329 0.059307 0.059307 0.059307
4770 6.172329 6.172329 6.172329 0.059307 0.059307 0.059307
4780 6.172329 6.172329 6.172329 0.059307 0.059307 0.059307
4790 6.172329 6.172329 6.172329 0.059307 0.059307 0.059307
4800 6.172329 6.172329 6.172329 0.059307 0.059307 0.059307
4810 6.172329 6.172329 6.172329 0.059307 0.059307 0.059307
4820 6.172329 6.172329 6.172329 0.059307 0.059307 0.059307
4830 6.172329 6.172329 6.172329 0.059307 0.059307 0.059307
4840 6.172329 6.172329 6.172329 0.059307 0.059307 0.059307
4850 6.172329 6.172329 6.172329 0.059307 0.059307 0.059307
4860 6.172329 6.172329 6.172329 0.059307 0.059307 0.059307
4870 6.172329 6.172329 6.172329 0.059307 0.059307 0.059307
4880 6.172329 6.172329 6.172329 0.059307 0.059307 0.059307
4890 6.172329 6.172329 6.172329 0.059307 0.059307 0.059307
4900 6.172329 6.172329 6.172329 0.059307 0.059307 0.059307
4910 6.172329 6.172329 6.172329 0.059307 0.059307 0.059307
4920 6.172329 6.172329 6.172329 0.059307 0.059307 0.059307
4930 6.172329 6.172329 6.172329 0.059307 0.059307 0.059307
4940 6.172329 6.172329 6.172329 0.059307 0.059307 0.059307
4950 6.172329 6.172329 6.172329 0.059307 0.059307 0.059307
4960 6.172329 6.172329 6.172329 0.059307 0.059307 0.059307
4970 6.172329 6.172329 6.172329 0.059307 0.059307 0.059307
4980 6.172329 6.172329 6.172329 0.059307 0.059307 0.059307
4990 6.172329 6.172329 6.172329 0.059307 0.059307 0.059307
5000 6.172329 6.172329 6.172329 0.059307 0.059307 0.059307
5010 6.172329 6.172329 6.172329 0.059307 0.059307 0.059307
5020 6.172329 6.172329 6.172329 0.059307 0.059307 0.059307
5030 6.172329 6.172329 6.172329 0.059307 0.059307 0.059307
5040 6.172329 6.172329 6.172329 0.059307 0.059307 0.059307
5050 6.172329 6.172329 6.172329 0.059307 0.059307 0.059307
5060 6.172329 6.172329 6.172329 0.059307 0.059307 0.059307
5070 6.172329 6.172329 6.172329 0.059307 0.059307 0.059307
5080 6.172329 6.172329 6.172329 0.059307 0.059307 0.059307
5090 6.172329 6.172329 6.172329 0.059307 0.059307 0.059307
5100 6.172329 6.172329 6.172329 0.059307 0.059307 0.059307
5110 6.172329 6.172329 6.172329 0.059307 0.059307 0.059307
5120 6.172329 6.172329 6.172329 0.059307 0.059307 0.059307
5130 6.172329 6.172329 6.172329 0.059307 0.059307 0.059307
5140 6.172329 6.172329 6.172329 0.059307 0.059307 0.059307
5150 6.172329 6.172329 6.172329 0.059307 0.059307 0.059307
5160 6.172329 6.172329 6.172329 0.059307 0.059307 0.059307
5170 6.172329 6.172329 6.172329 0.059307 0.059307 0.059307
5180 6.172329 6.172329 6.172329 0.059307 0.059307 0.059307
5190 6.172329 6.172329 6.172329 0.059307 0.059307 0.059307
5200 6.172329 6.172329 6.172329 0.059307 0.059307 0.059307
5210 6.172329 6.172329 6.172329 0.059307 0.059307 0.059307
5220 6.172329 6.172329 6.172329 0.059307 0.059307 0.059307
5230 6.172329 6.172329 6.172329 0.059307 0.059307 0.059307
5240 6.172329 6.172329 6.172329 0.059307 0.059307 0.059307
5250 6.172329 6.172329 6.172329 0.059307 0.059307 0.059307
5260 6.172329 6.172329 6.172329 0.059307 0.059307 0.059307
5270 6.172329 6.172329 6.172329 0.059307 0.059307 0.059307
5280 6.172329 6.172329 6.172329 0.059307 0.059307 0.059307
5290 6.172329 6.172329 6.172329 0.059307 0.059307 0.059307
5300 6.172329 6.172329 6.172329 0.059307 0.059307 0.059307
5310 6.172329 6.172329 6.172329 0.059307 0.059307 0.059307
5320 6.172329 6.172329 6.172329 0.059307 0.059307 0.059307
5330 6.172329 6.172329 6.172329 0.059307 0.059307 0.059307
5340 6.172329 6.172329 6.172329 0.059307 0.059307 0.059307
5350 6.172329 6.172329 6.172329 0.059307 0.059307 0.059307
5360 6.172329 6.172329 6.172329 0.059307 0.059307 0.059307
5370 6.172329 6.172329 6.172329 0.059307 0.059307 0.059307
5380 6.172329 6.172329 6.172329 0.059307 0.059307 0.059307
5390 6.172329 6.172329 6.172329 0.059307 0.059307 0.059307
5400 6.172329 6.172329 6.172329 0.059307 0.059307 0.059307
5410 6.172329 6.172329 6.172329 0.059307 0.059307 0.059307
5420 6.172329 6.172329 6.172329 0.059307 0.059307 0.059307
5430 6.172329 6.172329 6.172329 0.059307 0.059307 0.059307
5440 6.172329 6.172329 6.172329 0.059307 0.059307 0.059307
5450 6.172329 6.172329 6.172329 0.059307 0.059307 0.059307
5460 6.172329 6.172329 6.172329 0.059307 0.059307 0.059307
5470 6.172329 6.172329 6.172329 0.059307 0.059307 0.059307
5480 6.172329 6.172329 6.172329 0.059307 0.059307 0.059307
5490 6.172329 6.172329 6.172329 0.059307 0.059307 0.059307
5500 6.172329 6.172329 6.172329 0.059307 0.059307 0.059307
5510 6.172329 6.172329 6.172329 0.059307 0.059307 0.059307
5520 6.172329 6.172329 6.172329 0.059307 0.059307 0.059307
5530 6.172329 6.172329 6.172329 0.059307 0.059307 0.059307
5540 6.172329 6.172329 6.172329 0.059307 0.059307 0.059307
5550 6.172329 6.172329 6.172329 0.059307 0.059307 0.059307
5560 6.172329 6.172329 6.172329 0.059307 0.059307 0.059307
5570 6.172329 6.172329 6.172329 0.059307 0.059307 0.059307
5580 6.172329 6.172329 6.172329 0.059307 0.059307 0.059307
5590 6.172329 6.172329 6.172329 0.059307 0.059307 0.059307
5600 6.172329 6.172329 6.172329 0.059307 0.059307 0.059307
5610 6.172329 6.172329 6.172329 0.059307 0.059307 0.059307
5620 6.172329 6.172329 6.172329 0.059307 0.059307 0.059307
5630 6.172329 6.172329 6.172329 0.059307 0.059307 0.059307
5640 6.172329 6.172329 6.172329 0.059307 0.059307 0.059307
5650 6.172329 6.172329 6.172329 0.059307 0.059307 0.059307
5660 6.172329 6.172329 6.172329 0.059307 0.059307 0.059307
5670 6.172329 6.172329 6.172329 0.059307 0.059307 0.059307
5680 6.172329 6.172329 6.172329 0.059307 0.059307 0.059307
5690 6.172329 6.172329 6.172329 0.059307 0.059307 0.059307
5700 6.172329 6.172329 6.172329 0.059307 0.059307 0.059307
5710 6.172329 6.172329 6.172329 0.059307 0.059307 0.059307
5720 6.172329 6.172329 6.172329 0.059307 0.059307 0.059307
5730 6.172329 6.172329 6.172329 0.059307 0.059307 0.059307
5740 6.172329 6.172329 6.172329 0.059307 0.059307 0.059307
5750 6.172329 6.172329 6.172329 0.059307 0.059307 0.059307
5760 6.172329 6.172329 6.172329 0.059307 0.059307 0.059307
5770 6.172329 6.172329 6.172329 0.059307 0.059307 0.059307
5780 6.172329 6.172329 6.172329 0.059307 0.059307 0.059307
5790 6.172329 6.172329 6.172329 0.059307 0.059307 0.059307
5800 6.172329 6.172329 6.172329 0.059307 0.059307 0.059307
5810 6.172329 6.172329 6.172329 0.059307 0.059307 0.059307
5820 6.172329 6.172329 6.172329 0.059307 0.059307 0.059307
5830 6.172329 6.172329 6.172329 0.059307 0.059307 0.059307
5840 6.172329 6.172329 6.172329 0.059307 0.059307 0.059307
5850 6.172329 6.172329 6.172329 0.059307 0.059307 0.059307
5860 6.172329 6.172329 6.172329 0.059307 0.059307 0.059307
5870 6.172329 6.172329 6.172329 0.059307 0.059307 0.059307
5880 6.172329 6.172329 6.172329 0.059307 0.059307 0.059307
5890 6.172329 6.172329 6.172329 0.059307 0.059307 0.059307
5900 6.172329 6.172329 6.172329 0.059307 0.059307 0.059307
5910 6.172329 6.172329 6.172329 0.059307 0.059307 0.059307
5920 6.172329 6.172329 6.172329 0.059307 0.059307 0.059307
5930 6.172329 6.172329 6.172329 0.059307 0.059307 0.059307
5940 6.172329 6.172329 6.172329 0.059307 0.059307 0.059307
5950 6.172329 6.172329 6.172329 0.059307 0.059307 0.059307
5960 6.172329 6.172329 6.172329 0.059307 0.059307 0.059307
5970 6.172329 6.172329 6.172329 0.059307 0.059307 0.059307
5980 6.172329 6.172329 6.172329 0.059307 0.059307 0.059307
5990 6.172329 6.172329 6.172329 0.059307 0.059307 0.059307
6000 6.172329 6.172329 6.172329 0.059307 0.059307 0.059307
6010 6.172329 6.172329 6.172329 0.059307 0.059307 0.059307
6020 6.172329 6.172329 6.172329 0.059307 0.059307 0.059307
6030 6.172329 6.172329 6.172329 0.059307 0.059307 0.059307
6040 6.172329 6.172329 6.172329 0.059307 0.059307 0.059307
6050 6.172329 6.172329 6.172329 0.059307 0.059307 0.059307
6060 6.172329 6.172329 6.172329 0.059307 0.059307 0.059307
6070 6.172329 6.172329 6.172329 0.059307 0.059307 0.059307
6080 6.172329 6.172329 6.172329 0.059307 0.059307 0.059307
6090 6.172329 6.172329 6.172329 0.059307 0.059307 0.059307
6100 6.172329 6.172329 6.172329 0.059307 0.059307 0.059307
6110 6.172329 6.172329 6.172329 0.059307 0.059307 0.059307
6120 6.172329 6.172329 6.172329 0.059307 0.059307 0.059307
6130 6.172329 6.172329 6.172329 0.059307 0.059307 0.059307
6140 6.172329 6.172329 6.172329 0.059307 0.059307 0.059307
6150 6.172329 6.172329 6.172329 0.059307 0.059307 0.059307
6160 6.172329 6.172329 6.172329 0.059307 0.059307 0.059307
6170 6.172329 6.172329 6.172329 0.059307 0.059307 0.059307
6180 6.172329 6.172329 6.172329 0.059307 0.059307 0.059307
6190 6.172329 6.172329 6.172329 0.059307 0.059307 0.059307
6200 6.172329 6.172329 6.172329 0.059307 0.059307 0.059307
6210 6.172329 6.172329 6.172329 0.059307 0.059307 0.059307
6220 6.172329 6.172329 6.172329 0.059307 0.059307 0.059307
6230 6.172329 6.172329 6.172329 0.059307 0.059307 0.059307
6240 6.172329 6.172329 6.172329 0.059307 0.059307 0.059307
6250 6.172329 6.172329 6.172329 0.059307 0.059307 0.059307
6260 6.172329 6.172329 6.172329 0.059307 0.059307 0.059307
6270 6.172329 6.172329 6.172329 0.059307 0.059307 0.059307
6280 6.172329 6.172329 6.172329 0.059307 0.059307 0.059307
6290 6.172329 6.172329 6.172329 0.059307 0.059307 0.059307
6300 6.172329 6.172329 6.172329 0.059307 0.059307 0.059307
6310 6.172329 6.172329 6.172329 0.059307 0.059307 0.059307
6320 6.172329 6.172329 6.172329 0.059307 0.059307 0.059307
6330 6.172329 6.172329 6.172329 0.059307 0.059307 0.059307
6340 6.172329 6.172329 6.172329 0.059307 0.059307 0.059307
6350 6.172329 6.172329 6.172329 0.059307 0.059307 0.059307
6360 6.172329 6.172329 6.172329 0.059307 0.059307 0.059307
6370 6.172329 6.172329 6.172329 0.059307 0.059307 0.059307
6380 6.172329 6.172329 6.172329 0.059307 0.059307 0.059307
6390 6.172329 6.172329 6.172329 0.059307 0.059307 0.059307
6400 6.172329 6.172329 6.172329 0.059307 0.059307 0.059307
6410 6.172329 6.172329 6.172329 0.059307 0.059307 0.059307
6420 6.172329 6.172329 6.172329 0.059307 0.059307 0.059307
6430 6.172329 6.172329 6.172329 0.059307 0.059307 0.059307
6440 6.172329 6.172329 6.172329 0.059307 0.059307 0.059307
6450 6.172329 6.172329 6.172329 0.059307 0.059307 0.059307
6460 6.172329 6.172329 6.172329 0.059307 0.059307 0.059307
6470 6.172329 6.172329 6.172329 0.059307 0.059307 0.059307
6480 6.172329 6.172329 6.172329 0.059307 0.059307 0.059307
6490 6.172329 6.172329 6.172329 0.059307 0.059307 0.059307
6500 6.172329 6.172329 6.172329 0.059307 0.059307 0.059307
6510 6.172329 6.172329 6.172329 0.059307 0.059307 0.059307
6520 6.172329 6.172329 6.172329 0.059307 0.059307 0.059307
6530 6.172329 6.172329 6.172329 0.059307 0.059307 0.059307
6540 6.172329 6.172329 6.172329 0.059307 0.059307 0.059307
6550 6.172329 6.172329 6.172329 0.059307 0.059307 0.059307
6560 6.172329 6.172329 6.172329 0.059307 0.059307 0.059307
6570 6.172329 6.172329 6.172329 0.059307 0.059307 0.059307
6580 6.172329 6.172329 6.172329 0.059307 0.059307 0.059307
6590 6.172329 6.172329 6.172329 0.059307 0.059307 0.059307
6600 6.172329 6.172329 6.172329 0.059307 0.059307 0.059307
6610 6.172329 6.172329 6.172329 0.059307 0.059307 0.059307
6620 6.172329 6.172329 6.172329 0.059307 0.059307 0.059307
6630 6.172329 6.172329 6.172329 0.059307 0.059307 0.059307
6640 6.172329 6.172329 6.172329 0.059307 0.059307 0.059307
6650 6.172329 6.172329 6.172329 0.059307 0.059307 0.059307
6660 6.172329 6.172329 6.172329 0.059307 0.059307 0.059307
6670 6.172329 6.172329 6.172329 0.059307 0.059307 0.059307
6680 6.172329 6.172329 6.172329 0.059307 0.059307 0.059307
6690 6.172329 6.172329 6.172329 0.059307 0.059307 0.059307
6700 6.172329 6.172329 6.172329 0.059307 0.059307 0.059307
6710 6.172329 6.172329 6.172329 0.059307 0.059307 0.059307
6720 6.172329 6.172329 6.172329 0.059307 0.059307 0.059307
6730 6.172329 6.172329 6.172329 0.059307 0.059307 0.059307
6740 6.172329 6.172329 6.172329 0.059307 0.059307 0.059307
6750 6.172329 6.172329 6.172329 0.059307 0.059307 0.059307
6760 6.172329 6.172329 6.172329 0.059307 0.059307 0.059307
6770 6.172329 6.172329 6.172329 0.059307 0.059307 0.059307
6780 6.172329 6.172329 6.172329 0.059307 0.059307 0.059307
6790 6.172329 6.172329 6.172329 0.059307 0.059307 0.059307
6800 6.172329 6.172329 6.172329 0.059307 0.059307 0.059307
6810 6.172329 6.172329 6.172329 0.059307 0.059307 0.059307
6820 6.172329 6.172329 6.172329 0.059307 0.059307 0.059307
6830 6.172329 6.172329 6.172329 0.059307 0.059307 0.059307
6840 6.172329 6.172329 6.172329 0.059307 0.059307 0.059307
6850 6.172329 6.172329 6.172329 0.059307 0.059307 0.059307
6860 6.172329 6.172329 6.172329 0.059307 0.059307 0.059307
6870 6.172329 6.172329 6.172329 0.059307 0.059307 0.059307
6880 6.172329 6.172329 6.172329 0.059307 0.059307 0.059307
6890 6.172329 6.172329 6.172329 0.059307 0.059307 0.059307
6900 6.172329 6.172329 6.172329 0.059307 0.059307 0.059307
6910 6.172329 6.172329 6.172329 0.059307 0.059307 0.059307
6920 6.172329 6.172329 6.172329 0.059307 0.059307 0.059307
6930 6.172329 6.172329 6.172329 0.059307 0.059307 0.059307
6940 6.172329 6.172329 6.172329 0.059307 0.059307 0.059307
6950 6.172329 6.172329 6.172329 0.059307 0.059307 0.059307
6960 6.172329 6.172329 6.172329 0.059307 0.059307 0.059307
6970 6.172329 6.172329 6.172329 0.059307 0.059307 0.059307
6980 6.172329 6.172329 6.172329 0.059307 0.059307 0.059307
6990 6.172329 6.172329 6.172329 0.059307 0.059307 0.059307
7000 6.172329 6.172329 6.172329 0.059307 0.059307 0.059307
7010 6.172329 6.172329 6.172329 0.059307 0.059307 0.059307
7020 6.172329 6.172329 6.172329 0.059307 0.059307 0.059307
7030 6.172329 6.172329 6.172329 0.059307 0.059307 0.059307
7040 6.172329 6.172329 6.172329 0.059307 0.059307 0.059307
7050 6.172329 6.172329 6.172329 0.059307 0.059307 0.059307
7060 6.172329 6.172329 6.172329 0.059307 0.059307 0.059307
7070 6.172329 6.172329 6.172329 0.059307 0.059307 0.059307
7080 6.172329 6.172329 6.172329 0.059307 0.059307 0.059307
7090 6.172329 6.172329 6.172329 0.059307 0.059307 0.059307
7100 6.172329 6.172329 6.172329 0.059307 0.059307 0.059307
7110 6.172329 6.172329 6.172329 0.059307 0.059307 0.059307
7120 6.172329 6.172329 6.172329 0.059307 0.059307 0.059307
7130 6.172329 6.172329 6.172329 0.059307 0.059307 0.059307
7140 6.172329 6.172329 6.172329 0.059307 0.059307 0.059307
7150 6.172329 6.172329 6.172329 0.059307 0.059307 0.059307
7160 6.172329 6.172329 6.172329 0.059307 0.059307 0.059307
7170 6.172329 6.172329 6.172329 0.059307 0.059307 0.059307
7180 6.172329 6.172329 6.172329 0.059307 0.059307 0.059307
7190 6.172329 6.172329 6.172329 0.059307 0.059307 0.059307
7200 6.172329 6.172329 6.172329 0.059307 0.059307 0.059307
7210 6.172329 6.172329 6.172329 0.059307 0.059307 0.059307
7220 6.172329 6.172329 6.172329 0.059307 0.059307 0.059307
7230 6.172329 6.172329 6.172329 0.059307 0.059307 0.059307
7240 6.172329 6.172329 6.172329 0.059307 0.059307 0.059307
7250 6.172329 6.172329 6.172329 0.059307 0.059307 0.059307
7260 6.172329 6.172329 6.172329 0.059307 0.059307 0.059307
7270 6.172329 6.172329 6.172329 0.059307 0.059307 0.059307
7280 6.172329 6.172329 6.172329 0.059307 0.059307 0.059307
7290 6.172329 6.172329 6.172329 0.059307 0.059307 0.059307
7300 6.172329 6.172329 6.172329 0.059307 0.059307 0.059307
7310 6.172329 6.172329 6.172329 0.059307 0.059307 0.059307
7320 6.172329 6.172329 6.172329 0.059307 0.059307 0.059307
7330 6.172329 6.172329 6.172329 0.059307 0.059307 0.059307
7340 6.172329 6.172329 6.172329 0.059307 0.059307 0.059307
7350 6.172329 6.172329 6.172329 0.059307 0.059307 0.059307
7360 6.172329 6.172329 6.172329 0.059307 0.059307 0.059307
7370 6.172329 6.172329 6.172329 0.059307 0.059307 0.059307
7380 6.172329 6.172329 6.172329 0.059307 0.059307 0.059307
7390 6.172329 6.172329 6.172329 0.059307 0.059307 0.059307
7400 6.172329 6.172329 6.172329 0.059307 0.059307 0.059307
7410 6.172329 6.172329 6.172329 0.059307 0.059307 0.059307
7420 6.172329 6.172329 6.172329 0.059307 0.059307 0.059307
7430 6.172329 6.172329 6.172329 0.059307 0.059307 0.059307
7440 6.172329 6.172329 6.172329 0.059307 0.059307 0.059307
7450 6.172329 6.172329 6.172329 0.059307 0.059307 0.059307
7460 6.172329 6.172329 6.172329 0.059307 0.059307 0.059307
7470 6.172329 6.172329 6.172329 0.059307 0.059307 0.059307
7480 6.172329 6.172329 6.172329 0.059307 0.059307 0.059307
7490 6.172329 6.172329 6.172329 0.059307 0.059307 0.059307
7500 6.172329 6.172329 6.172329 0.059307 0.059307 0.059307
7510 6.172329 6.172329 6.172329 0.059307 0.059307 0.059307
7520 6.172329 6.172329 6.172329 0.059307 0.059307 0.059307
7530 6.172329 6.172329 6.172329 0.059307 0.059307 0.059307
7540 6.172329 6.172329 6.172329 0.059307 0.059307 0.059307
7550 6.172329 6.172329 6.172329 0.059307 0.059307 0.059307
7560 6.172329 6.172329 6.172329 0.059307 0.059307 0.059307
7570 6.172329 6.172329 6.172329 0.059307 0.059307 0.059307
7580 6.172329 6.172329 6.172329 0.059307 0.059307 0.059307
7590 6.172329 6.172329 6.172329 0.059307 0.059307 0.059307
7600 6.172329 6.172329 6.172329 0.059307 0.059307 0.059307
7610 6.172329 6.172329 6.172329 0.059307 0.059307 0.059307
7620 6.172329 6.172329 6.172329 0.059307 0.059307 0.059307
7630 6.172329 6.172329 6.172329 0.059307 0.059307 0.059307
7640 6.172329 6.172329 6.172329 0.059307 0.059307 0.059307
7650 6.172329 6.172329 6.172329 0.059307 0.059307 0.059307
7660 6.172329 6.172329 6.172329 0.059307 0.059307 0.059307
7670 6.172329 6.172329 6.172329 0.059307 0.059307 0.059307
7680 6.172329 6.172329 6.172329 0.059307 0.059307 0.059307
7690 6.172329 6.172329 6.172329 0.059307 0.059307 0.059307
7700 6.172329 6.172329 6.172329 0.059307 0.059307 0.059307
7710 6.172329 6.172329 6.172329 0.059307 0.059307 0.059307
7720 6.172329 6.172329 6.172329 0.059307 0.059307 0.059307
7730 6.172329 6.172329 6.172329 0.059307 0.059307 0.059307
7740 6.172329 6.172329 6.172329 0.059307 0.059307 0.059307
7750 6.172329 6.172329 6.172329 0.059307 0.059307 0.059307
7760 6.172329 6.172329 6.172329 0.059307 0.059307 0.059307
7770 6.172329 6.172329 6.172329 0.059307 0.059307 0.059307
7780 6.172329 6.172329 6.172329 0.059307 0.059307 0.059307
7790 6.172329 6.172329 6.172329 0.059307 0.059307 0.059307
7800 6.172329 6.172329 6.172329 0.059307 0.059307 0.059307
7810 6.172329 6.172329 6.172329 0.059307 0.059307 0.059307
7820 6.172329 6.172329 6.172329 0.059307 0.059307 0.059307
7830 6.172329 6.172329 6.172329 0.059307 0.059307 0.059307
7840 6.172329 6.172329 6.172329 0.059307 0.059307 0.059307
7850 6.172329 6.172329 6.172329 0.059307 0.059307 0.059307
7860 6.172329 6.172329 6.172329 0.059307 0.059307 0.059307
7870 6.172329 6.172329 6.172329 0.059307 0.059307 0.059307
7880 6.172329 6.172329 6.172329 0.059307 0.059307 0.059307
7890 6.172329 6.172329 6.172329 0.059307 0.059307 0.059307
7900 6.172329 6.172329 6.172329 0.059307 0.059307 0.059307
7910 6.172329 6.172329 6.172329 0.059307 0.059307 0.059307
7920 6.172329 6.172329 6.172329 0.059307 0.059307 0.059307
7930 6.172329 6.172329 6.172329 0.059307 0.059307 0.059307
7940 6.172329 6.172329 6.172329 0.059307 0.059307 0.059307
7950 6.172329 6.172329 6.172329 0.059307 0.059307 0.059307
7960 6.172329 6.172329 6.172329 0.059307 0.059307 0.059307
7970 6.172329 6.172329 6.172329 0.059307 0.059307 0.059307
7980 6.172329 6.172329 6.172329 0.059307 0.059307 0.059307
7990 6.172329 6.172329 6.172329 0.059307 0.059307 0.059307
8000 6.172329 6.172329 6.172329 0.059307 0.059307 0.059307
8010 6.172329 6.172329 6.172329 0.059307 0.059307 0.059307
8020 6.172329 6.172329 6.172329 0.059307 0.059307 0.059307
8030 6.172329 6.172329 6.172329 0.059307 0.059307 0.059307
8040 6.172329 6.172329 6.172329 0.059307 0.059307 0.059307
8050 6.172329 6.172329 6.172329 0.059307 0.059307 0.059307
8060 6.172329 6.172329 6.172329 0.059307 0.059307 0.059307
8070 6.172329 6.172329 6.172329 0.059307 0.059307 0.059307
8080 6.172329 6.172329 6.172329 0.059307 0.059307 0.059307
8090 6.172329 6.172329 6.172329 0.059307 0.059307 0.059307
8100 6.172329 6.172329 6.172329 0.059307 0.059307 0.059307
8110 6.172329 6.172329 6.172329 0.059307 0.059307 0.059307
8120 6.172329 6.172329 6.172329 0.059307 0.059307 0.059307
8130 6.172329 6.172329 6.172329 0.059307 0.059307 0.059307
8140 6.172329 6.172329 6.172329 0.059307 0.059307 0.059307
8150 6.172329 6.172329 6.172329 0.059307 0.059307 0.059307
8160 6.172329 6.172329 6.172329 0.059307 0.059307 0.059307
8170 6.172329 6.172329 6.172329 0.059307 0.059307 0.059307
8180 6.172329 6.172329 6.172329 0.059307 0.059307 0.059307
8190 6.172329 6.172329 6.172329 0.059307 0.059307 0.059307
8200 6.172329 6.172329 6.172329 0.059307 0.059307 0.059307
8210 6.172329 6.172329 6.172329 0.059307 0.059307 0.059307
8220 6.172329 6.172329 6.172329 0.059307 0.059307 0.059307
8230 6.172329 6.172329 6.172329 0.059307 0.059307 0.059307
8240 6.172329 6.172329 6.172329 0.059307 0.059307 0.059307
8250 6.172329 6.172329 6.172329 0.059307 0.059307 0.059307
8260 6.172329 6.172329 6.172329 0.059307 0.059307 0.059307
8270 6.172329 6.172329 6.172329 0.059307 0.059307 0.059307
8280 6.172329 6.172329 6.172329 0.059307 0.059307 0.059307
8290 6.172329 6.172329 6.172329 0.059307 0.059307 0.059307
8300 6.172329 6.172329 6.172329 0.059307 0.059307 0.059307
8310 6.172329 6.172329 6.172329 0.059307 0.059307 0.059307
8320 6.172329 6.172329 6.172329 0.059307 0.059307 0.059307
8330 6.172329 6.172329 6.172329 0.059307 0.059307 0.059307
8340 6.172329 6.172329 6.172329 0.059307 0.059307 0.059307
8350 6.172329 6.172329 6.172329 0.059307 0.059307 0.059307
8360 6.172329 6.172329 6.172329 0.059307 0.059307 0.059307
8370 6.172329 6.172329 6.172329 0.059307 0.059307 0.059307
8380 6.172329 6.172329 6.172329 0.059307 0.059307 0.059307
8390 6.172329 6.172329 6.172329 0.059307 0.059307 0.059307
8400 6.172329 6.172329 6.172329 0.059307 0.059307 0.059307
8410 6.172329 6.172329 6.172329 0.059307 0.059307 0.059307
8420 6.172329 6.172329 6.172329 0.059307 0.059307 0.059307
8430 6.172329 6.172329 6.172329 0.059307 0.059307 0.059307
8440 6.172329 6.172329 6.172329 0.059307 0.059307 0.059307
8450 6.172329 6.172329 6.172329 0.059307 0.059307 0.059307
8460 6.172329 6.172329 6.172329 0.059307 0.059307 0.059307
8470 6.172329 6.172329 6.172329 0.059307 0.059307 0.059307
8480 6.172329 6.172329 6.172329 0.059307 0.059307 0.059307
8490 6.172329 6.172329 6.172329 0.059307 0.059307 0.059307
8500 6.172329 6.172329 6.172329 0.059307 0.059307 0.059307
8510 6.172329 6.172329 6.172329 0.059307 0.059307 0.059307
8520 6.172329 6.172329 6.172329 0.059307 0.059307 0.059307
8530 6.172329 6.172329 6.172329 0.059307 0.059307 0.059307
8540 6.172329 6.172329 6.172329 0.059307 0.059307 0.059307
8550 6.172329 6.172329 6.172329 0.059307 0.059307 0.059307
8560 6.172329 6.172329 6.172329 0.059307 0.059307 0.059307
8570 6.172329 6.172329 6.172329 0.059307 0.059307 0.059307
8580 6.172329 6.172329 6.172329 0.059307 0.059307 0.059307
8590 6.172329 6.172329 6.172329 0.059307 0.059307 0.059307
8600 6.172329 6.172329 6.172329 0.059307 0.059307 0.059307
8610 6.172329 6.172329 6.172329 0.059307 0.059307 0.059307
8620 6.172329 6.172329 6.172329 0.059307 0.059307 0.059307
8630 6.172329 6.172329 6.172329 0.059307 0.059307 0.059307
8640 6.172329 6.172329 6.172329 0.059307 0.059307 0.059307
8650 6.172329 6.172329 6.172329 0.059307 0.059307 0.059307
8660 6.172329 6.172329 6.172329 0.059307 0.059307 0.059307
8670 6.172329 6.172329 6.172329 0.059307 0.059307 0.059307
8680 6.172329 6.172329 6.172329 0.059307 0.059307 0.059307
8690 6.172329 6.172329 6.172329 0.059307 0.059307 0.059307
8700 6.172329 6.172329 6.172329 0.059307 0.059307 0.059307
8710 6.172329 6.172329 6.172329 0.059307 0.059307 0.059307
8720 6.172329 6.172329 6.172329 0.059307 0.059307 0.059307
8730 6.172329 6.172329 6.172329 0.059307 0.059307 0.059307
8740 6.172329 6.172329 6.172329 0.059307 0.059307 0.059307
8750 6.172329 6.172329 6.172329 0.059307 0.059307 0.059307
8760 6.172329 6.172329 6.172329 0.059307 0.059307 0.059307
8770 6.172329 6.172329 6.172329 0.059307 0.059307 0.059307
8780 6.172329 6.172329 6.172329 0.059307 0.059307 0.059307
8790 6.172329 6.172329 6.172329 0.059307 0.059307 0.059307
8800 6.172329 6.172329 6.172329 0.059307 0.059307 0.059307
8810 6.172329 6.172329 6.172329 0.059307 0.059307 0.059307
8820 6.172329 6.172329 6.172329 0.059307 0.059307 0.059307
8830 6.172329 6.172329 6.172329 0.059307 0.059307 0.059307
8840 6.172329 6.172329 6.172329 0.059307 0.059307 0.059307
8850 6.172329 6.172329 6.172329 0.059307 0.059307 0.059307
8860 6.172329 6.172329 6.172329 0.059307 0.059307 0.059307
8870 6.172329 6.172329 6.172329 0.059307 0.059307 0.059307
8880 6.172329 6.172329 6.172329 0.059307 0.059307 0.059307
8890 6.172329 6.172329 6.172329 0.059307 0.059307 0.059307
8900 6.172329 6.172329 6.172329 0.059307 0.059307 0.059307
8910 6.172329 6.172329 6.172329 0.059307 0.059307 0.059307
8920 6.172329 6.172329 6.172329 0.059307 0.059307 0.059307
8930 6.172329 6.172329 6.172329 0.059307 0.059307 0.059307
8940 6.172329 6.172329 6.172329 0.059307 0.059307 0.059307
8950 6.172329 6.172329 6.172329 0.059307 0.059307 0.059307
8960 6.172329 6.172329 6.172329 0.059307 0.059307 0.059307
8970 6.172329 6.172329 6.172329 0.059307 0.059307 0.059307
8980 6.172329 6.172329 6.172329 0.059307 0.059307 0.059307
8990 6.172329 6.172329 6.172329 0.059307 0.059307 0.059307
9000 6.172329 6.172329 6.172329 0.059307 0.059307 0.059307
9010 6.172329 6.172329 6.172329 0.059307 0.059307 0.059307
9020 6.172329 6.172329 6.172329 0.059307 0.059307 0.059307
9030 6.172329 6.172329 6.172329 0.059307 0.059307 0.059307
9040 6.172329 6.172329 6.172329 0.059307 0.059307 0.059307
9050 6.172329 6.172329 6.172329 0.059307 0.059307 0.059307
9060 6.172329 6.172329 6.172329 0.059307 0.059307 0.059307
9070 6.172329 6.172329 6.172329 0.059307 0.059307 0.059307
9080 6.172329 6.172329 6.172329 0.059307 0.059307 0.059307
9090 6.172329 6.172329 6.172329 0.059307 0.059307 0.059307
9100 6.172329 6.172329 6.172329 0.059307 0.059307 0.059307
9110 6.172329 6.172329 6.172329 0.059307 0.059307 0.059307
9120 6.172329 6.172329 6.172329 0.059307 0.059307 0.059307
9130 6.172329 6.172329 6.172329 0.059307 0.059307 0.059307
9140 6.172329 6.172329 6.172329 0.059307 0.059307 0.059307
9150 6.172329 6.172329 6.172329 0.059307 0.059307 0.059307
9160 6.172329 6.172329 6.172329 0.059307 0.059307 0.059307
9170 6.172329 6.172329 6.172329 0.059307 0.059307 0.059307
9180 6.172329 6.172329 6.172329 0.059307 0.059307 0.059307
9190 6.172329 6.172329 6.172329 0.059307 0.059307 0.059307
9200 6.172329 6.172329 6.172329 0.059307 0.059307 0.059307
9210 6.172329 6.172329 6.172329 0.059307 0.059307 0.059307
9220 6.172329 6.172329 6.172329 0.059307 0.059307 0.059307
9230 6.172329 6.172329 6.172329 0.059307 0.059307 0.059307
9240 6.172329 6.172329 6.172329 0.059307 0.059307 0.059307
9250 6.172329 6.172329 6.172329 0.059307 0.059307 0.059307
9260 6.172329 6.172329 6.172329 0.059307 0.059307 0.059307
9270 6.172329 6.172329 6.172329 0.059307 0.059307 0.059307
9280 6.172329 6.172329 6.172329 0.059307 0.059307 0.059307
9290 6.172329 6.172329 6.172329 0.059307 0.059307 0.059307
9300 6.172329 6.172329 6.172329 0.059307 0.059307 0.059307
9310 6.172329 6.172329 6.172329 0.059307 0.059307 0.059307
9320 6.172329 6.172329 6.172329 0.059307 0.059307 0.059307
9330 6.172329 6.172329 6.172329 0.059307 0.059307 0.059307
9340 6.172329 6.172329 6.172329 0.059307 0.059307 0.059307
9350 6.172329 6.172329 6.172329 0.059307 0.059307 0.059307
9360 6.172329 6.172329 6.172329 0.059307 0.059307 0.059307
9370 6.172329 6.172329 6.172329 0.059307 0.059307 0.059307
9380 6.172329 6.172329 6.172329 0.059307 0.059307 0.059307
9390 6.172329 6.172329 6.172329 0.059307 0.059307 0.059307
9400 6.172329 6.172329 6.172329 0.059307 0.059307 0.059307
9410 6.172329 6.172329 6.172329 0.059307 0.059307 0.059307
9420 6.172329 6.172329 6.172329 0.059307 0.059307 0.059307
9430 6.172329 6.172329 6.172329 0.059307 0.059307 0.059307
9440 6.172329 6.172329 6.172329 0.059307 0.059307 0.059307
9450 6.172329 6.172329 6.172329 0.059307 0.059307 0.059307
9460 6.172329 6.172329 6.172329 0.059307 0.059307 0.059307
9470 6.172329 6.172329 6.172329 0.059307 0.059307 0.059307
9480 6.172329 6.172329 6.172329 0.059307 0.059307 0.059307
9490 6.172329 6.172329 6.172329 0.059307 0.059307 0.059307
9500 6.172329 6.172329 6.172329 0.059307 0.059307 0.059307
9510 6.172329 6.172329 6.172329 0.059307 0.059307 0.059307
9520 6.172329 6.172329 6.172329 0.059307 0.059307 0.059307
9530 6.172329 6.172329 6.172329 0.059307 0.059307 0.059307
9540 6.172329 6.172329 6.172329 0.059307 0.059307 0.059307
9550 6.172329 6.172329 6.172329 0.059307 0.059307 0.059307
9560 6.172329 6.172329 6.172329 0.059307 0.059307 0.059307
9570 6.172329 6.172329 6.172329 0.059307 0.059307 0.059307
9580 6.172329 6.172329 6.172329 0.059307 0.059307 0.059307
9590 6.172329 6.172329 6.172329 0.059307 0.059307 0.059307
9600 6.172329 6.172329 6.172329 0.059307 0.059307 0.059307
9610 6.172329 6.172329 6.172329 0.059307 0.059307 0.059307
9620 6.172329 6.172329 6.172329 0.059307 0.059307 0.059307
9630 6.172329 6.172329 6.172329 0.059307 0.059307 0.059307
9640 6.172329 6.172329 6.172329 0.059307 0.059307 0.059307
9650 6.172329 6.172329 6.172329 0.059307 0.059307 0.059307
9660 6.172329 6.172329 6.172329 0.059307 0.059307 0.059307
9670 6.172329 6.172329 6.172329 0.059307 0.059307 0.059307
9680 6.172329 6.172329 6.172329 0.059307 0.059307 0.059307
9690 6.172329 6.172329 6.172329 0.059307 0.059307 0.059307
9700 6.172329 6.172329 6.172329 0.059307 0.059307 0.059307
9710 6.172329 6.172329 6.172329 0.059307 0.059307 0.059307
9720 6.172329 6.172329 6.172329 0.059307 0.059307 0.059307
9730 6.172329 6.172329 6.172329 0.059307 0.059307 0.059307
9740 6.172329 6.172329 6.172329 0.059307 0.059307 0.059307
9750 6.172329 6.172329 6.172329 0.059307 0.059307 0.059307
9760 6.172329 6.172329 6.172329 0.059307 0.059307 0.059307
9770 6.172329 6.172329 6.172329 0.059307 0.059307 0.059307
9780 6.172329 6.172329 6.172329 0.059307 0.059307 0.059307
9790 6.172329 6.172329 6.172329 0.059307 0.059307 0.059307
9800 6.172329 6.172329 6.172329 0.059307 0.059307 0.059307
9810 6.172329 6.172329 6.172329 0.059307 0.059307 0.059307
9820 6.172329 6.172329 6.172329 0.059307 0.059307 0.059307
9830 6.172329 6.172329 6.172329 0.059307 0.059307 0.059307
9840 6.172329 6.172329 6.172329 0.059307 0.059307 0.059307
9850 6.172329 6.172329 6.172329 0.059307 0.059307 0.059307
9860 6.172329 6.172329 6.172329 0.059307 0.059307 0.059307
9870 6.172329 6.172329 6.172329 0.059307 0.059307 0.059307
9880 6.172329 6.172329 6.172329 0.059307 0.059307 0.059307
9890 6.172329 6.172329 6.172329 0.059307 0.059307 0.059307
9900 6.172329 6.172329 6.172329 0.059307 0.059307 0.059307
9910 6.172329 6.172329 6.172329 0.059307 0.059307 0.059307
9920 6.172329 6.172329 6.172329 0.059307 0.059307 0.059307
9930 6.172329 6.172329 6.172329 0.059307 0.059307 0.059307
9940 6.172329 6.172329 6.172329 0.059307 0.059307 0.059307
9950 6.172329 6.172329 6.172329 0.059307 0.059307 0.059307
9960 6.172329 6.172329 6.172329 0.059307 0.059307 0.059307
9970 6.172329 6.172329 6.172329 0.059307 0.059307 0.059307
9980 6.172329 6.172329 6.172329 0.059307 0.059307 0.059307
9990 6.172329 6.172329 6.172329 0.059307 0.059307 0.059307
10000 6.734400 6.734400 6.734400 0.071783 0.071783 0.071783
