# generation power_min power_avg power_max util_min util_avg util_max
1 7.173823 8.902736 10.591484 0.331748 0.481434 0.631549
10 7.173823 8.718292 9.870958 0.331748 0.483705 0.631549
20 7.173823 8.541846 9.590117 0.331748 0.483455 0.624810
30 7.173823 8.387959 9.239058 0.331748 0.482157 0.624810
40 7.173823 8.232377 9.015207 0.331748 0.482682 0.624810
50 7.086646 8.082197 8.875233 0.351171 0.481560 0.624810
60 7.086646 7.948654 8.651781 0.349355 0.481221 0.617777
70 7.013402 7.826750 8.531397 0.349355 0.484885 0.617777
80 6.778317 7.705302 8.404318 0.349355 0.485210 0.686147
90 6.632970 7.570416 8.252469 0.349355 0.484604 0.686147
100 6.562292 7.455607 8.091211 0.349355 0.483300 0.686147
110 6.203657 7.329448 7.938312 0.349355 0.486071 0.686147
120 6.197530 7.211429 7.834602 0.349355 0.483301 0.686147
130 6.197530 7.114407 7.707750 0.349355 0.483754 0.686147
140 6.197530 7.020432 7.605154 0.349355 0.483604 0.686147
150 6.002732 6.900094 7.494097 0.349355 0.484806 0.686147
160 5.841232 6.795667 7.381360 0.349355 0.482985 0.686147
170 5.724854 6.698711 7.194767 0.366710 0.482978 0.686147
180 5.585154 6.592204 7.140071 0.362376 0.480266 0.686147
190 5.392139 6.492488 7.062003 0.362376 0.481719 0.686147
200 5.392139 6.381502 6.934646 0.362376 0.475593 0.686147
210 5.392139 6.278364 6.831603 0.362376 0.476992 0.686147
220 5.392139 6.176984 6.740388 0.362376 0.471998 0.592345
230 5.071489 6.073295 6.632970 0.362376 0.475224 0.592345
240 5.071489 5.985823 6.503793 0.335759 0.475694 0.592345
250 5.071489 5.887989 6.421596 0.335759 0.475939 0.592345
260 4.968852 5.788626 6.337873 0.335759 0.476652 0.592345
270 4.863675 5.684486 6.232235 0.335759 0.480086 0.592345
280 4.786810 5.584800 6.105636 0.335759 0.482703 0.592345
290 4.785124 5.486444 6.050278 0.335759 0.483937 0.591278
300 4.785124 5.400114 5.905527 0.365759 0.487127 0.591278
310 4.675656 5.312015 5.784372 0.365759 0.488921 0.591278
320 4.646857 5.226720 5.668075 0.365759 0.490092 0.591278
330 4.520162 5.146450 5.585154 0.365759 0.491096 0.591278
340 4.468659 5.078797 5.511906 0.405758 0.492458 0.591278
350 4.403459 5.004867 5.426729 0.405758 0.492835 0.591278
360 4.403459 4.942063 5.321932 0.405758 0.494846 0.590740
370 4.245981 4.874221 5.225899 0.407431 0.495289 0.590740
380 4.245981 4.813629 5.134751 0.407431 0.498933 0.590740
390 4.223709 4.758589 5.083225 0.407431 0.497898 0.590740
400 4.223709 4.692375 5.041706 0.407431 0.500848 0.590740
410 4.221590 4.631899 4.963070 0.407431 0.500206 0.574997
420 4.146472 4.568424 4.884885 0.407431 0.501249 0.590171
430 3.926586 4.498659 4.825779 0.407431 0.502530 0.590171
440 3.926586 4.444310 4.786810 0.407431 0.502980 0.590171
450 3.926586 4.384146 4.709174 0.407431 0.502589 0.590171
460 3.865603 4.321758 4.639161 0.426570 0.503134 0.590171
470 3.858078 4.257984 4.575233 0.426570 0.502049 0.590171
480 3.778110 4.209638 4.497346 0.426570 0.498153 0.590171
490 3.711908 4.148779 4.454641 0.426570 0.499832 0.590171
500 3.671177 4.092707 4.393608 0.426570 0.499352 0.590171
510 3.671177 4.045478 4.311969 0.426570 0.498761 0.573292
520 3.588233 3.995911 4.271235 0.427557 0.499201 0.569605
530 3.588233 3.945107 4.218878 0.427557 0.501211 0.569605
540 3.532038 3.898177 4.173711 0.427557 0.503067 0.566779
550 3.530489 3.843402 4.140689 0.442033 0.504424 0.568528
560 3.518083 3.791892 4.059038 0.442033 0.504027 0.568528
570 3.425226 3.745250 3.976799 0.450609 0.506879 0.568528
580 3.155159 3.699645 3.954165 0.445944 0.505949 0.568528
590 3.155159 3.655703 3.882039 0.445944 0.507281 0.568528
600 3.155159 3.617727 3.865603 0.445944 0.504554 0.568528
610 3.105741 3.575503 3.804180 0.445944 0.502982 0.568528
620 3.105741 3.537115 3.741309 0.445944 0.502978 0.568528
630 3.105741 3.500778 3.694314 0.445944 0.502740 0.568528
640 3.105741 3.468860 3.636270 0.450609 0.502744 0.568528
650 3.045924 3.431495 3.600569 0.472244 0.501793 0.568528
660 2.957345 3.394521 3.563990 0.472244 0.499577 0.534131
670 2.930392 3.357054 3.543254 0.472244 0.499102 0.534131
680 2.867972 3.319826 3.529934 0.472244 0.498476 0.534131
690 2.867972 3.282801 3.504842 0.455494 0.496805 0.534131
700 2.858309 3.246733 3.463379 0.455494 0.495359 0.534131
710 2.822578 3.194600 3.425226 0.455494 0.494846 0.534131
720 2.775030 3.152215 3.377618 0.455494 0.495033 0.534131
730 2.775030 3.108332 3.351172 0.455494 0.494701 0.523788
740 2.775030 3.066934 3.306902 0.455494 0.493738 0.523788
750 2.775030 3.027995 3.271302 0.455494 0.494539 0.523788
760 2.775030 2.984612 3.247274 0.465236 0.494960 0.523788
770 2.756450 2.943692 3.184084 0.464552 0.494150 0.522307
780 2.752828 2.906920 3.148323 0.464552 0.493881 0.522307
790 2.752828 2.871870 3.089044 0.464552 0.491523 0.521786
800 2.752828 2.847761 3.018970 0.464552 0.490973 0.521786
810 2.737443 2.822860 2.970541 0.464552 0.488663 0.513565
820 2.737443 2.805486 2.912744 0.464552 0.487371 0.513565
830 2.737443 2.793398 2.858309 0.464552 0.486484 0.513747
840 2.735522 2.783886 2.841018 0.464552 0.485649 0.513747
850 2.722265 2.774382 2.834958 0.456966 0.483492 0.513747
860 2.722265 2.767183 2.812915 0.456966 0.480960 0.513747
870 2.722265 2.760866 2.795624 0.456966 0.478639 0.513747
880 2.722265 2.755555 2.790713 0.456966 0.476167 0.513747
890 2.722265 2.751346 2.775030 0.456966 0.474220 0.495552
900 2.722265 2.748273 2.773741 0.456966 0.474966 0.495552
910 2.722265 2.744750 2.761361 0.456966 0.475462 0.495552
920 2.718034 2.741673 2.756450 0.465576 0.473849 0.494868
930 2.718034 2.739222 2.752828 0.465576 0.473165 0.482912
940 2.718034 2.736256 2.752828 0.465576 0.472631 0.482912
950 2.718034 2.733687 2.752828 0.465576 0.472455 0.482912
960 2.718034 2.730589 2.752828 0.465576 0.471802 0.482912
970 2.718034 2.728106 2.737443 0.465576 0.471197 0.478926
980 2.718034 2.726699 2.735522 0.465576 0.469992 0.478926
990 2.718034 2.725506 2.735522 0.465576 0.468916 0.478926
1000 2.718034 2.724011 2.735522 0.465576 0.467776 0.478926
1010 2.718034 2.722601 2.735522 0.465576 0.466608 0.478926
1020 2.718034 2.721715 2.722265 0.465576 0.465757 0.466971
1030 2.718034 2.721588 2.722265 0.465576 0.465799 0.466971
1040 2.718034 2.721334 2.722265 0.465576 0.465883 0.466971
1050 2.718034 2.721165 2.722265 0.465576 0.465939 0.466971
1060 2.718034 2.720954 2.722265 0.465576 0.466008 0.466971
1070 2.718034 2.720658 2.722265 0.465576 0.466106 0.466971
1080 2.718034 2.720277 2.722265 0.465576 0.466232 0.466971
1090 2.718034 2.719896 2.722265 0.465576 0.466357 0.466971
1100 2.718034 2.719473 2.722265 0.465576 0.466497 0.466971
1110 2.718034 2.719050 2.722265 0.465576 0.466636 0.466971
1120 2.718034 2.718627 2.722265 0.465576 0.466776 0.466971
1130 2.718034 2.718204 2.722265 0.465576 0.466915 0.466971
1140 2.718034 2.718034 2.718034 0.466971 0.466971 0.466971
1150 2.718034 2.718034 2.718034 0.466971 0.466971 0.466971
1160 2.718034 2.718034 2.718034 0.466971 0.466971 0.466971
1170 2.718034 2.718034 2.718034 0.466971 0.466971 0.466971
1180 2.718034 2.718034 2.718034 0.466971 0.466971 0.466971
1190 2.718034 2.718034 2.718034 0.466971 0.466971 0.466971
1200 2.718034 2.718034 2.718034 0.466971 0.466971 0.466971
1210 2.718034 2.718034 2.718034 0.466971 0.466971 0.466971
1220 2.718034 2.718034 2.718034 0.466971 0.466971 0.466971
1230 2.718034 2.718034 2.718034 0.466971 0.466971 0.466971
1240 2.718034 2.718034 2.718034 0.466971 0.466971 0.466971
1250 2.718034 2.718034 2.718034 0.466971 0.466971 0.466971
1260 2.718034 2.718034 2.718034 0.466971 0.466971 0.466971
1270 2.718034 2.718034 2.718034 0.466971 0.466971 0.466971
1280 2.718034 2.718034 2.718034 0.466971 0.466971 0.466971
1290 2.718034 2.718034 2.718034 0.466971 0.466971 0.466971
1300 2.718034 2.718034 2.718034 0.466971 0.466971 0.466971
1310 2.718034 2.718034 2.718034 0.466971 0.466971 0.466971
1320 2.718034 2.718034 2.718034 0.466971 0.466971 0.466971
1330 2.718034 2.718034 2.718034 0.466971 0.466971 0.466971
1340 2.718034 2.718034 2.718034 0.466971 0.466971 0.466971
1350 2.718034 2.718034 2.718034 0.466971 0.466971 0.466971
1360 2.718034 2.718034 2.718034 0.466971 0.466971 0.466971
1370 2.718034 2.718034 2.718034 0.466971 0.466971 0.466971
1380 2.718034 2.718034 2.718034 0.466971 0.466971 0.466971
1390 2.718034 2.718034 2.718034 0.466971 0.466971 0.466971
1400 2.718034 2.718034 2.718034 0.466971 0.466971 0.466971
1410 2.718034 2.718034 2.718034 0.466971 0.466971 0.466971
1420 2.718034 2.718034 2.718034 0.466971 0.466971 0.466971
1430 2.718034 2.718034 2.718034 0.466971 0.466971 0.466971
1440 2.718034 2.718034 2.718034 0.466971 0.466971 0.466971
1450 2.718034 2.718034 2.718034 0.466971 0.466971 0.466971
1460 2.718034 2.718034 2.718034 0.466971 0.466971 0.466971
1470 2.718034 2.718034 2.718034 0.466971 0.466971 0.466971
1480 2.718034 2.718034 2.718034 0.466971 0.466971 0.466971
1490 2.718034 2.718034 2.718034 0.466971 0.466971 0.466971
1500 2.718034 2.718034 2.718034 0.466971 0.466971 0.466971
1510 2.718034 2.718034 2.718034 0.466971 0.466971 0.466971
1520 2.718034 2.718034 2.718034 0.466971 0.466971 0.466971
1530 2.718034 2.718034 2.718034 0.466971 0.466971 0.466971
1540 2.718034 2.718034 2.718034 0.466971 0.466971 0.466971
1550 2.718034 2.718034 2.718034 0.466971 0.466971 0.466971
1560 2.718034 2.718034 2.718034 0.466971 0.466971 0.466971
1570 2.718034 2.718034 2.718034 0.466971 0.466971 0.466971
1580 2.718034 2.718034 2.718034 0.466971 0.466971 0.466971
1590 2.718034 2.718034 2.718034 0.466971 0.466971 0.466971
1600 2.718034 2.718034 2.718034 0.466971 0.466971 0.466971
1610 2.718034 2.718034 2.718034 0.466971 0.466971 0.466971
1620 2.718034 2.718034 2.718034 0.466971 0.466971 0.466971
1630 2.718034 2.718034 2.718034 0.466971 0.466971 0.466971
1640 2.718034 2.718034 2.718034 0.466971 0.466971 0.466971
1650 2.718034 2.718034 2.718034 0.466971 0.466971 0.466971
1660 2.718034 2.718034 2.718034 0.466971 0.466971 0.466971
1670 2.718034 2.718034 2.718034 0.466971 0.466971 0.466971
1680 2.718034 2.718034 2.718034 0.466971 0.466971 0.466971
1690 2.718034 2.718034 2.718034 0.466971 0.466971 0.466971
1700 2.718034 2.718034 2.718034 0.466971 0.466971 0.466971
1710 2.718034 2.718034 2.718034 0.466971 0.466971 0.466971
1720 2.718034 2.718034 2.718034 0.466971 0.466971 0.466971
1730 2.718034 2.718034 2.718034 0.466971 0.466971 0.466971
1740 2.718034 2.718034 2.718034 0.466971 0.466971 0.466971
1750 2.718034 2.718034 2.718034 0.466971 0.466971 0.466971
1760 2.718034 2.718034 2.718034 0.466971 0.466971 0.466971
1770 2.718034 2.718034 2.718034 0.466971 0.466971 0.466971
1780 2.718034 2.718034 2.718034 0.466971 0.466971 0.466971
1790 2.718034 2.718034 2.718034 0.466971 0.466971 0.466971
1800 2.718034 2.718034 2.718034 0.466971 0.466971 0.466971
1810 2.718034 2.718034 2.718034 0.466971 0.466971 0.466971
1820 2.718034 2.718034 2.718034 0.466971 0.466971 0.466971
1830 2.718034 2.718034 2.718034 0.466971 0.466971 0.466971
1840 2.718034 2.718034 2.718034 0.466971 0.466971 0.466971
1850 2.718034 2.718034 2.718034 0.466971 0.466971 0.466971
1860 2.718034 2.718034 2.718034 0.466971 0.466971 0.466971
1870 2.718034 2.718034 2.718034 0.466971 0.466971 0.466971
1880 2.718034 2.718034 2.718034 0.466971 0.466971 0.466971
1890 2.718034 2.718034 2.718034 0.466971 0.466971 0.466971
1900 2.718034 2.718034 2.718034 0.466971 0.466971 0.466971
1910 2.718034 2.718034 2.718034 0.466971 0.466971 0.466971
1920 2.718034 2.718034 2.718034 0.466971 0.466971 0.466971
1930 2.718034 2.718034 2.718034 0.466971 0.466971 0.466971
1940 2.718034 2.718034 2.718034 0.466971 0.466971 0.466971
1950 2.718034 2.718034 2.718034 0.466971 0.466971 0.466971
1960 2.718034 2.718034 2.718034 0.466971 0.466971 0.466971
1970 2.718034 2.718034 2.718034 0.466971 0.466971 0.466971
1980 2.718034 2.718034 2.718034 0.466971 0.466971 0.466971
1990 2.718034 2.718034 2.718034 0.466971 0.466971 0.466971
2000 2.718034 2.718034 2.718034 0.466971 0.466971 0.466971
2010 2.718034 2.718034 2.718034 0.466971 0.466971 0.466971
2020 2.718034 2.718034 2.718034 0.466971 0.466971 0.466971
2030 2.718034 2.718034 2.718034 0.466971 0.466971 0.466971
2040 2.718034 2.718034 2.718034 0.466971 0.466971 0.466971
2050 2.718034 2.718034 2.718034 0.466971 0.466971 0.466971
2060 2.718034 2.718034 2.718034 0.466971 0.466971 0.466971
2070 2.718034 2.718034 2.718034 0.466971 0.466971 0.466971
2080 2.718034 2.718034 2.718034 0.466971 0.466971 0.466971
2090 2.718034 2.718034 2.718034 0.466971 0.466971 0.466971
2100 2.718034 2.718034 2.718034 0.466971 0.466971 0.466971
2110 2.718034 2.718034 2.718034 0.466971 0.466971 0.466971
2120 2.718034 2.718034 2.718034 0.466971 0.466971 0.466971
2130 2.718034 2.718034 2.718034 0.466971 0.466971 0.466971
2140 2.718034 2.718034 2.718034 0.466971 0.466971 0.466971
2150 2.718034 2.718034 2.718034 0.466971 0.466971 0.466971
2160 2.718034 2.718034 2.718034 0.466971 0.466971 0.466971
2170 2.718034 2.718034 2.718034 0.466971 0.466971 0.466971
2180 2.718034 2.718034 2.718034 0.466971 0.466971 0.466971
2190 2.718034 2.718034 2.718034 0.466971 0.466971 0.466971
2200 2.718034 2.718034 2.718034 0.466971 0.466971 0.466971
2210 2.718034 2.718034 2.718034 0.466971 0.466971 0.466971
2220 2.718034 2.718034 2.718034 0.466971 0.466971 0.466971
2230 2.718034 2.718034 2.718034 0.466971 0.466971 0.466971
2240 2.718034 2.718034 2.718034 0.466971 0.466971 0.466971
2250 2.718034 2.718034 2.718034 0.466971 0.466971 0.466971
2260 2.718034 2.718034 2.718034 0.466971 0.466971 0.466971
2270 2.718034 2.718034 2.718034 0.466971 0.466971 0.466971
2280 2.718034 2.718034 2.718034 0.466971 0.466971 0.466971
2290 2.718034 2.718034 2.718034 0.466971 0.466971 0.466971
2300 2.718034 2.718034 2.718034 0.466971 0.466971 0.466971
2310 2.718034 2.718034 2.718034 0.466971 0.466971 0.466971
2320 2.718034 2.718034 2.718034 0.466971 0.466971 0.466971
2330 2.718034 2.718034 2.718034 0.466971 0.466971 0.466971
2340 2.718034 2.718034 2.718034 0.466971 0.466971 0.466971
2350 2.718034 2.718034 2.718034 0.466971 0.466971 0.466971
2360 2.718034 2.718034 2.718034 0.466971 0.466971 0.466971
2370 2.718034 2.718034 2.718034 0.466971 0.466971 0.466971
2380 2.718034 2.718034 2.718034 0.466971 0.466971 0.466971
2390 2.718034 2.718034 2.718034 0.466971 0.466971 0.466971
2400 2.718034 2.718034 2.718034 0.466971 0.466971 0.466971
2410 2.718034 2.718034 2.718034 0.466971 0.466971 0.466971
2420 2.718034 2.718034 2.718034 0.466971 0.466971 0.466971
2430 2.718034 2.718034 2.718034 0.466971 0.466971 0.466971
2440 2.718034 2.718034 2.718034 0.466971 0.466971 0.466971
2450 2.718034 2.718034 2.718034 0.466971 0.466971 0.466971
2460 2.718034 2.718034 2.718034 0.466971 0.466971 0.466971
2470 2.718034 2.718034 2.718034 0.466971 0.466971 0.466971
2480 2.718034 2.718034 2.718034 0.466971 0.466971 0.466971
2490 2.718034 2.718034 2.718034 0.466971 0.466971 0.466971
2500 2.718034 2.718034 2.718034 0.466971 0.466971 0.466971
2510 2.718034 2.718034 2.718034 0.466971 0.466971 0.466971
2520 2.718034 2.718034 2.718034 0.466971 0.466971 0.466971
2530 2.718034 2.718034 2.718034 0.466971 0.466971 0.466971
2540 2.718034 2.718034 2.718034 0.466971 0.466971 0.466971
2550 2.718034 2.718034 2.718034 0.466971 0.466971 0.466971
2560 2.718034 2.718034 2.718034 0.466971 0.466971 0.466971
2570 2.718034 2.718034 2.718034 0.466971 0.466971 0.466971
2580 2.718034 2.718034 2.718034 0.466971 0.466971 0.466971
2590 2.718034 2.718034 2.718034 0.466971 0.466971 0.466971
2600 2.718034 2.718034 2.718034 0.466971 0.466971 0.466971
2610 2.718034 2.718034 2.718034 0.466971 0.466971 0.466971
2620 2.718034 2.718034 2.718034 0.466971 0.466971 0.466971
2630 2.718034 2.718034 2.718034 0.466971 0.466971 0.466971
2640 2.718034 2.718034 2.718034 0.466971 0.466971 0.466971
2650 2.718034 2.718034 2.718034 0.466971 0.466971 0.466971
2660 2.718034 2.718034 2.718034 0.466971 0.466971 0.466971
2670 2.718034 2.718034 2.718034 0.466971 0.466971 0.466971
2680 2.718034 2.718034 2.718034 0.466971 0.466971 0.466971
2690 2.718034 2.718034 2.718034 0.466971 0.466971 0.466971
2700 2.718034 2.718034 2.718034 0.466971 0.466971 0.466971
2710 2.718034 2.718034 2.718034 0.466971 0.466971 0.466971
2720 2.718034 2.718034 2.718034 0.466971 0.466971 0.466971
2730 2.718034 2.718034 2.718034 0.466971 0.466971 0.466971
2740 2.718034 2.718034 2.718034 0.466971 0.466971 0.466971
2750 2.718034 2.718034 2.718034 0.466971 0.466971 0.466971
2760 2.718034 2.718034 2.718034 0.466971 0.466971 0.466971
2770 2.718034 2.718034 2.718034 0.466971 0.466971 0.466971
2780 2.718034 2.718034 2.718034 0.466971 0.466971 0.466971
2790 2.718034 2.718034 2.718034 0.466971 0.466971 0.466971
2800 2.718034 2.718034 2.718034 0.466971 0.466971 0.466971
2810 2.718034 2.718034 2.718034 0.466971 0.466971 0.466971
2820 2.718034 2.718034 2.718034 0.466971 0.466971 0.466971
2830 2.718034 2.718034 2.718034 0.466971 0.466971 0.466971
2840 2.718034 2.718034 2.718034 0.466971 0.466971 0.466971
2850 2.718034 2.718034 2.718034 0.466971 0.466971 0.466971
2860 2.718034 2.718034 2.718034 0.466971 0.466971 0.466971
2870 2.718034 2.718034 2.718034 0.466971 0.466971 0.466971
2880 2.718034 2.718034 2.718034 0.466971 0.466971 0.466971
2890 2.718034 2.718034 2.718034 0.466971 0.466971 0.466971
2900 2.718034 2.718034 2.718034 0.466971 0.466971 0.466971
2910 2.718034 2.718034 2.718034 0.466971 0.466971 0.466971
2920 2.718034 2.718034 2.718034 0.466971 0.466971 0.466971
2930 2.718034 2.718034 2.718034 0.466971 0.466971 0.466971
2940 2.718034 2.718034 2.718034 0.466971 0.466971 0.466971
2950 2.718034 2.718034 2.718034 0.466971 0.466971 0.466971
2960 2.718034 2.718034 2.718034 0.466971 0.466971 0.466971
2970 2.718034 2.718034 2.718034 0.466971 0.466971 0.466971
2980 2.718034 2.718034 2.718034 0.466971 0.466971 0.466971
2990 2.718034 2.718034 2.718034 0.466971 0.466971 0.466971
3000 2.718034 2.718034 2.718034 0.466971 0.466971 0.466971
3010 2.718034 2.718034 2.718034 0.466971 0.466971 0.466971
3020 2.718034 2.718034 2.718034 0.466971 0.466971 0.466971
3030 2.718034 2.718034 2.718034 0.466971 0.466971 0.466971
3040 2.718034 2.718034 2.718034 0.466971 0.466971 0.466971
3050 2.718034 2.718034 2.718034 0.466971 0.466971 0.466971
3060 2.718034 2.718034 2.718034 0.466971 0.466971 0.466971
3070 2.718034 2.718034 2.718034 0.466971 0.466971 0.466971
3080 2.718034 2.718034 2.718034 0.466971 0.466971 0.466971
3090 2.718034 2.718034 2.718034 0.466971 0.466971 0.466971
3100 2.718034 2.718034 2.718034 0.466971 0.466971 0.466971
3110 2.718034 2.718034 2.718034 0.466971 0.466971 0.466971
3120 2.718034 2.718034 2.718034 0.466971 0.466971 0.466971
3130 2.718034 2.718034 2.718034 0.466971 0.466971 0.466971
3140 2.718034 2.718034 2.718034 0.466971 0.466971 0.466971
3150 2.718034 2.718034 2.718034 0.466971 0.466971 0.466971
3160 2.718034 2.718034 2.718034 0.466971 0.466971 0.466971
3170 2.718034 2.718034 2.718034 0.466971 0.466971 0.466971
3180 2.718034 2.718034 2.718034 0.466971 0.466971 0.466971
3190 2.718034 2.718034 2.718034 0.466971 0.466971 0.466971
3200 2.718034 2.718034 2.718034 0.466971 0.466971 0.466971
3210 2.718034 2.718034 2.718034 0.466971 0.466971 0.466971
3220 2.718034 2.718034 2.718034 0.466971 0.466971 0.466971
3230 2.718034 2.718034 2.718034 0.466971 0.466971 0.466971
3240 2.718034 2.718034 2.718034 0.466971 0.466971 0.466971
3250 2.718034 2.718034 2.718034 0.466971 0.466971 0.466971
3260 2.718034 2.718034 2.718034 0.466971 0.466971 0.466971
3270 2.718034 2.718034 2.718034 0.466971 0.466971 0.466971
3280 2.718034 2.718034 2.718034 0.466971 0.466971 0.466971
3290 2.718034 2.718034 2.718034 0.466971 0.466971 0.466971
3300 2.718034 2.718034 2.718034 0.466971 0.466971 0.466971
3310 2.718034 2.718034 2.718034 0.466971 0.466971 0.466971
3320 2.718034 2.718034 2.718034 0.466971 0.466971 0.466971
3330 2.718034 2.718034 2.718034 0.466971 0.466971 0.466971
3340 2.718034 2.718034 2.718034 0.466971 0.466971 0.466971
3350 2.718034 2.718034 2.718034 0.466971 0.466971 0.466971
3360 2.718034 2.718034 2.718034 0.466971 0.466971 0.466971
3370 2.718034 2.718034 2.718034 0.466971 0.466971 0.466971
3380 2.718034 2.718034 2.718034 0.466971 0.466971 0.466971
3390 2.718034 2.718034 2.718034 0.466971 0.466971 0.466971
3400 2.718034 2.718034 2.718034 0.466971 0.466971 0.466971
3410 2.718034 2.718034 2.718034 0.466971 0.466971 0.466971
3420 2.718034 2.718034 2.718034 0.466971 0.466971 0.466971
3430 2.718034 2.718034 2.718034 0.466971 0.466971 0.466971
3440 2.718034 2.718034 2.718034 0.466971 0.466971 0.466971
3450 2.718034 2.718034 2.718034 0.466971 0.466971 0.466971
3460 2.718034 2.718034 2.718034 0.466971 0.466971 0.466971
3470 2.718034 2.718034 2.718034 0.466971 0.466971 0.466971
3480 2.718034 2.718034 2.718034 0.466971 0.466971 0.466971
3490 2.718034 2.718034 2.718034 0.466971 0.466971 0.466971
3500 2.718034 2.718034 2.718034 0.466971 0.466971 0.466971
3510 2.718034 2.718034 2.718034 0.466971 0.466971 0.466971
3520 2.718034 2.718034 2.718034 0.466971 0.466971 0.466971
3530 2.718034 2.718034 2.718034 0.466971 0.466971 0.466971
3540 2.718034 2.718034 2.718034 0.466971 0.466971 0.466971
3550 2.718034 2.718034 2.718034 0.466971 0.466971 0.466971
3560 2.718034 2.718034 2.718034 0.466971 0.466971 0.466971
3570 2.718034 2.718034 2.718034 0.466971 0.466971 0.466971
3580 2.718034 2.718034 2.718034 0.466971 0.466971 0.466971
3590 2.718034 2.718034 2.718034 0.466971 0.466971 0.466971
3600 2.718034 2.718034 2.718034 0.466971 0.466971 0.466971
3610 2.718034 2.718034 2.718034 0.466971 0.466971 0.466971
3620 2.718034 2.718034 2.718034 0.466971 0.466971 0.466971
3630 2.718034 2.718034 2.718034 0.466971 0.466971 0.466971
3640 2.718034 2.718034 2.718034 0.466971 0.466971 0.466971
3650 2.718034 2.718034 2.718034 0.466971 0.466971 0.466971
3660 2.718034 2.718034 2.718034 0.466971 0.466971 0.466971
3670 2.718034 2.718034 2.718034 0.466971 0.466971 0.466971
3680 2.718034 2.718034 2.718034 0.466971 0.466971 0.466971
3690 2.718034 2.718034 2.718034 0.466971 0.466971 0.466971
3700 2.718034 2.718034 2.718034 0.466971 0.466971 0.466971
3710 2.718034 2.718034 2.718034 0.466971 0.466971 0.466971
3720 2.718034 2.718034 2.718034 0.466971 0.466971 0.466971
3730 2.718034 2.718034 2.718034 0.466971 0.466971 0.466971
3740 2.718034 2.718034 2.718034 0.466971 0.466971 0.466971
3750 2.718034 2.718034 2.718034 0.466971 0.466971 0.466971
3760 2.718034 2.718034 2.718034 0.466971 0.466971 0.466971
3770 2.718034 2.718034 2.718034 0.466971 0.466971 0.466971
3780 2.718034 2.718034 2.718034 0.466971 0.466971 0.466971
3790 2.718034 2.718034 2.718034 0.466971 0.466971 0.466971
3800 2.718034 2.718034 2.718034 0.466971 0.466971 0.466971
3810 2.718034 2.718034 2.718034 0.466971 0.466971 0.466971
3820 2.718034 2.718034 2.718034 0.466971 0.466971 0.466971
3830 2.718034 2.718034 2.718034 0.466971 0.466971 0.466971
3840 2.718034 2.718034 2.718034 0.466971 0.466971 0.466971
3850 2.718034 2.718034 2.718034 0.466971 0.466971 0.466971
3860 2.718034 2.718034 2.718034 0.466971 0.466971 0.466971
3870 2.718034 2.718034 2.718034 0.466971 0.466971 0.466971
3880 2.718034 2.718034 2.718034 0.466971 0.466971 0.466971
3890 2.718034 2.718034 2.718034 0.466971 0.466971 0.466971
3900 2.718034 2.718034 2.718034 0.466971 0.466971 0.466971
3910 2.718034 2.718034 2.718034 0.466971 0.466971 0.466971
3920 2.718034 2.718034 2.718034 0.466971 0.466971 0.466971
3930 2.718034 2.718034 2.718034 0.466971 0.466971 0.466971
3940 2.718034 2.718034 2.718034 0.466971 0.466971 0.466971
3950 2.718034 2.718034 2.718034 0.466971 0.466971 0.466971
3960 2.718034 2.718034 2.718034 0.466971 0.466971 0.466971
3970 2.718034 2.718034 2.718034 0.466971 0.466971 0.466971
3980 2.718034 2.718034 2.718034 0.466971 0.466971 0.466971
3990 2.718034 2.718034 2.718034 0.466971 0.466971 0.466971
4000 2.718034 2.718034 2.718034 0.466971 0.466971 0.466971
4010 2.718034 2.718034 2.718034 0.466971 0.466971 0.466971
4020 2.718034 2.718034 2.718034 0.466971 0.466971 0.466971
4030 2.718034 2.718034 2.718034 0.466971 0.466971 0.466971
4040 2.718034 2.718034 2.718034 0.466971 0.466971 0.466971
4050 2.718034 2.718034 2.718034 0.466971 0.466971 0.466971
4060 2.718034 2.718034 2.718034 0.466971 0.466971 0.466971
4070 2.718034 2.718034 2.718034 0.466971 0.466971 0.466971
4080 2.718034 2.718034 2.718034 0.466971 0.466971 0.466971
4090 2.718034 2.718034 2.718034 0.466971 0.466971 0.466971
4100 2.718034 2.718034 2.718034 0.466971 0.466971 0.466971
4110 2.718034 2.718034 2.718034 0.466971 0.466971 0.466971
4120 2.718034 2.718034 2.718034 0.466971 0.466971 0.466971
4130 2.718034 2.718034 2.718034 0.466971 0.466971 0.466971
4140 2.718034 2.718034 2.718034 0.466971 0.466971 0.466971
4150 2.718034 2.718034 2.718034 0.466971 0.466971 0.466971
4160 2.718034 2.718034 2.718034 0.466971 0.466971 0.466971
4170 2.718034 2.718034 2.718034 0.466971 0.466971 0.466971
4180 2.718034 2.718034 2.718034 0.466971 0.466971 0.466971
4190 2.718034 2.718034 2.718034 0.466971 0.466971 0.466971
4200 2.718034 2.718034 2.718034 0.466971 0.466971 0.466971
4210 2.718034 2.718034 2.718034 0.466971 0.466971 0.466971
4220 2.718034 2.718034 2.718034 0.466971 0.466971 0.466971
4230 2.718034 2.718034 2.718034 0.466971 0.466971 0.466971
4240 2.718034 2.718034 2.718034 0.466971 0.466971 0.466971
4250 2.718034 2.718034 2.718034 0.466971 0.466971 0.466971
4260 2.718034 2.718034 2.718034 0.466971 0.466971 0.466971
4270 2.718034 2.718034 2.718034 0.466971 0.466971 0.466971
4280 2.718034 2.718034 2.718034 0.466971 0.466971 0.466971
4290 2.718034 2.718034 2.718034 0.466971 0.466971 0.466971
4300 2.718034 2.718034 2.718034 0.466971 0.466971 0.466971
4310 2.718034 2.718034 2.718034 0.466971 0.466971 0.466971
4320 2.718034 2.718034 2.718034 0.466971 0.466971 0.466971
4330 2.718034 2.718034 2.718034 0.466971 0.466971 0.466971
4340 2.718034 2.718034 2.718034 0.466971 0.466971 0.466971
4350 2.718034 2.718034 2.718034 0.466971 0.466971 0.466971
4360 2.718034 2.718034 2.718034 0.466971 0.466971 0.466971
4370 2.718034 2.718034 2.718034 0.466971 0.466971 0.466971
4380 2.718034 2.718034 2.718034 0.466971 0.466971 0.466971
4390 2.718034 2.718034 2.718034 0.466971 0.466971 0.466971
4400 2.718034 2.718034 2.718034 0.466971 0.466971 0.466971
4410 2.718034 2.718034 2.718034 0.466971 0.466971 0.466971
4420 2.718034 2.718034 2.718034 0.466971 0.466971 0.466971
4430 2.718034 2.718034 2.718034 0.466971 0.466971 0.466971
4440 2.718034 2.718034 2.718034 0.466971 0.466971 0.466971
4450 2.718034 2.718034 2.718034 0.466971 0.466971 0.466971
4460 2.718034 2.718034 2.718034 0.466971 0.466971 0.466971
4470 2.718034 2.718034 2.718034 0.466971 0.466971 0.466971
4480 2.718034 2.718034 2.718034 0.466971 0.466971 0.466971
4490 2.718034 2.718034 2.718034 0.466971 0.466971 0.466971
4500 2.718034 2.718034 2.718034 0.466971 0.466971 0.466971
4510 2.718034 2.718034 2.718034 0.466971 0.466971 0.466971
4520 2.718034 2.718034 2.718034 0.466971 0.466971 0.466971
4530 2.718034 2.718034 2.718034 0.466971 0.466971 0.466971
4540 2.718034 2.718034 2.718034 0.466971 0.466971 0.466971
4550 2.718034 2.718034 2.718034 0.466971 0.466971 0.466971
4560 2.718034 2.718034 2.718034 0.466971 0.466971 0.466971
4570 2.718034 2.718034 2.718034 0.466971 0.466971 0.466971
4580 2.718034 2.718034 2.718034 0.466971 0.466971 0.466971
4590 2.718034 2.718034 2.718034 0.466971 0.466971 0.466971
4600 2.718034 2.718034 2.718034 0.466971 0.466971 0.466971
4610 2.718034 2.718034 2.718034 0.466971 0.466971 0.466971
4620 2.718034 2.718034 2.718034 0.466971 0.466971 0.466971
4630 2.718034 2.718034 2.718034 0.466971 0.466971 0.466971
4640 2.718034 2.718034 2.718034 0.466971 0.466971 0.466971
4650 2.718034 2.718034 2.718034 0.466971 0.466971 0.466971
4660 2.718034 2.718034 2.718034 0.466971 0.466971 0.466971
4670 2.718034 2.718034 2.718034 0.466971 0.466971 0.466971
4680 2.718034 2.718034 2.718034 0.466971 0.466971 0.466971
4690 2.718034 2.718034 2.718034 0.466971 0.466971 0.466971
4700 2.718034 2.718034 2.718034 0.466971 0.466971 0.466971
4710 2.718034 2.718034 2.718034 0.466971 0.466971 0.466971
4720 2.718034 2.718034 2.718034 0.466971 0.466971 0.466971
4730 2.718034 2.718034 2.718034 0.466971 0.466971 0.466971
4740 2.718034 2.718034 2.718034 0.466971 0.466971 0.466971
4750 2.718034 2.718034 2.718034 0.466971 0.466971 0.466971
4760 2.718034 2.718034 2.718034 0.466971 0.466971 0.466971
4770 2.718034 2.718034 2.718034 0.466971 0.466971 0.466971
4780 2.718034 2.718034 2.718034 0.466971 0.466971 0.466971
4790 2.718034 2.718034 2.718034 0.466971 0.466971 0.466971
4800 2.718034 2.718034 2.718034 0.466971 0.466971 0.466971
4810 2.718034 2.718034 2.718034 0.466971 0.466971 0.466971
4820 2.718034 2.718034 2.718034 0.466971 0.466971 0.466971
4830 2.718034 2.718034 2.718034 0.466971 0.466971 0.466971
4840 2.718034 2.718034 2.718034 0.466971 0.466971 0.466971
4850 2.718034 2.718034 2.718034 0.466971 0.466971 0.466971
4860 2.718034 2.718034 2.718034 0.466971 0.466971 0.466971
4870 2.718034 2.718034 2.718034 0.466971 0.466971 0.466971
4880 2.718034 2.718034 2.718034 0.466971 0.466971 0.466971
4890 2.718034 2.718034 2.718034 0.466971 0.466971 0.466971
4900 2.718034 2.718034 2.718034 0.466971 0.466971 0.466971
4910 2.718034 2.718034 2.718034 0.466971 0.466971 0.466971
4920 2.718034 2.718034 2.718034 0.466971 0.466971 0.466971
4930 2.718034 2.718034 2.718034 0.466971 0.466971 0.466971
4940 2.718034 2.718034 2.718034 0.466971 0.466971 0.466971
4950 2.718034 2.718034 2.718034 0.466971 0.466971 0.466971
4960 2.718034 2.718034 2.718034 0.466971 0.466971 0.466971
4970 2.718034 2.718034 2.718034 0.466971 0.466971 0.466971
4980 2.718034 2.718034 2.718034 0.466971 0.466971 0.466971
4990 2.718034 2.718034 2.718034 0.466971 0.466971 0.466971
5000 2.718034 2.718034 2.718034 0.466971 0.466971 0.466971
5010 2.718034 2.718034 2.718034 0.466971 0.466971 0.466971
5020 2.718034 2.718034 2.718034 0.466971 0.466971 0.466971
5030 2.718034 2.718034 2.718034 0.466971 0.466971 0.466971
5040 2.718034 2.718034 2.718034 0.466971 0.466971 0.466971
5050 2.718034 2.718034 2.718034 0.466971 0.466971 0.466971
5060 2.718034 2.718034 2.718034 0.466971 0.466971 0.466971
5070 2.718034 2.718034 2.718034 0.466971 0.466971 0.466971
5080 2.718034 2.718034 2.718034 0.466971 0.466971 0.466971
5090 2.718034 2.718034 2.718034 0.466971 0.466971 0.466971
5100 2.718034 2.718034 2.718034 0.466971 0.466971 0.466971
5110 2.718034 2.718034 2.718034 0.466971 0.466971 0.466971
5120 2.718034 2.718034 2.718034 0.466971 0.466971 0.466971
5130 2.718034 2.718034 2.718034 0.466971 0.466971 0.466971
5140 2.718034 2.718034 2.718034 0.466971 0.466971 0.466971
5150 2.718034 2.718034 2.718034 0.466971 0.466971 0.466971
5160 2.718034 2.718034 2.718034 0.466971 0.466971 0.466971
5170 2.718034 2.718034 2.718034 0.466971 0.466971 0.466971
5180 2.718034 2.718034 2.718034 0.466971 0.466971 0.466971
5190 2.718034 2.718034 2.718034 0.466971 0.466971 0.466971
5200 2.718034 2.718034 2.718034 0.466971 0.466971 0.466971
5210 2.718034 2.718034 2.718034 0.466971 0.466971 0.466971
5220 2.718034 2.718034 2.718034 0.466971 0.466971 0.466971
5230 2.718034 2.718034 2.718034 0.466971 0.466971 0.466971
5240 2.718034 2.718034 2.718034 0.466971 0.466971 0.466971
5250 2.718034 2.718034 2.718034 0.466971 0.466971 0.466971
5260 2.718034 2.718034 2.718034 0.466971 0.466971 0.466971
5270 2.718034 2.718034 2.718034 0.466971 0.466971 0.466971
5280 2.718034 2.718034 2.718034 0.466971 0.466971 0.466971
5290 2.718034 2.718034 2.718034 0.466971 0.466971 0.466971
5300 2.718034 2.718034 2.718034 0.466971 0.466971 0.466971
5310 2.718034 2.718034 2.718034 0.466971 0.466971 0.466971
5320 2.718034 2.718034 2.718034 0.466971 0.466971 0.466971
5330 2.718034 2.718034 2.718034 0.466971 0.466971 0.466971
5340 2.718034 2.718034 2.718034 0.466971 0.466971 0.466971
5350 2.718034 2.718034 2.718034 0.466971 0.466971 0.466971
5360 2.718034 2.718034 2.718034 0.466971 0.466971 0.466971
5370 2.718034 2.718034 2.718034 0.466971 0.466971 0.466971
5380 2.718034 2.718034 2.718034 0.466971 0.466971 0.466971
5390 2.718034 2.718034 2.718034 0.466971 0.466971 0.466971
5400 2.718034 2.718034 2.718034 0.466971 0.466971 0.466971
5410 2.718034 2.718034 2.718034 0.466971 0.466971 0.466971
5420 2.718034 2.718034 2.718034 0.466971 0.466971 0.466971
5430 2.718034 2.718034 2.718034 0.466971 0.466971 0.466971
5440 2.718034 2.718034 2.718034 0.466971 0.466971 0.466971
5450 2.718034 2.718034 2.718034 0.466971 0.466971 0.466971
5460 2.718034 2.718034 2.718034 0.466971 0.466971 0.466971
5470 2.718034 2.718034 2.718034 0.466971 0.466971 0.466971
5480 2.718034 2.718034 2.718034 0.466971 0.466971 0.466971
5490 2.718034 2.718034 2.718034 0.466971 0.466971 0.466971
5500 2.718034 2.718034 2.718034 0.466971 0.466971 0.466971
5510 2.718034 2.718034 2.718034 0.466971 0.466971 0.466971
5520 2.718034 2.718034 2.718034 0.466971 0.466971 0.466971
5530 2.718034 2.718034 2.718034 0.466971 0.466971 0.466971
5540 2.718034 2.718034 2.718034 0.466971 0.466971 0.466971
5550 2.718034 2.718034 2.718034 0.466971 0.466971 0.466971
5560 2.718034 2.718034 2.718034 0.466971 0.466971 0.466971
5570 2.718034 2.718034 2.718034 0.466971 0.466971 0.466971
5580 2.718034 2.718034 2.718034 0.466971 0.466971 0.466971
5590 2.718034 2.718034 2.718034 0.466971 0.466971 0.466971
5600 2.718034 2.718034 2.718034 0.466971 0.466971 0.466971
5610 2.718034 2.718034 2.718034 0.466971 0.466971 0.466971
5620 2.718034 2.718034 2.718034 0.466971 0.466971 0.466971
5630 2.718034 2.718034 2.718034 0.466971 0.466971 0.466971
5640 2.718034 2.718034 2.718034 0.466971 0.466971 0.466971
5650 2.718034 2.718034 2.718034 0.466971 0.466971 0.466971
5660 2.718034 2.718034 2.718034 0.466971 0.466971 0.466971
5670 2.718034 2.718034 2.718034 0.466971 0.466971 0.466971
5680 2.718034 2.718034 2.718034 0.466971 0.466971 0.466971
5690 2.718034 2.718034 2.718034 0.466971 0.466971 0.466971
5700 2.718034 2.718034 2.718034 0.466971 0.466971 0.466971
5710 2.718034 2.718034 2.718034 0.466971 0.466971 0.466971
5720 2.718034 2.718034 2.718034 0.466971 0.466971 0.466971
5730 2.718034 2.718034 2.718034 0.466971 0.466971 0.466971
5740 2.718034 2.718034 2.718034 0.466971 0.466971 0.466971
5750 2.718034 2.718034 2.718034 0.466971 0.466971 0.466971
5760 2.718034 2.718034 2.718034 0.466971 0.466971 0.466971
5770 2.718034 2.718034 2.718034 0.466971 0.466971 0.466971
5780 2.718034 2.718034 2.718034 0.466971 0.466971 0.466971
5790 2.718034 2.718034 2.718034 0.466971 0.466971 0.466971
5800 2.718034 2.718034 2.718034 0.466971 0.466971 0.466971
5810 2.718034 2.718034 2.718034 0.466971 0.466971 0.466971
5820 2.718034 2.718034 2.718034 0.466971 0.466971 0.466971
5830 2.718034 2.718034 2.718034 0.466971 0.466971 0.466971
5840 2.718034 2.718034 2.718034 0.466971 0.466971 0.466971
5850 2.718034 2.718034 2.718034 0.466971 0.466971 0.466971
5860 2.718034 2.718034 2.718034 0.466971 0.466971 0.466971
5870 2.718034 2.718034 2.718034 0.466971 0.466971 0.466971
5880 2.718034 2.718034 2.718034 0.466971 0.466971 0.466971
5890 2.718034 2.718034 2.718034 0.466971 0.466971 0.466971
5900 2.718034 2.718034 2.718034 0.466971 0.466971 0.466971
5910 2.718034 2.718034 2.718034 0.466971 0.466971 0.466971
5920 2.718034 2.718034 2.718034 0.466971 0.466971 0.466971
5930 2.718034 2.718034 2.718034 0.466971 0.466971 0.466971
5940 2.718034 2.718034 2.718034 0.466971 0.466971 0.466971
5950 2.718034 2.718034 2.718034 0.466971 0.466971 0.466971
5960 2.718034 2.718034 2.718034 0.466971 0.466971 0.466971
5970 2.718034 2.718034 2.718034 0.466971 0.466971 0.466971
5980 2.718034 2.718034 2.718034 0.466971 0.466971 0.466971
5990 2.718034 2.718034 2.718034 0.466971 0.466971 0.466971
6000 2.718034 2.718034 2.718034 0.466971 0.466971 0.466971
6010 2.718034 2.718034 2.718034 0.466971 0.466971 0.466971
6020 2.718034 2.718034 2.718034 0.466971 0.466971 0.466971
6030 2.718034 2.718034 2.718034 0.466971 0.466971 0.466971
6040 2.718034 2.718034 2.718034 0.466971 0.466971 0.466971
6050 2.718034 2.718034 2.718034 0.466971 0.466971 0.466971
6060 2.718034 2.718034 2.718034 0.466971 0.466971 0.466971
6070 2.718034 2.718034 2.718034 0.466971 0.466971 0.466971
6080 2.718034 2.718034 2.718034 0.466971 0.466971 0.466971
6090 2.718034 2.718034 2.718034 0.466971 0.466971 0.466971
6100 2.718034 2.718034 2.718034 0.466971 0.466971 0.466971
6110 2.718034 2.718034 2.718034 0.466971 0.466971 0.466971
6120 2.718034 2.718034 2.718034 0.466971 0.466971 0.466971
6130 2.718034 2.718034 2.718034 0.466971 0.466971 0.466971
6140 2.718034 2.718034 2.718034 0.466971 0.466971 0.466971
6150 2.718034 2.718034 2.718034 0.466971 0.466971 0.466971
6160 2.718034 2.718034 2.718034 0.466971 0.466971 0.466971
6170 2.718034 2.718034 2.718034 0.466971 0.466971 0.466971
6180 2.718034 2.718034 2.718034 0.466971 0.466971 0.466971
6190 2.718034 2.718034 2.718034 0.466971 0.466971 0.466971
6200 2.718034 2.718034 2.718034 0.466971 0.466971 0.466971
6210 2.718034 2.718034 2.718034 0.466971 0.466971 0.466971
6220 2.718034 2.718034 2.718034 0.466971 0.466971 0.466971
6230 2.718034 2.718034 2.718034 0.466971 0.466971 0.466971
6240 2.718034 2.718034 2.718034 0.466971 0.466971 0.466971
6250 2.718034 2.718034 2.718034 0.466971 0.466971 0.466971
6260 2.718034 2.718034 2.718034 0.466971 0.466971 0.466971
6270 2.718034 2.718034 2.718034 0.466971 0.466971 0.466971
6280 2.718034 2.718034 2.718034 0.466971 0.466971 0.466971
6290 2.718034 2.718034 2.718034 0.466971 0.466971 0.466971
6300 2.718034 2.718034 2.718034 0.466971 0.466971 0.466971
6310 2.718034 2.718034 2.718034 0.466971 0.466971 0.466971
6320 2.718034 2.718034 2.718034 0.466971 0.466971 0.466971
6330 2.718034 2.718034 2.718034 0.466971 0.466971 0.466971
6340 2.718034 2.718034 2.718034 0.466971 0.466971 0.466971
6350 2.718034 2.718034 2.718034 0.466971 0.466971 0.466971
6360 2.718034 2.718034 2.718034 0.466971 0.466971 0.466971
6370 2.718034 2.718034 2.718034 0.466971 0.466971 0.466971
6380 2.718034 2.718034 2.718034 0.466971 0.466971 0.466971
6390 2.718034 2.718034 2.718034 0.466971 0.466971 0.466971
6400 2.718034 2.718034 2.718034 0.466971 0.466971 0.466971
6410 2.718034 2.718034 2.718034 0.466971 0.466971 0.466971
6420 2.718034 2.718034 2.718034 0.466971 0.466971 0.466971
6430 2.718034 2.718034 2.718034 0.466971 0.466971 0.466971
6440 2.718034 2.718034 2.718034 0.466971 0.466971 0.466971
6450 2.718034 2.718034 2.718034 0.466971 0.466971 0.466971
6460 2.718034 2.718034 2.718034 0.466971 0.466971 0.466971
6470 2.718034 2.718034 2.718034 0.466971 0.466971 0.466971
6480 2.718034 2.718034 2.718034 0.466971 0.466971 0.466971
6490 2.718034 2.718034 2.718034 0.466971 0.466971 0.466971
6500 2.718034 2.718034 2.718034 0.466971 0.466971 0.466971
6510 2.718034 2.718034 2.718034 0.466971 0.466971 0.466971
6520 2.718034 2.718034 2.718034 0.466971 0.466971 0.466971
6530 2.718034 2.718034 2.718034 0.466971 0.466971 0.466971
6540 2.718034 2.718034 2.718034 0.466971 0.466971 0.466971
6550 2.718034 2.718034 2.718034 0.466971 0.466971 0.466971
6560 2.718034 2.718034 2.718034 0.466971 0.466971 0.466971
6570 2.718034 2.718034 2.718034 0.466971 0.466971 0.466971
6580 2.718034 2.718034 2.718034 0.466971 0.466971 0.466971
6590 2.718034 2.718034 2.718034 0.466971 0.466971 0.466971
6600 2.718034 2.718034 2.718034 0.466971 0.466971 0.466971
6610 2.718034 2.718034 2.718034 0.466971 0.466971 0.466971
6620 2.718034 2.718034 2.718034 0.466971 0.466971 0.466971
6630 2.718034 2.718034 2.718034 0.466971 0.466971 0.466971
6640 2.718034 2.718034 2.718034 0.466971 0.466971 0.466971
6650 2.718034 2.718034 2.718034 0.466971 0.466971 0.466971
6660 2.718034 2.718034 2.718034 0.466971 0.466971 0.466971
6670 2.718034 2.718034 2.718034 0.466971 0.466971 0.466971
6680 2.718034 2.718034 2.718034 0.466971 0.466971 0.466971
6690 2.718034 2.718034 2.718034 0.466971 0.466971 0.466971
6700 2.718034 2.718034 2.718034 0.466971 0.466971 0.466971
6710 2.718034 2.718034 2.718034 0.466971 0.466971 0.466971
6720 2.718034 2.718034 2.718034 0.466971 0.466971 0.466971
6730 2.718034 2.718034 2.718034 0.466971 0.466971 0.466971
6740 2.718034 2.718034 2.718034 0.466971 0.466971 0.466971
6750 2.718034 2.718034 2.718034 0.466971 0.466971 0.466971
6760 2.718034 2.718034 2.718034 0.466971 0.466971 0.466971
6770 2.718034 2.718034 2.718034 0.466971 0.466971 0.466971
6780 2.718034 2.718034 2.718034 0.466971 0.466971 0.466971
6790 2.718034 2.718034 2.718034 0.466971 0.466971 0.466971
6800 2.718034 2.718034 2.718034 0.466971 0.466971 0.466971
6810 2.718034 2.718034 2.718034 0.466971 0.466971 0.466971
6820 2.718034 2.718034 2.718034 0.466971 0.466971 0.466971
6830 2.718034 2.718034 2.718034 0.466971 0.466971 0.466971
6840 2.718034 2.718034 2.718034 0.466971 0.466971 0.466971
6850 2.718034 2.718034 2.718034 0.466971 0.466971 0.466971
6860 2.718034 2.718034 2.718034 0.466971 0.466971 0.466971
6870 2.718034 2.718034 2.718034 0.466971 0.466971 0.466971
6880 2.718034 2.718034 2.718034 0.466971 0.466971 0.466971
6890 2.718034 2.718034 2.718034 0.466971 0.466971 0.466971
6900 2.718034 2.718034 2.718034 0.466971 0.466971 0.466971
6910 2.718034 2.718034 2.718034 0.466971 0.466971 0.466971
6920 2.718034 2.718034 2.718034 0.466971 0.466971 0.466971
6930 2.718034 2.718034 2.718034 0.466971 0.466971 0.466971
6940 2.718034 2.718034 2.718034 0.466971 0.466971 0.466971
6950 2.718034 2.718034 2.718034 0.466971 0.466971 0.466971
6960 2.718034 2.718034 2.718034 0.466971 0.466971 0.466971
6970 2.718034 2.718034 2.718034 0.466971 0.466971 0.466971
6980 2.718034 2.718034 2.718034 0.466971 0.466971 0.466971
6990 2.718034 2.718034 2.718034 0.466971 0.466971 0.466971
7000 2.718034 2.718034 2.718034 0.466971 0.466971 0.466971
7010 2.718034 2.718034 2.718034 0.466971 0.466971 0.466971
7020 2.718034 2.718034 2.718034 0.466971 0.466971 0.466971
7030 2.718034 2.718034 2.718034 0.466971 0.466971 0.466971
7040 2.718034 2.718034 2.718034 0.466971 0.466971 0.466971
7050 2.718034 2.718034 2.718034 0.466971 0.466971 0.466971
7060 2.718034 2.718034 2.718034 0.466971 0.466971 0.466971
7070 2.718034 2.718034 2.718034 0.466971 0.466971 0.466971
7080 2.718034 2.718034 2.718034 0.466971 0.466971 0.466971
7090 2.718034 2.718034 2.718034 0.466971 0.466971 0.466971
7100 2.718034 2.718034 2.718034 0.466971 0.466971 0.466971
7110 2.718034 2.718034 2.718034 0.466971 0.466971 0.466971
7120 2.718034 2.718034 2.718034 0.466971 0.466971 0.466971
7130 2.718034 2.718034 2.718034 0.466971 0.466971 0.466971
7140 2.718034 2.718034 2.718034 0.466971 0.466971 0.466971
7150 2.718034 2.718034 2.718034 0.466971 0.466971 0.466971
7160 2.718034 2.718034 2.718034 0.466971 0.466971 0.466971
7170 2.718034 2.718034 2.718034 0.466971 0.466971 0.466971
7180 2.718034 2.718034 2.718034 0.466971 0.466971 0.466971
7190 2.718034 2.718034 2.718034 0.466971 0.466971 0.466971
7200 2.718034 2.718034 2.718034 0.466971 0.466971 0.466971
7210 2.718034 2.718034 2.718034 0.466971 0.466971 0.466971
7220 2.718034 2.718034 2.718034 0.466971 0.466971 0.466971
7230 2.718034 2.718034 2.718034 0.466971 0.466971 0.466971
7240 2.718034 2.718034 2.718034 0.466971 0.466971 0.466971
7250 2.718034 2.718034 2.718034 0.466971 0.466971 0.466971
7260 2.718034 2.718034 2.718034 0.466971 0.466971 0.466971
7270 2.718034 2.718034 2.718034 0.466971 0.466971 0.466971
7280 2.718034 2.718034 2.718034 0.466971 0.466971 0.466971
7290 2.718034 2.718034 2.718034 0.466971 0.466971 0.466971
7300 2.718034 2.718034 2.718034 0.466971 0.466971 0.466971
7310 2.718034 2.718034 2.718034 0.466971 0.466971 0.466971
7320 2.718034 2.718034 2.718034 0.466971 0.466971 0.466971
7330 2.718034 2.718034 2.718034 0.466971 0.466971 0.466971
7340 2.718034 2.718034 2.718034 0.466971 0.466971 0.466971
7350 2.718034 2.718034 2.718034 0.466971 0.466971 0.466971
7360 2.718034 2.718034 2.718034 0.466971 0.466971 0.466971
7370 2.718034 2.718034 2.718034 0.466971 0.466971 0.466971
7380 2.718034 2.718034 2.718034 0.466971 0.466971 0.466971
7390 2.718034 2.718034 2.718034 0.466971 0.466971 0.466971
7400 2.718034 2.718034 2.718034 0.466971 0.466971 0.466971
7410 2.718034 2.718034 2.718034 0.466971 0.466971 0.466971
7420 2.718034 2.718034 2.718034 0.466971 0.466971 0.466971
7430 2.718034 2.718034 2.718034 0.466971 0.466971 0.466971
7440 2.718034 2.718034 2.718034 0.466971 0.466971 0.466971
7450 2.718034 2.718034 2.718034 0.466971 0.466971 0.466971
7460 2.718034 2.718034 2.718034 0.466971 0.466971 0.466971
7470 2.718034 2.718034 2.718034 0.466971 0.466971 0.466971
7480 2.718034 2.718034 2.718034 0.466971 0.466971 0.466971
7490 2.718034 2.718034 2.718034 0.466971 0.466971 0.466971
7500 2.718034 2.718034 2.718034 0.466971 0.466971 0.466971
7510 2.718034 2.718034 2.718034 0.466971 0.466971 0.466971
7520 2.718034 2.718034 2.718034 0.466971 0.466971 0.466971
7530 2.718034 2.718034 2.718034 0.466971 0.466971 0.466971
7540 2.718034 2.718034 2.718034 0.466971 0.466971 0.466971
7550 2.718034 2.718034 2.718034 0.466971 0.466971 0.466971
7560 2.718034 2.718034 2.718034 0.466971 0.466971 0.466971
7570 2.718034 2.718034 2.718034 0.466971 0.466971 0.466971
7580 2.718034 2.718034 2.718034 0.466971 0.466971 0.466971
7590 2.718034 2.718034 2.718034 0.466971 0.466971 0.466971
7600 2.718034 2.718034 2.718034 0.466971 0.466971 0.466971
7610 2.718034 2.718034 2.718034 0.466971 0.466971 0.466971
7620 2.718034 2.718034 2.718034 0.466971 0.466971 0.466971
7630 2.718034 2.718034 2.718034 0.466971 0.466971 0.466971
7640 2.718034 2.718034 2.718034 0.466971 0.466971 0.466971
7650 2.718034 2.718034 2.718034 0.466971 0.466971 0.466971
7660 2.718034 2.718034 2.718034 0.466971 0.466971 0.466971
7670 2.718034 2.718034 2.718034 0.466971 0.466971 0.466971
7680 2.718034 2.718034 2.718034 0.466971 0.466971 0.466971
7690 2.718034 2.718034 2.718034 0.466971 0.466971 0.466971
7700 2.718034 2.718034 2.718034 0.466971 0.466971 0.466971
7710 2.718034 2.718034 2.718034 0.466971 0.466971 0.466971
7720 2.718034 2.718034 2.718034 0.466971 0.466971 0.466971
7730 2.718034 2.718034 2.718034 0.466971 0.466971 0.466971
7740 2.718034 2.718034 2.718034 0.466971 0.466971 0.466971
7750 2.718034 2.718034 2.718034 0.466971 0.466971 0.466971
7760 2.718034 2.718034 2.718034 0.466971 0.466971 0.466971
7770 2.718034 2.718034 2.718034 0.466971 0.466971 0.466971
7780 2.718034 2.718034 2.718034 0.466971 0.466971 0.466971
7790 2.718034 2.718034 2.718034 0.466971 0.466971 0.466971
7800 2.718034 2.718034 2.718034 0.466971 0.466971 0.466971
7810 2.718034 2.718034 2.718034 0.466971 0.466971 0.466971
7820 2.718034 2.718034 2.718034 0.466971 0.466971 0.466971
7830 2.718034 2.718034 2.718034 0.466971 0.466971 0.466971
7840 2.718034 2.718034 2.718034 0.466971 0.466971 0.466971
7850 2.718034 2.718034 2.718034 0.466971 0.466971 0.466971
7860 2.718034 2.718034 2.718034 0.466971 0.466971 0.466971
7870 2.718034 2.718034 2.718034 0.466971 0.466971 0.466971
7880 2.718034 2.718034 2.718034 0.466971 0.466971 0.466971
7890 2.718034 2.718034 2.718034 0.466971 0.466971 0.466971
7900 2.718034 2.718034 2.718034 0.466971 0.466971 0.466971
7910 2.718034 2.718034 2.718034 0.466971 0.466971 0.466971
7920 2.718034 2.718034 2.718034 0.466971 0.466971 0.466971
7930 2.718034 2.718034 2.718034 0.466971 0.466971 0.466971
7940 2.718034 2.718034 2.718034 0.466971 0.466971 0.466971
7950 2.718034 2.718034 2.718034 0.466971 0.466971 0.466971
7960 2.718034 2.718034 2.718034 0.466971 0.466971 0.466971
7970 2.718034 2.718034 2.718034 0.466971 0.466971 0.466971
7980 2.718034 2.718034 2.718034 0.466971 0.466971 0.466971
7990 2.718034 2.718034 2.718034 0.466971 0.466971 0.466971
8000 2.718034 2.718034 2.718034 0.466971 0.466971 0.466971
8010 2.718034 2.718034 2.718034 0.466971 0.466971 0.466971
8020 2.718034 2.718034 2.718034 0.466971 0.466971 0.466971
8030 2.718034 2.718034 2.718034 0.466971 0.466971 0.466971
8040 2.718034 2.718034 2.718034 0.466971 0.466971 0.466971
8050 2.718034 2.718034 2.718034 0.466971 0.466971 0.466971
8060 2.718034 2.718034 2.718034 0.466971 0.466971 0.466971
8070 2.718034 2.718034 2.718034 0.466971 0.466971 0.466971
8080 2.718034 2.718034 2.718034 0.466971 0.466971 0.466971
8090 2.718034 2.718034 2.718034 0.466971 0.466971 0.466971
8100 2.718034 2.718034 2.718034 0.466971 0.466971 0.466971
8110 2.718034 2.718034 2.718034 0.466971 0.466971 0.466971
8120 2.718034 2.718034 2.718034 0.466971 0.466971 0.466971
8130 2.718034 2.718034 2.718034 0.466971 0.466971 0.466971
8140 2.718034 2.718034 2.718034 0.466971 0.466971 0.466971
8150 2.718034 2.718034 2.718034 0.466971 0.466971 0.466971
8160 2.718034 2.718034 2.718034 0.466971 0.466971 0.466971
8170 2.718034 2.718034 2.718034 0.466971 0.466971 0.466971
8180 2.718034 2.718034 2.718034 0.466971 0.466971 0.466971
8190 2.718034 2.718034 2.718034 0.466971 0.466971 0.466971
8200 2.718034 2.718034 2.718034 0.466971 0.466971 0.466971
8210 2.718034 2.718034 2.718034 0.466971 0.466971 0.466971
8220 2.718034 2.718034 2.718034 0.466971 0.466971 0.466971
8230 2.718034 2.718034 2.718034 0.466971 0.466971 0.466971
8240 2.718034 2.718034 2.718034 0.466971 0.466971 0.466971
8250 2.718034 2.718034 2.718034 0.466971 0.466971 0.466971
8260 2.718034 2.718034 2.718034 0.466971 0.466971 0.466971
8270 2.718034 2.718034 2.718034 0.466971 0.466971 0.466971
8280 2.718034 2.718034 2.718034 0.466971 0.466971 0.466971
8290 2.718034 2.718034 2.718034 0.466971 0.466971 0.466971
8300 2.718034 2.718034 2.718034 0.466971 0.466971 0.466971
8310 2.718034 2.718034 2.718034 0.466971 0.466971 0.466971
8320 2.718034 2.718034 2.718034 0.466971 0.466971 0.466971
8330 2.718034 2.718034 2.718034 0.466971 0.466971 0.466971
8340 2.718034 2.718034 2.718034 0.466971 0.466971 0.466971
8350 2.718034 2.718034 2.718034 0.466971 0.466971 0.466971
8360 2.718034 2.718034 2.718034 0.466971 0.466971 0.466971
8370 2.718034 2.718034 2.718034 0.466971 0.466971 0.466971
8380 2.718034 2.718034 2.718034 0.466971 0.466971 0.466971
8390 2.718034 2.718034 2.718034 0.466971 0.466971 0.466971
8400 2.718034 2.718034 2.718034 0.466971 0.466971 0.466971
8410 2.718034 2.718034 2.718034 0.466971 0.466971 0.466971
8420 2.718034 2.718034 2.718034 0.466971 0.466971 0.466971
8430 2.718034 2.718034 2.718034 0.466971 0.466971 0.466971
8440 2.718034 2.718034 2.718034 0.466971 0.466971 0.466971
8450 2.718034 2.718034 2.718034 0.466971 0.466971 0.466971
8460 2.718034 2.718034 2.718034 0.466971 0.466971 0.466971
8470 2.718034 2.718034 2.718034 0.466971 0.466971 0.466971
8480 2.718034 2.718034 2.718034 0.466971 0.466971 0.466971
8490 2.718034 2.718034 2.718034 0.466971 0.466971 0.466971
8500 2.718034 2.718034 2.718034 0.466971 0.466971 0.466971
8510 2.718034 2.718034 2.718034 0.466971 0.466971 0.466971
8520 2.718034 2.718034 2.718034 0.466971 0.466971 0.466971
8530 2.718034 2.718034 2.718034 0.466971 0.466971 0.466971
8540 2.718034 2.718034 2.718034 0.466971 0.466971 0.466971
8550 2.718034 2.718034 2.718034 0.466971 0.466971 0.466971
8560 2.718034 2.718034 2.718034 0.466971 0.466971 0.466971
8570 2.718034 2.718034 2.718034 0.466971 0.466971 0.466971
8580 2.718034 2.718034 2.718034 0.466971 0.466971 0.466971
8590 2.718034 2.718034 2.718034 0.466971 0.466971 0.466971
8600 2.718034 2.718034 2.718034 0.466971 0.466971 0.466971
8610 2.718034 2.718034 2.718034 0.466971 0.466971 0.466971
8620 2.718034 2.718034 2.718034 0.466971 0.466971 0.466971
8630 2.718034 2.718034 2.718034 0.466971 0.466971 0.466971
8640 2.718034 2.718034 2.718034 0.466971 0.466971 0.466971
8650 2.718034 2.718034 2.718034 0.466971 0.466971 0.466971
8660 2.718034 2.718034 2.718034 0.466971 0.466971 0.466971
8670 2.718034 2.718034 2.718034 0.466971 0.466971 0.466971
8680 2.718034 2.718034 2.718034 0.466971 0.466971 0.466971
8690 2.718034 2.718034 2.718034 0.466971 0.466971 0.466971
8700 2.718034 2.718034 2.718034 0.466971 0.466971 0.466971
8710 2.718034 2.718034 2.718034 0.466971 0.466971 0.466971
8720 2.718034 2.718034 2.718034 0.466971 0.466971 0.466971
8730 2.718034 2.718034 2.718034 0.466971 0.466971 0.466971
8740 2.718034 2.718034 2.718034 0.466971 0.466971 0.466971
8750 2.718034 2.718034 2.718034 0.466971 0.466971 0.466971
8760 2.718034 2.718034 2.718034 0.466971 0.466971 0.466971
8770 2.718034 2.718034 2.718034 0.466971 0.466971 0.466971
8780 2.718034 2.718034 2.718034 0.466971 0.466971 0.466971
8790 2.718034 2.718034 2.718034 0.466971 0.466971 0.466971
8800 2.718034 2.718034 2.718034 0.466971 0.466971 0.466971
8810 2.718034 2.718034 2.718034 0.466971 0.466971 0.466971
8820 2.718034 2.718034 2.718034 0.466971 0.466971 0.466971
8830 2.718034 2.718034 2.718034 0.466971 0.466971 0.466971
8840 2.718034 2.718034 2.718034 0.466971 0.466971 0.466971
8850 2.718034 2.718034 2.718034 0.466971 0.466971 0.466971
8860 2.718034 2.718034 2.718034 0.466971 0.466971 0.466971
8870 2.718034 2.718034 2.718034 0.466971 0.466971 0.466971
8880 2.718034 2.718034 2.718034 0.466971 0.466971 0.466971
8890 2.718034 2.718034 2.718034 0.466971 0.466971 0.466971
8900 2.718034 2.718034 2.718034 0.466971 0.466971 0.466971
8910 2.718034 2.718034 2.718034 0.466971 0.466971 0.466971
8920 2.718034 2.718034 2.718034 0.466971 0.466971 0.466971
8930 2.718034 2.718034 2.718034 0.466971 0.466971 0.466971
8940 2.718034 2.718034 2.718034 0.466971 0.466971 0.466971
8950 2.718034 2.718034 2.718034 0.466971 0.466971 0.466971
8960 2.718034 2.718034 2.718034 0.466971 0.466971 0.466971
8970 2.718034 2.718034 2.718034 0.466971 0.466971 0.466971
8980 2.718034 2.718034 2.718034 0.466971 0.466971 0.466971
8990 2.718034 2.718034 2.718034 0.466971 0.466971 0.466971
9000 2.718034 2.718034 2.718034 0.466971 0.466971 0.466971
9010 2.718034 2.718034 2.718034 0.466971 0.466971 0.466971
9020 2.718034 2.718034 2.718034 0.466971 0.466971 0.466971
9030 2.718034 2.718034 2.718034 0.466971 0.466971 0.466971
9040 2.718034 2.718034 2.718034 0.466971 0.466971 0.466971
9050 2.718034 2.718034 2.718034 0.466971 0.466971 0.466971
9060 2.718034 2.718034 2.718034 0.466971 0.466971 0.466971
9070 2.718034 2.718034 2.718034 0.466971 0.466971 0.466971
9080 2.718034 2.718034 2.718034 0.466971 0.466971 0.466971
9090 2.718034 2.718034 2.718034 0.466971 0.466971 0.466971
9100 2.718034 2.718034 2.718034 0.466971 0.466971 0.466971
9110 2.718034 2.718034 2.718034 0.466971 0.466971 0.466971
9120 2.718034 2.718034 2.718034 0.466971 0.466971 0.466971
9130 2.718034 2.718034 2.718034 0.466971 0.466971 0.466971
9140 2.718034 2.718034 2.718034 0.466971 0.466971 0.466971
9150 2.718034 2.718034 2.718034 0.466971 0.466971 0.466971
9160 2.718034 2.718034 2.718034 0.466971 0.466971 0.466971
9170 2.718034 2.718034 2.718034 0.466971 0.466971 0.466971
9180 2.718034 2.718034 2.718034 0.466971 0.466971 0.466971
9190 2.718034 2.718034 2.718034 0.466971 0.466971 0.466971
9200 2.718034 2.718034 2.718034 0.466971 0.466971 0.466971
9210 2.718034 2.718034 2.718034 0.466971 0.466971 0.466971
9220 2.718034 2.718034 2.718034 0.466971 0.466971 0.466971
9230 2.718034 2.718034 2.718034 0.466971 0.466971 0.466971
9240 2.718034 2.718034 2.718034 0.466971 0.466971 0.466971
9250 2.718034 2.718034 2.718034 0.466971 0.466971 0.466971
9260 2.718034 2.718034 2.718034 0.466971 0.466971 0.466971
9270 2.718034 2.718034 2.718034 0.466971 0.466971 0.466971
9280 2.718034 2.718034 2.718034 0.466971 0.466971 0.466971
9290 2.718034 2.718034 2.718034 0.466971 0.466971 0.466971
9300 2.718034 2.718034 2.718034 0.466971 0.466971 0.466971
9310 2.718034 2.718034 2.718034 0.466971 0.466971 0.466971
9320 2.718034 2.718034 2.718034 0.466971 0.466971 0.466971
9330 2.718034 2.718034 2.718034 0.466971 0.466971 0.466971
9340 2.718034 2.718034 2.718034 0.466971 0.466971 0.466971
9350 2.718034 2.718034 2.718034 0.466971 0.466971 0.466971
9360 2.718034 2.718034 2.718034 0.466971 0.466971 0.466971
9370 2.718034 2.718034 2.718034 0.466971 0.466971 0.466971
9380 2.718034 2.718034 2.718034 0.466971 0.466971 0.466971
9390 2.718034 2.718034 2.718034 0.466971 0.466971 0.466971
9400 2.718034 2.718034 2.718034 0.466971 0.466971 0.466971
9410 2.718034 2.718034 2.718034 0.466971 0.466971 0.466971
9420 2.718034 2.718034 2.718034 0.466971 0.466971 0.466971
9430 2.718034 2.718034 2.718034 0.466971 0.466971 0.466971
9440 2.718034 2.718034 2.718034 0.466971 0.466971 0.466971
9450 2.718034 2.718034 2.718034 0.466971 0.466971 0.466971
9460 2.718034 2.718034 2.718034 0.466971 0.466971 0.466971
9470 2.718034 2.718034 2.718034 0.466971 0.466971 0.466971
9480 2.718034 2.718034 2.718034 0.466971 0.466971 0.466971
9490 2.718034 2.718034 2.718034 0.466971 0.466971 0.466971
9500 2.718034 2.718034 2.718034 0.466971 0.466971 0.466971
9510 2.718034 2.718034 2.718034 0.466971 0.466971 0.466971
9520 2.718034 2.718034 2.718034 0.466971 0.466971 0.466971
9530 2.718034 2.718034 2.718034 0.466971 0.466971 0.466971
9540 2.718034 2.718034 2.718034 0.466971 0.466971 0.466971
9550 2.718034 2.718034 2.718034 0.466971 0.466971 0.466971
9560 2.718034 2.718034 2.718034 0.466971 0.466971 0.466971
9570 2.718034 2.718034 2.718034 0.466971 0.466971 0.466971
9580 2.718034 2.718034 2.718034 0.466971 0.466971 0.466971
9590 2.718034 2.718034 2.718034 0.466971 0.466971 0.466971
9600 2.718034 2.718034 2.718034 0.466971 0.466971 0.466971
9610 2.718034 2.718034 2.718034 0.466971 0.466971 0.466971
9620 2.718034 2.718034 2.718034 0.466971 0.466971 0.466971
9630 2.718034 2.718034 2.718034 0.466971 0.466971 0.466971
9640 2.718034 2.718034 2.718034 0.466971 0.466971 0.466971
9650 2.718034 2.718034 2.718034 0.466971 0.466971 0.466971
9660 2.718034 2.718034 2.718034 0.466971 0.466971 0.466971
9670 2.718034 2.718034 2.718034 0.466971 0.466971 0.466971
9680 2.718034 2.718034 2.718034 0.466971 0.466971 0.466971
9690 2.718034 2.718034 2.718034 0.466971 0.466971 0.466971
9700 2.718034 2.718034 2.718034 0.466971 0.466971 0.466971
9710 2.718034 2.718034 2.718034 0.466971 0.466971 0.466971
9720 2.718034 2.718034 2.718034 0.466971 0.466971 0.466971
9730 2.718034 2.718034 2.718034 0.466971 0.466971 0.466971
9740 2.718034 2.718034 2.718034 0.466971 0.466971 0.466971
9750 2.718034 2.718034 2.718034 0.466971 0.466971 0.466971
9760 2.718034 2.718034 2.718034 0.466971 0.466971 0.466971
9770 2.718034 2.718034 2.718034 0.466971 0.466971 0.466971
9780 2.718034 2.718034 2.718034 0.466971 0.466971 0.466971
9790 2.718034 2.718034 2.718034 0.466971 0.466971 0.466971
9800 2.718034 2.718034 2.718034 0.466971 0.466971 0.466971
9810 2.718034 2.718034 2.718034 0.466971 0.466971 0.466971
9820 2.718034 2.718034 2.718034 0.466971 0.466971 0.466971
9830 2.718034 2.718034 2.718034 0.466971 0.466971 0.466971
9840 2.718034 2.718034 2.718034 0.466971 0.466971 0.466971
9850 2.718034 2.718034 2.718034 0.466971 0.466971 0.466971
9860 2.718034 2.718034 2.718034 0.466971 0.466971 0.466971
9870 2.718034 2.718034 2.718034 0.466971 0.466971 0.466971
9880 2.718034 2.718034 2.718034 0.466971 0.466971 0.466971
9890 2.718034 2.718034 2.718034 0.466971 0.466971 0.466971
9900 2.718034 2.718034 2.718034 0.466971 0.466971 0.466971
9910 2.718034 2.718034 2.718034 0.466971 0.466971 0.466971
9920 2.718034 2.718034 2.718034 0.466971 0.466971 0.466971
9930 2.718034 2.718034 2.718034 0.466971 0.466971 0.466971
9940 2.718034 2.718034 2.718034 0.466971 0.466971 0.466971
9950 2.718034 2.718034 2.718034 0.466971 0.466971 0.466971
9960 2.718034 2.718034 2.718034 0.466971 0.466971 0.466971
9970 2.718034 2.718034 2.718034 0.466971 0.466971 0.466971
9980 2.718034 2.718034 2.718034 0.466971 0.466971 0.466971
9990 2.718034 2.718034 2.718034 0.466971 0.466971 0.466971
10000 2.718034 2.718034 2.718034 0.466971 0.466971 0.466971
