# generation power_min power_avg power_max util_min util_avg util_max
1 6.926828 8.650160 10.589110 0.307837 0.451520 0.657328
10 6.926828 8.457807 9.563546 0.307837 0.450445 0.657328
20 6.650026 8.259998 9.200842 0.307837 0.448919 0.657328
30 6.650026 8.106722 8.895682 0.307837 0.450135 0.657328
40 6.650026 7.971699 8.759806 0.307837 0.450232 0.657328
50 6.650026 7.829864 8.564731 0.307837 0.444781 0.589015
60 6.522175 7.701523 8.429497 0.307837 0.446794 0.589015
70 6.162170 7.570179 8.323754 0.307837 0.448185 0.589015
80 6.162170 7.436174 8.214917 0.307837 0.445212 0.589015
90 6.162170 7.321737 8.011756 0.361568 0.449023 0.589015
100 5.886567 7.189021 7.882346 0.357578 0.446907 0.589015
110 5.855106 7.048655 7.690659 0.303498 0.439812 0.548436
120 5.855106 6.944041 7.627308 0.303498 0.439050 0.548436
130 5.855106 6.839799 7.453417 0.303498 0.436695 0.553218
140 5.796927 6.731777 7.405994 0.303498 0.435139 0.553218
150 5.786113 6.614716 7.286931 0.303498 0.432100 0.553218
160 5.642733 6.504232 7.119759 0.303498 0.432092 0.553218
170 5.354054 6.394735 6.991184 0.303498 0.431389 0.553218
180 5.354054 6.294317 6.888752 0.303498 0.431416 0.554568
190 5.166433 6.196874 6.712959 0.303498 0.432103 0.554568
200 5.134995 6.082721 6.625706 0.303498 0.429598 0.554568
210 5.134995 5.995912 6.553563 0.260172 0.429572 0.554568
220 5.134995 5.904652 6.484360 0.260172 0.433244 0.554568
230 5.134995 5.806463 6.386203 0.260172 0.437050 0.559688
240 4.742413 5.701634 6.307638 0.260172 0.441428 0.559688
250 4.742413 5.620353 6.148813 0.260172 0.443158 0.559688
260 4.742413 5.544158 5.926260 0.260172 0.447135 0.569499
270 4.742413 5.462939 5.868561 0.260172 0.450511 0.584643
280 4.636900 5.391438 5.800336 0.260172 0.453848 0.584643
290 4.636900 5.314087 5.763743 0.260172 0.453958 0.584643
300 4.636900 5.243148 5.646581 0.260172 0.453256 0.584643
310 4.603791 5.168209 5.586757 0.312687 0.456752 0.584643
320 4.603791 5.100960 5.490272 0.312687 0.460260 0.584643
330 4.353068 5.022655 5.390954 0.312687 0.458892 0.584643
340 4.339902 4.953512 5.317426 0.312687 0.454218 0.584643
350 4.169734 4.880253 5.256499 0.312687 0.451892 0.584643
360 4.169734 4.818254 5.166433 0.312687 0.454458 0.584643
370 4.131661 4.752586 5.105671 0.332473 0.455907 0.584643
380 4.131661 4.680604 5.058222 0.332473 0.451577 0.571574
390 3.843388 4.606218 4.990355 0.316511 0.447218 0.571574
400 3.843388 4.533862 4.903135 0.316511 0.445243 0.558516
410 3.843388 4.469432 4.838310 0.316511 0.440947 0.558516
420 3.843388 4.403585 4.776478 0.316511 0.436511 0.543572
430 3.843388 4.343904 4.728739 0.287978 0.432670 0.543572
440 3.843388 4.286053 4.614342 0.287978 0.427921 0.543572
450 3.684144 4.222145 4.525665 0.287978 0.428411 0.543572
460 3.684144 4.172153 4.435391 0.287978 0.425190 0.540903
470 3.684144 4.120602 4.407427 0.287978 0.419046 0.540903
480 3.684144 4.069777 4.353068 0.287978 0.415015 0.540903
490 3.606686 4.019444 4.288040 0.287978 0.411347 0.539302
500 3.606686 3.973901 4.216459 0.287978 0.411449 0.551513
510 3.527177 3.927500 4.175721 0.287978 0.414494 0.551513
520 3.284888 3.877272 4.126716 0.287978 0.408895 0.551513
530 3.284888 3.829026 4.077974 0.287978 0.405323 0.551513
540 3.154081 3.776334 4.051123 0.287978 0.405741 0.551513
550 3.154081 3.728683 3.996681 0.306574 0.403399 0.551513
560 3.154081 3.689716 3.915457 0.306574 0.399808 0.551513
570 3.154081 3.650510 3.855745 0.308964 0.398847 0.551513
580 3.154081 3.608641 3.820841 0.308964 0.394623 0.527947
590 3.154081 3.560876 3.806483 0.308964 0.394694 0.527947
600 3.153592 3.520051 3.747325 0.333179 0.395424 0.527947
610 3.116354 3.482402 3.713393 0.328054 0.394260 0.527947
620 3.001007 3.430945 3.684144 0.328054 0.393071 0.505637
630 3.001007 3.387040 3.620439 0.328054 0.393205 0.484084
640 3.001007 3.346802 3.586841 0.328054 0.393993 0.484084
650 3.001007 3.306561 3.545543 0.328054 0.394960 0.460225
660 2.996383 3.266924 3.496796 0.328054 0.399706 0.460225
670 2.836729 3.229242 3.442120 0.344331 0.401458 0.460225
680 2.836729 3.193648 3.396921 0.344331 0.401082 0.460225
690 2.836729 3.162370 3.343933 0.345087 0.402348 0.455770
700 2.836729 3.128816 3.306546 0.345087 0.402642 0.455770
710 2.836729 3.103065 3.256264 0.345087 0.402678 0.455770
720 2.834570 3.072124 3.213535 0.341341 0.401325 0.455770
730 2.834570 3.050798 3.178100 0.341341 0.399331 0.455770
740 2.744859 3.025441 3.152425 0.341341 0.394684 0.455770
750 2.744859 2.996452 3.133971 0.340919 0.392021 0.455770
760 2.736195 2.968417 3.118787 0.320524 0.386531 0.455770
770 2.677805 2.938426 3.072340 0.311859 0.383021 0.455770
780 2.677805 2.914618 3.053644 0.311859 0.379215 0.455770
790 2.677805 2.887213 3.029768 0.311859 0.375537 0.455770
800 2.677805 2.858546 3.007990 0.311370 0.369935 0.455770
810 2.677805 2.832894 2.996651 0.311370 0.363346 0.455770
820 2.643814 2.806790 2.975346 0.310449 0.356995 0.444660
830 2.610822 2.779010 2.938437 0.310449 0.352076 0.419824
840 2.610822 2.756411 2.896561 0.310449 0.347960 0.419824
850 2.610520 2.734786 2.835059 0.308557 0.343051 0.407169
860 2.610520 2.718594 2.818587 0.308557 0.337346 0.405898
870 2.610520 2.705308 2.780217 0.308557 0.335034 0.405898
880 2.589231 2.691782 2.766055 0.307636 0.331744 0.362197
890 2.589231 2.679022 2.764790 0.305048 0.329625 0.362197
900 2.589231 2.665582 2.744672 0.291426 0.327527 0.361612
910 2.589231 2.654502 2.714403 0.291426 0.325427 0.361612
920 2.589231 2.644927 2.707851 0.291426 0.323452 0.361612
930 2.589231 2.634984 2.689482 0.291426 0.322329 0.351053
940 2.569181 2.625879 2.681917 0.291426 0.320503 0.351053
950 2.569181 2.618743 2.666979 0.291426 0.318767 0.351053
960 2.568879 2.611210 2.658380 0.291426 0.317624 0.351053
970 2.568879 2.605429 2.643814 0.291426 0.315823 0.334783
980 2.568879 2.600923 2.620649 0.291426 0.315604 0.323834
990 2.568879 2.598217 2.611339 0.305048 0.314773 0.323834
1000 2.509628 2.594481 2.611009 0.305048 0.313596 0.323834
1010 2.509628 2.591126 2.611009 0.305048 0.312440 0.323834
1020 2.509628 2.586943 2.611009 0.305048 0.311313 0.323834
1030 2.509628 2.582374 2.610822 0.305048 0.309844 0.323834
1040 2.509628 2.578991 2.590959 0.305111 0.309049 0.323834
1050 2.509325 2.576414 2.590959 0.305111 0.309243 0.323834
1060 2.509325 2.574413 2.590959 0.305111 0.309624 0.323834
1070 2.509325 2.572205 2.590959 0.305111 0.309843 0.323834
1080 2.509325 2.569419 2.589231 0.307123 0.310052 0.323834
1090 2.509325 2.567384 2.589044 0.307123 0.308417 0.323834
1100 2.509325 2.565966 2.569181 0.307123 0.307266 0.307304
1110 2.509325 2.564745 2.569181 0.307123 0.307284 0.307304
1120 2.509325 2.564719 2.568879 0.307123 0.307299 0.307304
1130 2.509325 2.564127 2.568879 0.307123 0.307297 0.307304
1140 2.509325 2.563531 2.568879 0.307123 0.307297 0.307304
1150 2.509325 2.563531 2.568879 0.307123 0.307297 0.307304
1160 2.509325 2.561745 2.568879 0.307123 0.307297 0.307304
1170 2.509325 2.560557 2.568879 0.307123 0.307295 0.307304
1180 2.509325 2.558178 2.568879 0.307123 0.307294 0.307304
1190 2.509325 2.555206 2.568879 0.307123 0.307290 0.307304
1200 2.509325 2.551037 2.568879 0.307123 0.307290 0.307304
1210 2.509325 2.548059 2.568879 0.307123 0.307290 0.307304
1220 2.509325 2.543894 2.568879 0.307123 0.307288 0.307304
1230 2.509325 2.539132 2.568879 0.307123 0.307286 0.307304
1240 2.509325 2.533180 2.568879 0.307123 0.307284 0.307304
1250 2.509325 2.527225 2.568879 0.307123 0.307284 0.307304
1260 2.509325 2.521269 2.568879 0.307123 0.307284 0.307304
1270 2.509325 2.515314 2.568879 0.307123 0.307284 0.307304
1280 2.509325 2.509359 2.509628 0.307123 0.307284 0.307304
1290 2.509325 2.509328 2.509628 0.307123 0.307303 0.307304
1300 2.509325 2.509325 2.509325 0.307304 0.307304 0.307304
1310 2.509325 2.509325 2.509325 0.307304 0.307304 0.307304
1320 2.509325 2.509325 2.509325 0.307304 0.307304 0.307304
1330 2.509325 2.509325 2.509325 0.307304 0.307304 0.307304
1340 2.509325 2.509325 2.509325 0.307304 0.307304 0.307304
1350 2.509325 2.509325 2.509325 0.307304 0.307304 0.307304
1360 2.509325 2.509325 2.509325 0.307304 0.307304 0.307304
1370 2.509325 2.509325 2.509325 0.307304 0.307304 0.307304
1380 2.509325 2.509325 2.509325 0.307304 0.307304 0.307304
1390 2.509325 2.509325 2.509325 0.307304 0.307304 0.307304
1400 2.509325 2.509325 2.509325 0.307304 0.307304 0.307304
1410 2.509325 2.509325 2.509325 0.307304 0.307304 0.307304
1420 2.509325 2.509325 2.509325 0.307304 0.307304 0.307304
1430 2.509325 2.509325 2.509325 0.307304 0.307304 0.307304
1440 2.509325 2.509325 2.509325 0.307304 0.307304 0.307304
1450 2.509325 2.509325 2.509325 0.307304 0.307304 0.307304
1460 2.509325 2.509325 2.509325 0.307304 0.307304 0.307304
1470 2.509325 2.509325 2.509325 0.307304 0.307304 0.307304
1480 2.509325 2.509325 2.509325 0.307304 0.307304 0.307304
1490 2.509325 2.509325 2.509325 0.307304 0.307304 0.307304
1500 2.509325 2.509325 2.509325 0.307304 0.307304 0.307304
1510 2.509325 2.509325 2.509325 0.307304 0.307304 0.307304
1520 2.509325 2.509325 2.509325 0.307304 0.307304 0.307304
1530 2.509325 2.509325 2.509325 0.307304 0.307304 0.307304
1540 2.509325 2.509325 2.509325 0.307304 0.307304 0.307304
1550 2.509325 2.509325 2.509325 0.307304 0.307304 0.307304
1560 2.509325 2.509325 2.509325 0.307304 0.307304 0.307304
1570 2.509325 2.509325 2.509325 0.307304 0.307304 0.307304
1580 2.509325 2.509325 2.509325 0.307304 0.307304 0.307304
1590 2.509325 2.509325 2.509325 0.307304 0.307304 0.307304
1600 2.509325 2.509325 2.509325 0.307304 0.307304 0.307304
1610 2.509325 2.509325 2.509325 0.307304 0.307304 0.307304
1620 2.509325 2.509325 2.509325 0.307304 0.307304 0.307304
1630 2.509325 2.509325 2.509325 0.307304 0.307304 0.307304
1640 2.509325 2.509325 2.509325 0.307304 0.307304 0.307304
1650 2.509325 2.509325 2.509325 0.307304 0.307304 0.307304
1660 2.509325 2.509325 2.509325 0.307304 0.307304 0.307304
1670 2.509325 2.509325 2.509325 0.307304 0.307304 0.307304
1680 2.509325 2.509325 2.509325 0.307304 0.307304 0.307304
1690 2.509325 2.509325 2.509325 0.307304 0.307304 0.307304
1700 2.509325 2.509325 2.509325 0.307304 0.307304 0.307304
1710 2.509325 2.509325 2.509325 0.307304 0.307304 0.307304
1720 2.509325 2.509325 2.509325 0.307304 0.307304 0.307304
1730 2.509325 2.509325 2.509325 0.307304 0.307304 0.307304
1740 2.509325 2.509325 2.509325 0.307304 0.307304 0.307304
1750 2.509325 2.509325 2.509325 0.307304 0.307304 0.307304
1760 2.509325 2.509325 2.509325 0.307304 0.307304 0.307304
1770 2.509325 2.509325 2.509325 0.307304 0.307304 0.307304
1780 2.509325 2.509325 2.509325 0.307304 0.307304 0.307304
1790 2.509325 2.509325 2.509325 0.307304 0.307304 0.307304
1800 2.509325 2.509325 2.509325 0.307304 0.307304 0.307304
1810 2.509325 2.509325 2.509325 0.307304 0.307304 0.307304
1820 2.509325 2.509325 2.509325 0.307304 0.307304 0.307304
1830 2.509325 2.509325 2.509325 0.307304 0.307304 0.307304
1840 2.509325 2.509325 2.509325 0.307304 0.307304 0.307304
1850 2.509325 2.509325 2.509325 0.307304 0.307304 0.307304
1860 2.509325 2.509325 2.509325 0.307304 0.307304 0.307304
1870 2.509325 2.509325 2.509325 0.307304 0.307304 0.307304
1880 2.509325 2.509325 2.509325 0.307304 0.307304 0.307304
1890 2.509325 2.509325 2.509325 0.307304 0.307304 0.307304
1900 2.509325 2.509325 2.509325 0.307304 0.307304 0.307304
1910 2.509325 2.509325 2.509325 0.307304 0.307304 0.307304
1920 2.509325 2.509325 2.509325 0.307304 0.307304 0.307304
1930 2.509325 2.509325 2.509325 0.307304 0.307304 0.307304
1940 2.509325 2.509325 2.509325 0.307304 0.307304 0.307304
1950 2.509325 2.509325 2.509325 0.307304 0.307304 0.307304
1960 2.509325 2.509325 2.509325 0.307304 0.307304 0.307304
1970 2.509325 2.509325 2.509325 0.307304 0.307304 0.307304
1980 2.509325 2.509325 2.509325 0.307304 0.307304 0.307304
1990 2.509325 2.509325 2.509325 0.307304 0.307304 0.307304
2000 2.509325 2.509325 2.509325 0.307304 0.307304 0.307304
2010 2.509325 2.509325 2.509325 0.307304 0.307304 0.307304
2020 2.509325 2.509325 2.509325 0.307304 0.307304 0.307304
2030 2.509325 2.509325 2.509325 0.307304 0.307304 0.307304
2040 2.509325 2.509325 2.509325 0.307304 0.307304 0.307304
2050 2.509325 2.509325 2.509325 0.307304 0.307304 0.307304
2060 2.509325 2.509325 2.509325 0.307304 0.307304 0.307304
2070 2.509325 2.509325 2.509325 0.307304 0.307304 0.307304
2080 2.509325 2.509325 2.509325 0.307304 0.307304 0.307304
2090 2.509325 2.509325 2.509325 0.307304 0.307304 0.307304
2100 2.509325 2.509325 2.509325 0.307304 0.307304 0.307304
2110 2.509325 2.509325 2.509325 0.307304 0.307304 0.307304
2120 2.509325 2.509325 2.509325 0.307304 0.307304 0.307304
2130 2.509325 2.509325 2.509325 0.307304 0.307304 0.307304
2140 2.509325 2.509325 2.509325 0.307304 0.307304 0.307304
2150 2.509325 2.509325 2.509325 0.307304 0.307304 0.307304
2160 2.509325 2.509325 2.509325 0.307304 0.307304 0.307304
2170 2.509325 2.509325 2.509325 0.307304 0.307304 0.307304
2180 2.509325 2.509325 2.509325 0.307304 0.307304 0.307304
2190 2.509325 2.509325 2.509325 0.307304 0.307304 0.307304
2200 2.509325 2.509325 2.509325 0.307304 0.307304 0.307304
2210 2.509325 2.509325 2.509325 0.307304 0.307304 0.307304
2220 2.509325 2.509325 2.509325 0.307304 0.307304 0.307304
2230 2.509325 2.509325 2.509325 0.307304 0.307304 0.307304
2240 2.509325 2.509325 2.509325 0.307304 0.307304 0.307304
2250 2.509325 2.509325 2.509325 0.307304 0.307304 0.307304
2260 2.509325 2.509325 2.509325 0.307304 0.307304 0.307304
2270 2.509325 2.509325 2.509325 0.307304 0.307304 0.307304
2280 2.509325 2.509325 2.509325 0.307304 0.307304 0.307304
2290 2.509325 2.509325 2.509325 0.307304 0.307304 0.307304
2300 2.509325 2.509325 2.509325 0.307304 0.307304 0.307304
2310 2.509325 2.509325 2.509325 0.307304 0.307304 0.307304
2320 2.509325 2.509325 2.509325 0.307304 0.307304 0.307304
2330 2.509325 2.509325 2.509325 0.307304 0.307304 0.307304
2340 2.509325 2.509325 2.509325 0.307304 0.307304 0.307304
2350 2.509325 2.509325 2.509325 0.307304 0.307304 0.307304
2360 2.509325 2.509325 2.509325 0.307304 0.307304 0.307304
2370 2.509325 2.509325 2.509325 0.307304 0.307304 0.307304
2380 2.509325 2.509325 2.509325 0.307304 0.307304 0.307304
2390 2.509325 2.509325 2.509325 0.307304 0.307304 0.307304
2400 2.509325 2.509325 2.509325 0.307304 0.307304 0.307304
2410 2.509325 2.509325 2.509325 0.307304 0.307304 0.307304
2420 2.509325 2.509325 2.509325 0.307304 0.307304 0.307304
2430 2.509325 2.509325 2.509325 0.307304 0.307304 0.307304
2440 2.509325 2.509325 2.509325 0.307304 0.307304 0.307304
2450 2.509325 2.509325 2.509325 0.307304 0.307304 0.307304
2460 2.509325 2.509325 2.509325 0.307304 0.307304 0.307304
2470 2.509325 2.509325 2.509325 0.307304 0.307304 0.307304
2480 2.509325 2.509325 2.509325 0.307304 0.307304 0.307304
2490 2.509325 2.509325 2.509325 0.307304 0.307304 0.307304
2500 2.509325 2.509325 2.509325 0.307304 0.307304 0.307304
2510 2.509325 2.509325 2.509325 0.307304 0.307304 0.307304
2520 2.509325 2.509325 2.509325 0.307304 0.307304 0.307304
2530 2.509325 2.509325 2.509325 0.307304 0.307304 0.307304
2540 2.509325 2.509325 2.509325 0.307304 0.307304 0.307304
2550 2.509325 2.509325 2.509325 0.307304 0.307304 0.307304
2560 2.509325 2.509325 2.509325 0.307304 0.307304 0.307304
2570 2.509325 2.509325 2.509325 0.307304 0.307304 0.307304
2580 2.509325 2.509325 2.509325 0.307304 0.307304 0.307304
2590 2.509325 2.509325 2.509325 0.307304 0.307304 0.307304
2600 2.509325 2.509325 2.509325 0.307304 0.307304 0.307304
2610 2.509325 2.509325 2.509325 0.307304 0.307304 0.307304
2620 2.509325 2.509325 2.509325 0.307304 0.307304 0.307304
2630 2.509325 2.509325 2.509325 0.307304 0.307304 0.307304
2640 2.509325 2.509325 2.509325 0.307304 0.307304 0.307304
2650 2.509325 2.509325 2.509325 0.307304 0.307304 0.307304
2660 2.509325 2.509325 2.509325 0.307304 0.307304 0.307304
2670 2.509325 2.509325 2.509325 0.307304 0.307304 0.307304
2680 2.509325 2.509325 2.509325 0.307304 0.307304 0.307304
2690 2.509325 2.509325 2.509325 0.307304 0.307304 0.307304
2700 2.509325 2.509325 2.509325 0.307304 0.307304 0.307304
2710 2.509325 2.509325 2.509325 0.307304 0.307304 0.307304
2720 2.509325 2.509325 2.509325 0.307304 0.307304 0.307304
2730 2.509325 2.509325 2.509325 0.307304 0.307304 0.307304
2740 2.509325 2.509325 2.509325 0.307304 0.307304 0.307304
2750 2.509325 2.509325 2.509325 0.307304 0.307304 0.307304
2760 2.509325 2.509325 2.509325 0.307304 0.307304 0.307304
2770 2.509325 2.509325 2.509325 0.307304 0.307304 0.307304
2780 2.509325 2.509325 2.509325 0.307304 0.307304 0.307304
2790 2.509325 2.509325 2.509325 0.307304 0.307304 0.307304
2800 2.509325 2.509325 2.509325 0.307304 0.307304 0.307304
2810 2.509325 2.509325 2.509325 0.307304 0.307304 0.307304
2820 2.509325 2.509325 2.509325 0.307304 0.307304 0.307304
2830 2.509325 2.509325 2.509325 0.307304 0.307304 0.307304
2840 2.509325 2.509325 2.509325 0.307304 0.307304 0.307304
2850 2.509325 2.509325 2.509325 0.307304 0.307304 0.307304
2860 2.509325 2.509325 2.509325 0.307304 0.307304 0.307304
2870 2.509325 2.509325 2.509325 0.307304 0.307304 0.307304
2880 2.509325 2.509325 2.509325 0.307304 0.307304 0.307304
2890 2.509325 2.509325 2.509325 0.307304 0.307304 0.307304
2900 2.509325 2.509325 2.509325 0.307304 0.307304 0.307304
2910 2.509325 2.509325 2.509325 0.307304 0.307304 0.307304
2920 2.509325 2.509325 2.509325 0.307304 0.307304 0.307304
2930 2.509325 2.509325 2.509325 0.307304 0.307304 0.307304
2940 2.509325 2.509325 2.509325 0.307304 0.307304 0.307304
2950 2.509325 2.509325 2.509325 0.307304 0.307304 0.307304
2960 2.509325 2.509325 2.509325 0.307304 0.307304 0.307304
2970 2.509325 2.509325 2.509325 0.307304 0.307304 0.307304
2980 2.509325 2.509325 2.509325 0.307304 0.307304 0.307304
2990 2.509325 2.509325 2.509325 0.307304 0.307304 0.307304
3000 2.509325 2.509325 2.509325 0.307304 0.307304 0.307304
3010 2.509325 2.509325 2.509325 0.307304 0.307304 0.307304
3020 2.509325 2.509325 2.509325 0.307304 0.307304 0.307304
3030 2.509325 2.509325 2.509325 0.307304 0.307304 0.307304
3040 2.509325 2.509325 2.509325 0.307304 0.307304 0.307304
3050 2.509325 2.509325 2.509325 0.307304 0.307304 0.307304
3060 2.509325 2.509325 2.509325 0.307304 0.307304 0.307304
3070 2.509325 2.509325 2.509325 0.307304 0.307304 0.307304
3080 2.509325 2.509325 2.509325 0.307304 0.307304 0.307304
3090 2.509325 2.509325 2.509325 0.307304 0.307304 0.307304
3100 2.509325 2.509325 2.509325 0.307304 0.307304 0.307304
3110 2.509325 2.509325 2.509325 0.307304 0.307304 0.307304
3120 2.509325 2.509325 2.509325 0.307304 0.307304 0.307304
3130 2.509325 2.509325 2.509325 0.307304 0.307304 0.307304
3140 2.509325 2.509325 2.509325 0.307304 0.307304 0.307304
3150 2.509325 2.509325 2.509325 0.307304 0.307304 0.307304
3160 2.509325 2.509325 2.509325 0.307304 0.307304 0.307304
3170 2.509325 2.509325 2.509325 0.307304 0.307304 0.307304
3180 2.509325 2.509325 2.509325 0.307304 0.307304 0.307304
3190 2.509325 2.509325 2.509325 0.307304 0.307304 0.307304
3200 2.509325 2.509325 2.509325 0.307304 0.307304 0.307304
3210 2.509325 2.509325 2.509325 0.307304 0.307304 0.307304
3220 2.509325 2.509325 2.509325 0.307304 0.307304 0.307304
3230 2.509325 2.509325 2.509325 0.307304 0.307304 0.307304
3240 2.509325 2.509325 2.509325 0.307304 0.307304 0.307304
3250 2.509325 2.509325 2.509325 0.307304 0.307304 0.307304
3260 2.509325 2.509325 2.509325 0.307304 0.307304 0.307304
3270 2.509325 2.509325 2.509325 0.307304 0.307304 0.307304
3280 2.509325 2.509325 2.509325 0.307304 0.307304 0.307304
3290 2.509325 2.509325 2.509325 0.307304 0.307304 0.307304
3300 2.509325 2.509325 2.509325 0.307304 0.307304 0.307304
3310 2.509325 2.509325 2.509325 0.307304 0.307304 0.307304
3320 2.509325 2.509325 2.509325 0.307304 0.307304 0.307304
3330 2.509325 2.509325 2.509325 0.307304 0.307304 0.307304
3340 2.509325 2.509325 2.509325 0.307304 0.307304 0.307304
3350 2.509325 2.509325 2.509325 0.307304 0.307304 0.307304
3360 2.509325 2.509325 2.509325 0.307304 0.307304 0.307304
3370 2.509325 2.509325 2.509325 0.307304 0.307304 0.307304
3380 2.509325 2.509325 2.509325 0.307304 0.307304 0.307304
3390 2.509325 2.509325 2.509325 0.307304 0.307304 0.307304
3400 2.509325 2.509325 2.509325 0.307304 0.307304 0.307304
3410 2.509325 2.509325 2.509325 0.307304 0.307304 0.307304
3420 2.509325 2.509325 2.509325 0.307304 0.307304 0.307304
3430 2.509325 2.509325 2.509325 0.307304 0.307304 0.307304
3440 2.509325 2.509325 2.509325 0.307304 0.307304 0.307304
3450 2.509325 2.509325 2.509325 0.307304 0.307304 0.307304
3460 2.509325 2.509325 2.509325 0.307304 0.307304 0.307304
3470 2.509325 2.509325 2.509325 0.307304 0.307304 0.307304
3480 2.509325 2.509325 2.509325 0.307304 0.307304 0.307304
3490 2.509325 2.509325 2.509325 0.307304 0.307304 0.307304
3500 2.509325 2.509325 2.509325 0.307304 0.307304 0.307304
3510 2.509325 2.509325 2.509325 0.307304 0.307304 0.307304
3520 2.509325 2.509325 2.509325 0.307304 0.307304 0.307304
3530 2.509325 2.509325 2.509325 0.307304 0.307304 0.307304
3540 2.509325 2.509325 2.509325 0.307304 0.307304 0.307304
3550 2.509325 2.509325 2.509325 0.307304 0.307304 0.307304
3560 2.509325 2.509325 2.509325 0.307304 0.307304 0.307304
3570 2.509325 2.509325 2.509325 0.307304 0.307304 0.307304
3580 2.509325 2.509325 2.509325 0.307304 0.307304 0.307304
3590 2.509325 2.509325 2.509325 0.307304 0.307304 0.307304
3600 2.509325 2.509325 2.509325 0.307304 0.307304 0.307304
3610 2.509325 2.509325 2.509325 0.307304 0.307304 0.307304
3620 2.509325 2.509325 2.509325 0.307304 0.307304 0.307304
3630 2.509325 2.509325 2.509325 0.307304 0.307304 0.307304
3640 2.509325 2.509325 2.509325 0.307304 0.307304 0.307304
3650 2.509325 2.509325 2.509325 0.307304 0.307304 0.307304
3660 2.509325 2.509325 2.509325 0.307304 0.307304 0.307304
3670 2.509325 2.509325 2.509325 0.307304 0.307304 0.307304
3680 2.509325 2.509325 2.509325 0.307304 0.307304 0.307304
3690 2.509325 2.509325 2.509325 0.307304 0.307304 0.307304
3700 2.509325 2.509325 2.509325 0.307304 0.307304 0.307304
3710 2.509325 2.509325 2.509325 0.307304 0.307304 0.307304
3720 2.509325 2.509325 2.509325 0.307304 0.307304 0.307304
3730 2.509325 2.509325 2.509325 0.307304 0.307304 0.307304
3740 2.509325 2.509325 2.509325 0.307304 0.307304 0.307304
3750 2.509325 2.509325 2.509325 0.307304 0.307304 0.307304
3760 2.509325 2.509325 2.509325 0.307304 0.307304 0.307304
3770 2.509325 2.509325 2.509325 0.307304 0.307304 0.307304
3780 2.509325 2.509325 2.509325 0.307304 0.307304 0.307304
3790 2.509325 2.509325 2.509325 0.307304 0.307304 0.307304
3800 2.509325 2.509325 2.509325 0.307304 0.307304 0.307304
3810 2.509325 2.509325 2.509325 0.307304 0.307304 0.307304
3820 2.509325 2.509325 2.509325 0.307304 0.307304 0.307304
3830 2.509325 2.509325 2.509325 0.307304 0.307304 0.307304
3840 2.509325 2.509325 2.509325 0.307304 0.307304 0.307304
3850 2.509325 2.509325 2.509325 0.307304 0.307304 0.307304
3860 2.509325 2.509325 2.509325 0.307304 0.307304 0.307304
3870 2.509325 2.509325 2.509325 0.307304 0.307304 0.307304
3880 2.509325 2.509325 2.509325 0.307304 0.307304 0.307304
3890 2.509325 2.509325 2.509325 0.307304 0.307304 0.307304
3900 2.509325 2.509325 2.509325 0.307304 0.307304 0.307304
3910 2.509325 2.509325 2.509325 0.307304 0.307304 0.307304
3920 2.509325 2.509325 2.509325 0.307304 0.307304 0.307304
3930 2.509325 2.509325 2.509325 0.307304 0.307304 0.307304
3940 2.509325 2.509325 2.509325 0.307304 0.307304 0.307304
3950 2.509325 2.509325 2.509325 0.307304 0.307304 0.307304
3960 2.509325 2.509325 2.509325 0.307304 0.307304 0.307304
3970 2.509325 2.509325 2.509325 0.307304 0.307304 0.307304
3980 2.509325 2.509325 2.509325 0.307304 0.307304 0.307304
3990 2.509325 2.509325 2.509325 0.307304 0.307304 0.307304
4000 2.509325 2.509325 2.509325 0.307304 0.307304 0.307304
4010 2.509325 2.509325 2.509325 0.307304 0.307304 0.307304
4020 2.509325 2.509325 2.509325 0.307304 0.307304 0.307304
4030 2.509325 2.509325 2.509325 0.307304 0.307304 0.307304
4040 2.509325 2.509325 2.509325 0.307304 0.307304 0.307304
4050 2.509325 2.509325 2.509325 0.307304 0.307304 0.307304
4060 2.509325 2.509325 2.509325 0.307304 0.307304 0.307304
4070 2.509325 2.509325 2.509325 0.307304 0.307304 0.307304
4080 2.509325 2.509325 2.509325 0.307304 0.307304 0.307304
4090 2.509325 2.509325 2.509325 0.307304 0.307304 0.307304
4100 2.509325 2.509325 2.509325 0.307304 0.307304 0.307304
4110 2.509325 2.509325 2.509325 0.307304 0.307304 0.307304
4120 2.509325 2.509325 2.509325 0.307304 0.307304 0.307304
4130 2.509325 2.509325 2.509325 0.307304 0.307304 0.307304
4140 2.509325 2.509325 2.509325 0.307304 0.307304 0.307304
4150 2.509325 2.509325 2.509325 0.307304 0.307304 0.307304
4160 2.509325 2.509325 2.509325 0.307304 0.307304 0.307304
4170 2.509325 2.509325 2.509325 0.307304 0.307304 0.307304
4180 2.509325 2.509325 2.509325 0.307304 0.307304 0.307304
4190 2.509325 2.509325 2.509325 0.307304 0.307304 0.307304
4200 2.509325 2.509325 2.509325 0.307304 0.307304 0.307304
4210 2.509325 2.509325 2.509325 0.307304 0.307304 0.307304
4220 2.509325 2.509325 2.509325 0.307304 0.307304 0.307304
4230 2.509325 2.509325 2.509325 0.307304 0.307304 0.307304
4240 2.509325 2.509325 2.509325 0.307304 0.307304 0.307304
4250 2.509325 2.509325 2.509325 0.307304 0.307304 0.307304
4260 2.509325 2.509325 2.509325 0.307304 0.307304 0.307304
4270 2.509325 2.509325 2.509325 0.307304 0.307304 0.307304
4280 2.509325 2.509325 2.509325 0.307304 0.307304 0.307304
4290 2.509325 2.509325 2.509325 0.307304 0.307304 0.307304
4300 2.509325 2.509325 2.509325 0.307304 0.307304 0.307304
4310 2.509325 2.509325 2.509325 0.307304 0.307304 0.307304
4320 2.509325 2.509325 2.509325 0.307304 0.307304 0.307304
4330 2.509325 2.509325 2.509325 0.307304 0.307304 0.307304
4340 2.509325 2.509325 2.509325 0.307304 0.307304 0.307304
4350 2.509325 2.509325 2.509325 0.307304 0.307304 0.307304
4360 2.509325 2.509325 2.509325 0.307304 0.307304 0.307304
4370 2.509325 2.509325 2.509325 0.307304 0.307304 0.307304
4380 2.509325 2.509325 2.509325 0.307304 0.307304 0.307304
4390 2.509325 2.509325 2.509325 0.307304 0.307304 0.307304
4400 2.509325 2.509325 2.509325 0.307304 0.307304 0.307304
4410 2.509325 2.509325 2.509325 0.307304 0.307304 0.307304
4420 2.509325 2.509325 2.509325 0.307304 0.307304 0.307304
4430 2.509325 2.509325 2.509325 0.307304 0.307304 0.307304
4440 2.509325 2.509325 2.509325 0.307304 0.307304 0.307304
4450 2.509325 2.509325 2.509325 0.307304 0.307304 0.307304
4460 2.509325 2.509325 2.509325 0.307304 0.307304 0.307304
4470 2.509325 2.509325 2.509325 0.307304 0.307304 0.307304
4480 2.509325 2.509325 2.509325 0.307304 0.307304 0.307304
4490 2.509325 2.509325 2.509325 0.307304 0.307304 0.307304
4500 2.509325 2.509325 2.509325 0.307304 0.307304 0.307304
4510 2.509325 2.509325 2.509325 0.307304 0.307304 0.307304
4520 2.509325 2.509325 2.509325 0.307304 0.307304 0.307304
4530 2.509325 2.509325 2.509325 0.307304 0.307304 0.307304
4540 2.509325 2.509325 2.509325 0.307304 0.307304 0.307304
4550 2.509325 2.509325 2.509325 0.307304 0.307304 0.307304
4560 2.509325 2.509325 2.509325 0.307304 0.307304 0.307304
4570 2.509325 2.509325 2.509325 0.307304 0.307304 0.307304
4580 2.509325 2.509325 2.509325 0.307304 0.307304 0.307304
4590 2.509325 2.509325 2.509325 0.307304 0.307304 0.307304
4600 2.509325 2.509325 2.509325 0.307304 0.307304 0.307304
4610 2.509325 2.509325 2.509325 0.307304 0.307304 0.307304
4620 2.509325 2.509325 2.509325 0.307304 0.307304 0.307304
4630 2.509325 2.509325 2.509325 0.307304 0.307304 0.307304
4640 2.509325 2.509325 2.509325 0.307304 0.307304 0.307304
4650 2.509325 2.509325 2.509325 0.307304 0.307304 0.307304
4660 2.509325 2.509325 2.509325 0.307304 0.307304 0.307304
4670 2.509325 2.509325 2.509325 0.307304 0.307304 0.307304
4680 2.509325 2.509325 2.509325 0.307304 0.307304 0.307304
4690 2.509325 2.509325 2.509325 0.307304 0.307304 0.307304
4700 2.509325 2.509325 2.509325 0.307304 0.307304 0.307304
4710 2.509325 2.509325 2.509325 0.307304 0.307304 0.307304
4720 2.509325 2.509325 2.509325 0.307304 0.307304 0.307304
4730 2.509325 2.509325 2.509325 0.307304 0.307304 0.307304
4740 2.509325 2.509325 2.509325 0.307304 0.307304 0.307304
4750 2.509325 2.509325 2.509325 0.307304 0.307304 0.307304
4760 2.509325 2.509325 2.509325 0.307304 0.307304 0.307304
4770 2.509325 2.509325 2.509325 0.307304 0.307304 0.307304
4780 2.509325 2.509325 2.509325 0.307304 0.307304 0.307304
4790 2.509325 2.509325 2.509325 0.307304 0.307304 0.307304
4800 2.509325 2.509325 2.509325 0.307304 0.307304 0.307304
4810 2.509325 2.509325 2.509325 0.307304 0.307304 0.307304
4820 2.509325 2.509325 2.509325 0.307304 0.307304 0.307304
4830 2.509325 2.509325 2.509325 0.307304 0.307304 0.307304
4840 2.509325 2.509325 2.509325 0.307304 0.307304 0.307304
4850 2.509325 2.509325 2.509325 0.307304 0.307304 0.307304
4860 2.509325 2.509325 2.509325 0.307304 0.307304 0.307304
4870 2.509325 2.509325 2.509325 0.307304 0.307304 0.307304
4880 2.509325 2.509325 2.509325 0.307304 0.307304 0.307304
4890 2.509325 2.509325 2.509325 0.307304 0.307304 0.307304
4900 2.509325 2.509325 2.509325 0.307304 0.307304 0.307304
4910 2.509325 2.509325 2.509325 0.307304 0.307304 0.307304
4920 2.509325 2.509325 2.509325 0.307304 0.307304 0.307304
4930 2.509325 2.509325 2.509325 0.307304 0.307304 0.307304
4940 2.509325 2.509325 2.509325 0.307304 0.307304 0.307304
4950 2.509325 2.509325 2.509325 0.307304 0.307304 0.307304
4960 2.509325 2.509325 2.509325 0.307304 0.307304 0.307304
4970 2.509325 2.509325 2.509325 0.307304 0.307304 0.307304
4980 2.509325 2.509325 2.509325 0.307304 0.307304 0.307304
4990 2.509325 2.509325 2.509325 0.307304 0.307304 0.307304
5000 2.509325 2.509325 2.509325 0.307304 0.307304 0.307304
5010 2.509325 2.509325 2.509325 0.307304 0.307304 0.307304
5020 2.509325 2.509325 2.509325 0.307304 0.307304 0.307304
5030 2.509325 2.509325 2.509325 0.307304 0.307304 0.307304
5040 2.509325 2.509325 2.509325 0.307304 0.307304 0.307304
5050 2.509325 2.509325 2.509325 0.307304 0.307304 0.307304
5060 2.509325 2.509325 2.509325 0.307304 0.307304 0.307304
5070 2.509325 2.509325 2.509325 0.307304 0.307304 0.307304
5080 2.509325 2.509325 2.509325 0.307304 0.307304 0.307304
5090 2.509325 2.509325 2.509325 0.307304 0.307304 0.307304
5100 2.509325 2.509325 2.509325 0.307304 0.307304 0.307304
5110 2.509325 2.509325 2.509325 0.307304 0.307304 0.307304
5120 2.509325 2.509325 2.509325 0.307304 0.307304 0.307304
5130 2.509325 2.509325 2.509325 0.307304 0.307304 0.307304
5140 2.509325 2.509325 2.509325 0.307304 0.307304 0.307304
5150 2.509325 2.509325 2.509325 0.307304 0.307304 0.307304
5160 2.509325 2.509325 2.509325 0.307304 0.307304 0.307304
5170 2.509325 2.509325 2.509325 0.307304 0.307304 0.307304
5180 2.509325 2.509325 2.509325 0.307304 0.307304 0.307304
5190 2.509325 2.509325 2.509325 0.307304 0.307304 0.307304
5200 2.509325 2.509325 2.509325 0.307304 0.307304 0.307304
5210 2.509325 2.509325 2.509325 0.307304 0.307304 0.307304
5220 2.509325 2.509325 2.509325 0.307304 0.307304 0.307304
5230 2.509325 2.509325 2.509325 0.307304 0.307304 0.307304
5240 2.509325 2.509325 2.509325 0.307304 0.307304 0.307304
5250 2.509325 2.509325 2.509325 0.307304 0.307304 0.307304
5260 2.509325 2.509325 2.509325 0.307304 0.307304 0.307304
5270 2.509325 2.509325 2.509325 0.307304 0.307304 0.307304
5280 2.509325 2.509325 2.509325 0.307304 0.307304 0.307304
5290 2.509325 2.509325 2.509325 0.307304 0.307304 0.307304
5300 2.509325 2.509325 2.509325 0.307304 0.307304 0.307304
5310 2.509325 2.509325 2.509325 0.307304 0.307304 0.307304
5320 2.509325 2.509325 2.509325 0.307304 0.307304 0.307304
5330 2.509325 2.509325 2.509325 0.307304 0.307304 0.307304
5340 2.509325 2.509325 2.509325 0.307304 0.307304 0.307304
5350 2.509325 2.509325 2.509325 0.307304 0.307304 0.307304
5360 2.509325 2.509325 2.509325 0.307304 0.307304 0.307304
5370 2.509325 2.509325 2.509325 0.307304 0.307304 0.307304
5380 2.509325 2.509325 2.509325 0.307304 0.307304 0.307304
5390 2.509325 2.509325 2.509325 0.307304 0.307304 0.307304
5400 2.509325 2.509325 2.509325 0.307304 0.307304 0.307304
5410 2.509325 2.509325 2.509325 0.307304 0.307304 0.307304
5420 2.509325 2.509325 2.509325 0.307304 0.307304 0.307304
5430 2.509325 2.509325 2.509325 0.307304 0.307304 0.307304
5440 2.509325 2.509325 2.509325 0.307304 0.307304 0.307304
5450 2.509325 2.509325 2.509325 0.307304 0.307304 0.307304
5460 2.509325 2.509325 2.509325 0.307304 0.307304 0.307304
5470 2.509325 2.509325 2.509325 0.307304 0.307304 0.307304
5480 2.509325 2.509325 2.509325 0.307304 0.307304 0.307304
5490 2.509325 2.509325 2.509325 0.307304 0.307304 0.307304
5500 2.509325 2.509325 2.509325 0.307304 0.307304 0.307304
5510 2.509325 2.509325 2.509325 0.307304 0.307304 0.307304
5520 2.509325 2.509325 2.509325 0.307304 0.307304 0.307304
5530 2.509325 2.509325 2.509325 0.307304 0.307304 0.307304
5540 2.509325 2.509325 2.509325 0.307304 0.307304 0.307304
5550 2.509325 2.509325 2.509325 0.307304 0.307304 0.307304
5560 2.509325 2.509325 2.509325 0.307304 0.307304 0.307304
5570 2.509325 2.509325 2.509325 0.307304 0.307304 0.307304
5580 2.509325 2.509325 2.509325 0.307304 0.307304 0.307304
5590 2.509325 2.509325 2.509325 0.307304 0.307304 0.307304
5600 2.509325 2.509325 2.509325 0.307304 0.307304 0.307304
5610 2.509325 2.509325 2.509325 0.307304 0.307304 0.307304
5620 2.509325 2.509325 2.509325 0.307304 0.307304 0.307304
5630 2.509325 2.509325 2.509325 0.307304 0.307304 0.307304
5640 2.509325 2.509325 2.509325 0.307304 0.307304 0.307304
5650 2.509325 2.509325 2.509325 0.307304 0.307304 0.307304
5660 2.509325 2.509325 2.509325 0.307304 0.307304 0.307304
5670 2.509325 2.509325 2.509325 0.307304 0.307304 0.307304
5680 2.509325 2.509325 2.509325 0.307304 0.307304 0.307304
5690 2.509325 2.509325 2.509325 0.307304 0.307304 0.307304
5700 2.509325 2.509325 2.509325 0.307304 0.307304 0.307304
5710 2.509325 2.509325 2.509325 0.307304 0.307304 0.307304
5720 2.509325 2.509325 2.509325 0.307304 0.307304 0.307304
5730 2.509325 2.509325 2.509325 0.307304 0.307304 0.307304
5740 2.509325 2.509325 2.509325 0.307304 0.307304 0.307304
5750 2.509325 2.509325 2.509325 0.307304 0.307304 0.307304
5760 2.509325 2.509325 2.509325 0.307304 0.307304 0.307304
5770 2.509325 2.509325 2.509325 0.307304 0.307304 0.307304
5780 2.509325 2.509325 2.509325 0.307304 0.307304 0.307304
5790 2.509325 2.509325 2.509325 0.307304 0.307304 0.307304
5800 2.509325 2.509325 2.509325 0.307304 0.307304 0.307304
5810 2.509325 2.509325 2.509325 0.307304 0.307304 0.307304
5820 2.509325 2.509325 2.509325 0.307304 0.307304 0.307304
5830 2.509325 2.509325 2.509325 0.307304 0.307304 0.307304
5840 2.509325 2.509325 2.509325 0.307304 0.307304 0.307304
5850 2.509325 2.509325 2.509325 0.307304 0.307304 0.307304
5860 2.509325 2.509325 2.509325 0.307304 0.307304 0.307304
5870 2.509325 2.509325 2.509325 0.307304 0.307304 0.307304
5880 2.509325 2.509325 2.509325 0.307304 0.307304 0.307304
5890 2.509325 2.509325 2.509325 0.307304 0.307304 0.307304
5900 2.509325 2.509325 2.509325 0.307304 0.307304 0.307304
5910 2.509325 2.509325 2.509325 0.307304 0.307304 0.307304
5920 2.509325 2.509325 2.509325 0.307304 0.307304 0.307304
5930 2.509325 2.509325 2.509325 0.307304 0.307304 0.307304
5940 2.509325 2.509325 2.509325 0.307304 0.307304 0.307304
5950 2.509325 2.509325 2.509325 0.307304 0.307304 0.307304
5960 2.509325 2.509325 2.509325 0.307304 0.307304 0.307304
5970 2.509325 2.509325 2.509325 0.307304 0.307304 0.307304
5980 2.509325 2.509325 2.509325 0.307304 0.307304 0.307304
5990 2.509325 2.509325 2.509325 0.307304 0.307304 0.307304
6000 2.509325 2.509325 2.509325 0.307304 0.307304 0.307304
6010 2.509325 2.509325 2.509325 0.307304 0.307304 0.307304
6020 2.509325 2.509325 2.509325 0.307304 0.307304 0.307304
6030 2.509325 2.509325 2.509325 0.307304 0.307304 0.307304
6040 2.509325 2.509325 2.509325 0.307304 0.307304 0.307304
6050 2.509325 2.509325 2.509325 0.307304 0.307304 0.307304
6060 2.509325 2.509325 2.509325 0.307304 0.307304 0.307304
6070 2.509325 2.509325 2.509325 0.307304 0.307304 0.307304
6080 2.509325 2.509325 2.509325 0.307304 0.307304 0.307304
6090 2.509325 2.509325 2.509325 0.307304 0.307304 0.307304
6100 2.509325 2.509325 2.509325 0.307304 0.307304 0.307304
6110 2.509325 2.509325 2.509325 0.307304 0.307304 0.307304
6120 2.509325 2.509325 2.509325 0.307304 0.307304 0.307304
6130 2.509325 2.509325 2.509325 0.307304 0.307304 0.307304
6140 2.509325 2.509325 2.509325 0.307304 0.307304 0.307304
6150 2.509325 2.509325 2.509325 0.307304 0.307304 0.307304
6160 2.509325 2.509325 2.509325 0.307304 0.307304 0.307304
6170 2.509325 2.509325 2.509325 0.307304 0.307304 0.307304
6180 2.509325 2.509325 2.509325 0.307304 0.307304 0.307304
6190 2.509325 2.509325 2.509325 0.307304 0.307304 0.307304
6200 2.509325 2.509325 2.509325 0.307304 0.307304 0.307304
6210 2.509325 2.509325 2.509325 0.307304 0.307304 0.307304
6220 2.509325 2.509325 2.509325 0.307304 0.307304 0.307304
6230 2.509325 2.509325 2.509325 0.307304 0.307304 0.307304
6240 2.509325 2.509325 2.509325 0.307304 0.307304 0.307304
6250 2.509325 2.509325 2.509325 0.307304 0.307304 0.307304
6260 2.509325 2.509325 2.509325 0.307304 0.307304 0.307304
6270 2.509325 2.509325 2.509325 0.307304 0.307304 0.307304
6280 2.509325 2.509325 2.509325 0.307304 0.307304 0.307304
6290 2.509325 2.509325 2.509325 0.307304 0.307304 0.307304
6300 2.509325 2.509325 2.509325 0.307304 0.307304 0.307304
6310 2.509325 2.509325 2.509325 0.307304 0.307304 0.307304
6320 2.509325 2.509325 2.509325 0.307304 0.307304 0.307304
6330 2.509325 2.509325 2.509325 0.307304 0.307304 0.307304
6340 2.509325 2.509325 2.509325 0.307304 0.307304 0.307304
6350 2.509325 2.509325 2.509325 0.307304 0.307304 0.307304
6360 2.509325 2.509325 2.509325 0.307304 0.307304 0.307304
6370 2.509325 2.509325 2.509325 0.307304 0.307304 0.307304
6380 2.509325 2.509325 2.509325 0.307304 0.307304 0.307304
6390 2.509325 2.509325 2.509325 0.307304 0.307304 0.307304
6400 2.509325 2.509325 2.509325 0.307304 0.307304 0.307304
6410 2.509325 2.509325 2.509325 0.307304 0.307304 0.307304
6420 2.509325 2.509325 2.509325 0.307304 0.307304 0.307304
6430 2.509325 2.509325 2.509325 0.307304 0.307304 0.307304
6440 2.509325 2.509325 2.509325 0.307304 0.307304 0.307304
6450 2.509325 2.509325 2.509325 0.307304 0.307304 0.307304
6460 2.509325 2.509325 2.509325 0.307304 0.307304 0.307304
6470 2.509325 2.509325 2.509325 0.307304 0.307304 0.307304
6480 2.509325 2.509325 2.509325 0.307304 0.307304 0.307304
6490 2.509325 2.509325 2.509325 0.307304 0.307304 0.307304
6500 2.509325 2.509325 2.509325 0.307304 0.307304 0.307304
6510 2.509325 2.509325 2.509325 0.307304 0.307304 0.307304
6520 2.509325 2.509325 2.509325 0.307304 0.307304 0.307304
6530 2.509325 2.509325 2.509325 0.307304 0.307304 0.307304
6540 2.509325 2.509325 2.509325 0.307304 0.307304 0.307304
6550 2.509325 2.509325 2.509325 0.307304 0.307304 0.307304
6560 2.509325 2.509325 2.509325 0.307304 0.307304 0.307304
6570 2.509325 2.509325 2.509325 0.307304 0.307304 0.307304
6580 2.509325 2.509325 2.509325 0.307304 0.307304 0.307304
6590 2.509325 2.509325 2.509325 0.307304 0.307304 0.307304
6600 2.509325 2.509325 2.509325 0.307304 0.307304 0.307304
6610 2.509325 2.509325 2.509325 0.307304 0.307304 0.307304
6620 2.509325 2.509325 2.509325 0.307304 0.307304 0.307304
6630 2.509325 2.509325 2.509325 0.307304 0.307304 0.307304
6640 2.509325 2.509325 2.509325 0.307304 0.307304 0.307304
6650 2.509325 2.509325 2.509325 0.307304 0.307304 0.307304
6660 2.509325 2.509325 2.509325 0.307304 0.307304 0.307304
6670 2.509325 2.509325 2.509325 0.307304 0.307304 0.307304
6680 2.509325 2.509325 2.509325 0.307304 0.307304 0.307304
6690 2.509325 2.509325 2.509325 0.307304 0.307304 0.307304
6700 2.509325 2.509325 2.509325 0.307304 0.307304 0.307304
6710 2.509325 2.509325 2.509325 0.307304 0.307304 0.307304
6720 2.509325 2.509325 2.509325 0.307304 0.307304 0.307304
6730 2.509325 2.509325 2.509325 0.307304 0.307304 0.307304
6740 2.509325 2.509325 2.509325 0.307304 0.307304 0.307304
6750 2.509325 2.509325 2.509325 0.307304 0.307304 0.307304
6760 2.509325 2.509325 2.509325 0.307304 0.307304 0.307304
6770 2.509325 2.509325 2.509325 0.307304 0.307304 0.307304
6780 2.509325 2.509325 2.509325 0.307304 0.307304 0.307304
6790 2.509325 2.509325 2.509325 0.307304 0.307304 0.307304
6800 2.509325 2.509325 2.509325 0.307304 0.307304 0.307304
6810 2.509325 2.509325 2.509325 0.307304 0.307304 0.307304
6820 2.509325 2.509325 2.509325 0.307304 0.307304 0.307304
6830 2.509325 2.509325 2.509325 0.307304 0.307304 0.307304
6840 2.509325 2.509325 2.509325 0.307304 0.307304 0.307304
6850 2.509325 2.509325 2.509325 0.307304 0.307304 0.307304
6860 2.509325 2.509325 2.509325 0.307304 0.307304 0.307304
6870 2.509325 2.509325 2.509325 0.307304 0.307304 0.307304
6880 2.509325 2.509325 2.509325 0.307304 0.307304 0.307304
6890 2.509325 2.509325 2.509325 0.307304 0.307304 0.307304
6900 2.509325 2.509325 2.509325 0.307304 0.307304 0.307304
6910 2.509325 2.509325 2.509325 0.307304 0.307304 0.307304
6920 2.509325 2.509325 2.509325 0.307304 0.307304 0.307304
6930 2.509325 2.509325 2.509325 0.307304 0.307304 0.307304
6940 2.509325 2.509325 2.509325 0.307304 0.307304 0.307304
6950 2.509325 2.509325 2.509325 0.307304 0.307304 0.307304
6960 2.509325 2.509325 2.509325 0.307304 0.307304 0.307304
6970 2.509325 2.509325 2.509325 0.307304 0.307304 0.307304
6980 2.509325 2.509325 2.509325 0.307304 0.307304 0.307304
6990 2.509325 2.509325 2.509325 0.307304 0.307304 0.307304
7000 2.509325 2.509325 2.509325 0.307304 0.307304 0.307304
7010 2.509325 2.509325 2.509325 0.307304 0.307304 0.307304
7020 2.509325 2.509325 2.509325 0.307304 0.307304 0.307304
7030 2.509325 2.509325 2.509325 0.307304 0.307304 0.307304
7040 2.509325 2.509325 2.509325 0.307304 0.307304 0.307304
7050 2.509325 2.509325 2.509325 0.307304 0.307304 0.307304
7060 2.509325 2.509325 2.509325 0.307304 0.307304 0.307304
7070 2.509325 2.509325 2.509325 0.307304 0.307304 0.307304
7080 2.509325 2.509325 2.509325 0.307304 0.307304 0.307304
7090 2.509325 2.509325 2.509325 0.307304 0.307304 0.307304
7100 2.509325 2.509325 2.509325 0.307304 0.307304 0.307304
7110 2.509325 2.509325 2.509325 0.307304 0.307304 0.307304
7120 2.509325 2.509325 2.509325 0.307304 0.307304 0.307304
7130 2.509325 2.509325 2.509325 0.307304 0.307304 0.307304
7140 2.509325 2.509325 2.509325 0.307304 0.307304 0.307304
7150 2.509325 2.509325 2.509325 0.307304 0.307304 0.307304
7160 2.509325 2.509325 2.509325 0.307304 0.307304 0.307304
7170 2.509325 2.509325 2.509325 0.307304 0.307304 0.307304
7180 2.509325 2.509325 2.509325 0.307304 0.307304 0.307304
7190 2.509325 2.509325 2.509325 0.307304 0.307304 0.307304
7200 2.509325 2.509325 2.509325 0.307304 0.307304 0.307304
7210 2.509325 2.509325 2.509325 0.307304 0.307304 0.307304
7220 2.509325 2.509325 2.509325 0.307304 0.307304 0.307304
7230 2.509325 2.509325 2.509325 0.307304 0.307304 0.307304
7240 2.509325 2.509325 2.509325 0.307304 0.307304 0.307304
7250 2.509325 2.509325 2.509325 0.307304 0.307304 0.307304
7260 2.509325 2.509325 2.509325 0.307304 0.307304 0.307304
7270 2.509325 2.509325 2.509325 0.307304 0.307304 0.307304
7280 2.509325 2.509325 2.509325 0.307304 0.307304 0.307304
7290 2.509325 2.509325 2.509325 0.307304 0.307304 0.307304
7300 2.509325 2.509325 2.509325 0.307304 0.307304 0.307304
7310 2.509325 2.509325 2.509325 0.307304 0.307304 0.307304
7320 2.509325 2.509325 2.509325 0.307304 0.307304 0.307304
7330 2.509325 2.509325 2.509325 0.307304 0.307304 0.307304
7340 2.509325 2.509325 2.509325 0.307304 0.307304 0.307304
7350 2.509325 2.509325 2.509325 0.307304 0.307304 0.307304
7360 2.509325 2.509325 2.509325 0.307304 0.307304 0.307304
7370 2.509325 2.509325 2.509325 0.307304 0.307304 0.307304
7380 2.509325 2.509325 2.509325 0.307304 0.307304 0.307304
7390 2.509325 2.509325 2.509325 0.307304 0.307304 0.307304
7400 2.509325 2.509325 2.509325 0.307304 0.307304 0.307304
7410 2.509325 2.509325 2.509325 0.307304 0.307304 0.307304
7420 2.509325 2.509325 2.509325 0.307304 0.307304 0.307304
7430 2.509325 2.509325 2.509325 0.307304 0.307304 0.307304
7440 2.509325 2.509325 2.509325 0.307304 0.307304 0.307304
7450 2.509325 2.509325 2.509325 0.307304 0.307304 0.307304
7460 2.509325 2.509325 2.509325 0.307304 0.307304 0.307304
7470 2.509325 2.509325 2.509325 0.307304 0.307304 0.307304
7480 2.509325 2.509325 2.509325 0.307304 0.307304 0.307304
7490 2.509325 2.509325 2.509325 0.307304 0.307304 0.307304
7500 2.509325 2.509325 2.509325 0.307304 0.307304 0.307304
7510 2.509325 2.509325 2.509325 0.307304 0.307304 0.307304
7520 2.509325 2.509325 2.509325 0.307304 0.307304 0.307304
7530 2.509325 2.509325 2.509325 0.307304 0.307304 0.307304
7540 2.509325 2.509325 2.509325 0.307304 0.307304 0.307304
7550 2.509325 2.509325 2.509325 0.307304 0.307304 0.307304
7560 2.509325 2.509325 2.509325 0.307304 0.307304 0.307304
7570 2.509325 2.509325 2.509325 0.307304 0.307304 0.307304
7580 2.509325 2.509325 2.509325 0.307304 0.307304 0.307304
7590 2.509325 2.509325 2.509325 0.307304 0.307304 0.307304
7600 2.509325 2.509325 2.509325 0.307304 0.307304 0.307304
7610 2.509325 2.509325 2.509325 0.307304 0.307304 0.307304
7620 2.509325 2.509325 2.509325 0.307304 0.307304 0.307304
7630 2.509325 2.509325 2.509325 0.307304 0.307304 0.307304
7640 2.509325 2.509325 2.509325 0.307304 0.307304 0.307304
7650 2.509325 2.509325 2.509325 0.307304 0.307304 0.307304
7660 2.509325 2.509325 2.509325 0.307304 0.307304 0.307304
7670 2.509325 2.509325 2.509325 0.307304 0.307304 0.307304
7680 2.509325 2.509325 2.509325 0.307304 0.307304 0.307304
7690 2.509325 2.509325 2.509325 0.307304 0.307304 0.307304
7700 2.509325 2.509325 2.509325 0.307304 0.307304 0.307304
7710 2.509325 2.509325 2.509325 0.307304 0.307304 0.307304
7720 2.509325 2.509325 2.509325 0.307304 0.307304 0.307304
7730 2.509325 2.509325 2.509325 0.307304 0.307304 0.307304
7740 2.509325 2.509325 2.509325 0.307304 0.307304 0.307304
7750 2.509325 2.509325 2.509325 0.307304 0.307304 0.307304
7760 2.509325 2.509325 2.509325 0.307304 0.307304 0.307304
7770 2.509325 2.509325 2.509325 0.307304 0.307304 0.307304
7780 2.509325 2.509325 2.509325 0.307304 0.307304 0.307304
7790 2.509325 2.509325 2.509325 0.307304 0.307304 0.307304
7800 2.509325 2.509325 2.509325 0.307304 0.307304 0.307304
7810 2.509325 2.509325 2.509325 0.307304 0.307304 0.307304
7820 2.509325 2.509325 2.509325 0.307304 0.307304 0.307304
7830 2.509325 2.509325 2.509325 0.307304 0.307304 0.307304
7840 2.509325 2.509325 2.509325 0.307304 0.307304 0.307304
7850 2.509325 2.509325 2.509325 0.307304 0.307304 0.307304
7860 2.509325 2.509325 2.509325 0.307304 0.307304 0.307304
7870 2.509325 2.509325 2.509325 0.307304 0.307304 0.307304
7880 2.509325 2.509325 2.509325 0.307304 0.307304 0.307304
7890 2.509325 2.509325 2.509325 0.307304 0.307304 0.307304
7900 2.509325 2.509325 2.509325 0.307304 0.307304 0.307304
7910 2.509325 2.509325 2.509325 0.307304 0.307304 0.307304
7920 2.509325 2.509325 2.509325 0.307304 0.307304 0.307304
7930 2.509325 2.509325 2.509325 0.307304 0.307304 0.307304
7940 2.509325 2.509325 2.509325 0.307304 0.307304 0.307304
7950 2.509325 2.509325 2.509325 0.307304 0.307304 0.307304
7960 2.509325 2.509325 2.509325 0.307304 0.307304 0.307304
7970 2.509325 2.509325 2.509325 0.307304 0.307304 0.307304
7980 2.509325 2.509325 2.509325 0.307304 0.307304 0.307304
7990 2.509325 2.509325 2.509325 0.307304 0.307304 0.307304
8000 2.509325 2.509325 2.509325 0.307304 0.307304 0.307304
8010 2.509325 2.509325 2.509325 0.307304 0.307304 0.307304
8020 2.509325 2.509325 2.509325 0.307304 0.307304 0.307304
8030 2.509325 2.509325 2.509325 0.307304 0.307304 0.307304
8040 2.509325 2.509325 2.509325 0.307304 0.307304 0.307304
8050 2.509325 2.509325 2.509325 0.307304 0.307304 0.307304
8060 2.509325 2.509325 2.509325 0.307304 0.307304 0.307304
8070 2.509325 2.509325 2.509325 0.307304 0.307304 0.307304
8080 2.509325 2.509325 2.509325 0.307304 0.307304 0.307304
8090 2.509325 2.509325 2.509325 0.307304 0.307304 0.307304
8100 2.509325 2.509325 2.509325 0.307304 0.307304 0.307304
8110 2.509325 2.509325 2.509325 0.307304 0.307304 0.307304
8120 2.509325 2.509325 2.509325 0.307304 0.307304 0.307304
8130 2.509325 2.509325 2.509325 0.307304 0.307304 0.307304
8140 2.509325 2.509325 2.509325 0.307304 0.307304 0.307304
8150 2.509325 2.509325 2.509325 0.307304 0.307304 0.307304
8160 2.509325 2.509325 2.509325 0.307304 0.307304 0.307304
8170 2.509325 2.509325 2.509325 0.307304 0.307304 0.307304
8180 2.509325 2.509325 2.509325 0.307304 0.307304 0.307304
8190 2.509325 2.509325 2.509325 0.307304 0.307304 0.307304
8200 2.509325 2.509325 2.509325 0.307304 0.307304 0.307304
8210 2.509325 2.509325 2.509325 0.307304 0.307304 0.307304
8220 2.509325 2.509325 2.509325 0.307304 0.307304 0.307304
8230 2.509325 2.509325 2.509325 0.307304 0.307304 0.307304
8240 2.509325 2.509325 2.509325 0.307304 0.307304 0.307304
8250 2.509325 2.509325 2.509325 0.307304 0.307304 0.307304
8260 2.509325 2.509325 2.509325 0.307304 0.307304 0.307304
8270 2.509325 2.509325 2.509325 0.307304 0.307304 0.307304
8280 2.509325 2.509325 2.509325 0.307304 0.307304 0.307304
8290 2.509325 2.509325 2.509325 0.307304 0.307304 0.307304
8300 2.509325 2.509325 2.509325 0.307304 0.307304 0.307304
8310 2.509325 2.509325 2.509325 0.307304 0.307304 0.307304
8320 2.509325 2.509325 2.509325 0.307304 0.307304 0.307304
8330 2.509325 2.509325 2.509325 0.307304 0.307304 0.307304
8340 2.509325 2.509325 2.509325 0.307304 0.307304 0.307304
8350 2.509325 2.509325 2.509325 0.307304 0.307304 0.307304
8360 2.509325 2.509325 2.509325 0.307304 0.307304 0.307304
8370 2.509325 2.509325 2.509325 0.307304 0.307304 0.307304
8380 2.509325 2.509325 2.509325 0.307304 0.307304 0.307304
8390 2.509325 2.509325 2.509325 0.307304 0.307304 0.307304
8400 2.509325 2.509325 2.509325 0.307304 0.307304 0.307304
8410 2.509325 2.509325 2.509325 0.307304 0.307304 0.307304
8420 2.509325 2.509325 2.509325 0.307304 0.307304 0.307304
8430 2.509325 2.509325 2.509325 0.307304 0.307304 0.307304
8440 2.509325 2.509325 2.509325 0.307304 0.307304 0.307304
8450 2.509325 2.509325 2.509325 0.307304 0.307304 0.307304
8460 2.509325 2.509325 2.509325 0.307304 0.307304 0.307304
8470 2.509325 2.509325 2.509325 0.307304 0.307304 0.307304
8480 2.509325 2.509325 2.509325 0.307304 0.307304 0.307304
8490 2.509325 2.509325 2.509325 0.307304 0.307304 0.307304
8500 2.509325 2.509325 2.509325 0.307304 0.307304 0.307304
8510 2.509325 2.509325 2.509325 0.307304 0.307304 0.307304
8520 2.509325 2.509325 2.509325 0.307304 0.307304 0.307304
8530 2.509325 2.509325 2.509325 0.307304 0.307304 0.307304
8540 2.509325 2.509325 2.509325 0.307304 0.307304 0.307304
8550 2.509325 2.509325 2.509325 0.307304 0.307304 0.307304
8560 2.509325 2.509325 2.509325 0.307304 0.307304 0.307304
8570 2.509325 2.509325 2.509325 0.307304 0.307304 0.307304
8580 2.509325 2.509325 2.509325 0.307304 0.307304 0.307304
8590 2.509325 2.509325 2.509325 0.307304 0.307304 0.307304
8600 2.509325 2.509325 2.509325 0.307304 0.307304 0.307304
8610 2.509325 2.509325 2.509325 0.307304 0.307304 0.307304
8620 2.509325 2.509325 2.509325 0.307304 0.307304 0.307304
8630 2.509325 2.509325 2.509325 0.307304 0.307304 0.307304
8640 2.509325 2.509325 2.509325 0.307304 0.307304 0.307304
8650 2.509325 2.509325 2.509325 0.307304 0.307304 0.307304
8660 2.509325 2.509325 2.509325 0.307304 0.307304 0.307304
8670 2.509325 2.509325 2.509325 0.307304 0.307304 0.307304
8680 2.509325 2.509325 2.509325 0.307304 0.307304 0.307304
8690 2.509325 2.509325 2.509325 0.307304 0.307304 0.307304
8700 2.509325 2.509325 2.509325 0.307304 0.307304 0.307304
8710 2.509325 2.509325 2.509325 0.307304 0.307304 0.307304
8720 2.509325 2.509325 2.509325 0.307304 0.307304 0.307304
8730 2.509325 2.509325 2.509325 0.307304 0.307304 0.307304
8740 2.509325 2.509325 2.509325 0.307304 0.307304 0.307304
8750 2.509325 2.509325 2.509325 0.307304 0.307304 0.307304
8760 2.509325 2.509325 2.509325 0.307304 0.307304 0.307304
8770 2.509325 2.509325 2.509325 0.307304 0.307304 0.307304
8780 2.509325 2.509325 2.509325 0.307304 0.307304 0.307304
8790 2.509325 2.509325 2.509325 0.307304 0.307304 0.307304
8800 2.509325 2.509325 2.509325 0.307304 0.307304 0.307304
8810 2.509325 2.509325 2.509325 0.307304 0.307304 0.307304
8820 2.509325 2.509325 2.509325 0.307304 0.307304 0.307304
8830 2.509325 2.509325 2.509325 0.307304 0.307304 0.307304
8840 2.509325 2.509325 2.509325 0.307304 0.307304 0.307304
8850 2.509325 2.509325 2.509325 0.307304 0.307304 0.307304
8860 2.509325 2.509325 2.509325 0.307304 0.307304 0.307304
8870 2.509325 2.509325 2.509325 0.307304 0.307304 0.307304
8880 2.509325 2.509325 2.509325 0.307304 0.307304 0.307304
8890 2.509325 2.509325 2.509325 0.307304 0.307304 0.307304
8900 2.509325 2.509325 2.509325 0.307304 0.307304 0.307304
8910 2.509325 2.509325 2.509325 0.307304 0.307304 0.307304
8920 2.509325 2.509325 2.509325 0.307304 0.307304 0.307304
8930 2.509325 2.509325 2.509325 0.307304 0.307304 0.307304
8940 2.509325 2.509325 2.509325 0.307304 0.307304 0.307304
8950 2.509325 2.509325 2.509325 0.307304 0.307304 0.307304
8960 2.509325 2.509325 2.509325 0.307304 0.307304 0.307304
8970 2.509325 2.509325 2.509325 0.307304 0.307304 0.307304
8980 2.509325 2.509325 2.509325 0.307304 0.307304 0.307304
8990 2.509325 2.509325 2.509325 0.307304 0.307304 0.307304
9000 2.509325 2.509325 2.509325 0.307304 0.307304 0.307304
9010 2.509325 2.509325 2.509325 0.307304 0.307304 0.307304
9020 2.509325 2.509325 2.509325 0.307304 0.307304 0.307304
9030 2.509325 2.509325 2.509325 0.307304 0.307304 0.307304
9040 2.509325 2.509325 2.509325 0.307304 0.307304 0.307304
9050 2.509325 2.509325 2.509325 0.307304 0.307304 0.307304
9060 2.509325 2.509325 2.509325 0.307304 0.307304 0.307304
9070 2.509325 2.509325 2.509325 0.307304 0.307304 0.307304
9080 2.509325 2.509325 2.509325 0.307304 0.307304 0.307304
9090 2.509325 2.509325 2.509325 0.307304 0.307304 0.307304
9100 2.509325 2.509325 2.509325 0.307304 0.307304 0.307304
9110 2.509325 2.509325 2.509325 0.307304 0.307304 0.307304
9120 2.509325 2.509325 2.509325 0.307304 0.307304 0.307304
9130 2.509325 2.509325 2.509325 0.307304 0.307304 0.307304
9140 2.509325 2.509325 2.509325 0.307304 0.307304 0.307304
9150 2.509325 2.509325 2.509325 0.307304 0.307304 0.307304
9160 2.509325 2.509325 2.509325 0.307304 0.307304 0.307304
9170 2.509325 2.509325 2.509325 0.307304 0.307304 0.307304
9180 2.509325 2.509325 2.509325 0.307304 0.307304 0.307304
9190 2.509325 2.509325 2.509325 0.307304 0.307304 0.307304
9200 2.509325 2.509325 2.509325 0.307304 0.307304 0.307304
9210 2.509325 2.509325 2.509325 0.307304 0.307304 0.307304
9220 2.509325 2.509325 2.509325 0.307304 0.307304 0.307304
9230 2.509325 2.509325 2.509325 0.307304 0.307304 0.307304
9240 2.509325 2.509325 2.509325 0.307304 0.307304 0.307304
9250 2.509325 2.509325 2.509325 0.307304 0.307304 0.307304
9260 2.509325 2.509325 2.509325 0.307304 0.307304 0.307304
9270 2.509325 2.509325 2.509325 0.307304 0.307304 0.307304
9280 2.509325 2.509325 2.509325 0.307304 0.307304 0.307304
9290 2.509325 2.509325 2.509325 0.307304 0.307304 0.307304
9300 2.509325 2.509325 2.509325 0.307304 0.307304 0.307304
9310 2.509325 2.509325 2.509325 0.307304 0.307304 0.307304
9320 2.509325 2.509325 2.509325 0.307304 0.307304 0.307304
9330 2.509325 2.509325 2.509325 0.307304 0.307304 0.307304
9340 2.509325 2.509325 2.509325 0.307304 0.307304 0.307304
9350 2.509325 2.509325 2.509325 0.307304 0.307304 0.307304
9360 2.509325 2.509325 2.509325 0.307304 0.307304 0.307304
9370 2.509325 2.509325 2.509325 0.307304 0.307304 0.307304
9380 2.509325 2.509325 2.509325 0.307304 0.307304 0.307304
9390 2.509325 2.509325 2.509325 0.307304 0.307304 0.307304
9400 2.509325 2.509325 2.509325 0.307304 0.307304 0.307304
9410 2.509325 2.509325 2.509325 0.307304 0.307304 0.307304
9420 2.509325 2.509325 2.509325 0.307304 0.307304 0.307304
9430 2.509325 2.509325 2.509325 0.307304 0.307304 0.307304
9440 2.509325 2.509325 2.509325 0.307304 0.307304 0.307304
9450 2.509325 2.509325 2.509325 0.307304 0.307304 0.307304
9460 2.509325 2.509325 2.509325 0.307304 0.307304 0.307304
9470 2.509325 2.509325 2.509325 0.307304 0.307304 0.307304
9480 2.509325 2.509325 2.509325 0.307304 0.307304 0.307304
9490 2.509325 2.509325 2.509325 0.307304 0.307304 0.307304
9500 2.509325 2.509325 2.509325 0.307304 0.307304 0.307304
9510 2.509325 2.509325 2.509325 0.307304 0.307304 0.307304
9520 2.509325 2.509325 2.509325 0.307304 0.307304 0.307304
9530 2.509325 2.509325 2.509325 0.307304 0.307304 0.307304
9540 2.509325 2.509325 2.509325 0.307304 0.307304 0.307304
9550 2.509325 2.509325 2.509325 0.307304 0.307304 0.307304
9560 2.509325 2.509325 2.509325 0.307304 0.307304 0.307304
9570 2.509325 2.509325 2.509325 0.307304 0.307304 0.307304
9580 2.509325 2.509325 2.509325 0.307304 0.307304 0.307304
9590 2.509325 2.509325 2.509325 0.307304 0.307304 0.307304
9600 2.509325 2.509325 2.509325 0.307304 0.307304 0.307304
9610 2.509325 2.509325 2.509325 0.307304 0.307304 0.307304
9620 2.509325 2.509325 2.509325 0.307304 0.307304 0.307304
9630 2.509325 2.509325 2.509325 0.307304 0.307304 0.307304
9640 2.509325 2.509325 2.509325 0.307304 0.307304 0.307304
9650 2.509325 2.509325 2.509325 0.307304 0.307304 0.307304
9660 2.509325 2.509325 2.509325 0.307304 0.307304 0.307304
9670 2.509325 2.509325 2.509325 0.307304 0.307304 0.307304
9680 2.509325 2.509325 2.509325 0.307304 0.307304 0.307304
9690 2.509325 2.509325 2.509325 0.307304 0.307304 0.307304
9700 2.509325 2.509325 2.509325 0.307304 0.307304 0.307304
9710 2.509325 2.509325 2.509325 0.307304 0.307304 0.307304
9720 2.509325 2.509325 2.509325 0.307304 0.307304 0.307304
9730 2.509325 2.509325 2.509325 0.307304 0.307304 0.307304
9740 2.509325 2.509325 2.509325 0.307304 0.307304 0.307304
9750 2.509325 2.509325 2.509325 0.307304 0.307304 0.307304
9760 2.509325 2.509325 2.509325 0.307304 0.307304 0.307304
9770 2.509325 2.509325 2.509325 0.307304 0.307304 0.307304
9780 2.509325 2.509325 2.509325 0.307304 0.307304 0.307304
9790 2.509325 2.509325 2.509325 0.307304 0.307304 0.307304
9800 2.509325 2.509325 2.509325 0.307304 0.307304 0.307304
9810 2.509325 2.509325 2.509325 0.307304 0.307304 0.307304
9820 2.509325 2.509325 2.509325 0.307304 0.307304 0.307304
9830 2.509325 2.509325 2.509325 0.307304 0.307304 0.307304
9840 2.509325 2.509325 2.509325 0.307304 0.307304 0.307304
9850 2.509325 2.509325 2.509325 0.307304 0.307304 0.307304
9860 2.509325 2.509325 2.509325 0.307304 0.307304 0.307304
9870 2.509325 2.509325 2.509325 0.307304 0.307304 0.307304
9880 2.509325 2.509325 2.509325 0.307304 0.307304 0.307304
9890 2.509325 2.509325 2.509325 0.307304 0.307304 0.307304
9900 2.509325 2.509325 2.509325 0.307304 0.307304 0.307304
9910 2.509325 2.509325 2.509325 0.307304 0.307304 0.307304
9920 2.509325 2.509325 2.509325 0.307304 0.307304 0.307304
9930 2.509325 2.509325 2.509325 0.307304 0.307304 0.307304
9940 2.509325 2.509325 2.509325 0.307304 0.307304 0.307304
9950 2.509325 2.509325 2.509325 0.307304 0.307304 0.307304
9960 2.509325 2.509325 2.509325 0.307304 0.307304 0.307304
9970 2.509325 2.509325 2.509325 0.307304 0.307304 0.307304
9980 2.509325 2.509325 2.509325 0.307304 0.307304 0.307304
9990 2.509325 2.509325 2.509325 0.307304 0.307304 0.307304
10000 2.661098 2.661098 2.661098 0.354967 0.354967 0.354967
