# generation power_min power_avg power_max util_min util_avg util_max
1 5.412295 6.836750 8.507888 0.132564 0.221341 0.314760
10 5.412295 6.677148 7.591077 0.132564 0.223283 0.314760
20 5.376024 6.507462 7.400842 0.132564 0.225298 0.314760
30 4.928143 6.368070 7.109149 0.132564 0.223394 0.314760
40 4.928143 6.259008 6.980321 0.132564 0.224502 0.314760
50 4.928143 6.134627 6.759137 0.132564 0.227597 0.314760
60 4.928143 6.022344 6.674324 0.154277 0.228378 0.314760
70 4.630038 5.880155 6.542319 0.159319 0.228989 0.296943
80 4.630038 5.749140 6.441812 0.159319 0.229513 0.296943
90 4.600418 5.619841 6.339091 0.170891 0.230662 0.296943
100 4.600418 5.502374 6.195113 0.170891 0.229893 0.296943
110 4.338817 5.372020 6.049970 0.170891 0.228351 0.296943
120 4.338817 5.251581 5.908765 0.170891 0.228004 0.296943
130 4.082148 5.132215 5.798175 0.170891 0.227943 0.296943
140 4.082148 5.020951 5.636441 0.170891 0.227635 0.296943
150 4.082148 4.914008 5.544132 0.170891 0.226050 0.281832
160 4.082148 4.811333 5.412295 0.170891 0.224634 0.281832
170 4.029058 4.697115 5.255219 0.170891 0.223816 0.281832
180 3.979771 4.609706 5.133854 0.165901 0.224119 0.300941
190 3.979771 4.535037 5.000574 0.165044 0.222815 0.300941
200 3.896905 4.445960 4.879011 0.165044 0.222251 0.300941
210 3.828847 4.374753 4.775401 0.165044 0.222848 0.300941
220 3.772037 4.296126 4.695351 0.165044 0.223986 0.300941
230 3.772037 4.233258 4.610415 0.165044 0.224481 0.300941
240 3.772037 4.169445 4.557461 0.165044 0.224813 0.300941
250 3.660640 4.105362 4.461638 0.165044 0.227864 0.300941
260 3.557990 4.037318 4.400490 0.165044 0.228497 0.300941
270 3.442013 3.968280 4.342469 0.182958 0.230811 0.294896
280 3.442013 3.907924 4.226291 0.182958 0.231573 0.285126
290 3.177860 3.851635 4.147813 0.177000 0.230936 0.285126
300 3.177860 3.803727 4.090782 0.177000 0.231786 0.290097
310 3.177860 3.760261 4.029228 0.177000 0.233794 0.290097
320 3.177860 3.717106 3.970428 0.177000 0.235472 0.290097
330 3.177860 3.675771 3.919609 0.177000 0.236064 0.290097
340 3.155438 3.628468 3.844905 0.177000 0.237151 0.290097
350 3.155438 3.592548 3.799320 0.177000 0.239190 0.290097
360 3.027621 3.537139 3.765256 0.177000 0.240480 0.290097
370 3.027621 3.493973 3.726424 0.177000 0.242757 0.290097
380 3.027621 3.455785 3.703377 0.177000 0.245599 0.290097
390 3.027621 3.406633 3.667444 0.195141 0.247133 0.290097
400 3.027621 3.356085 3.630749 0.195141 0.249661 0.292060
410 2.895324 3.305002 3.559843 0.208580 0.251519 0.292060
420 2.895324 3.259916 3.500149 0.202636 0.252562 0.292060
430 2.895324 3.215757 3.464044 0.202636 0.253722 0.292060
440 2.895324 3.177984 3.433931 0.202636 0.254291 0.292060
450 2.848628 3.138636 3.391723 0.202636 0.253567 0.292060
460 2.773900 3.093471 3.344363 0.206939 0.254367 0.292060
470 2.771315 3.058633 3.258577 0.206939 0.254375 0.292060
480 2.771315 3.029860 3.187522 0.206939 0.254611 0.294183
490 2.757309 3.003458 3.150237 0.206939 0.253759 0.294183
500 2.757309 2.983175 3.094602 0.206939 0.254527 0.304667
510 2.722492 2.955246 3.094602 0.206939 0.253888 0.304667
520 2.700905 2.928336 3.080777 0.206939 0.253538 0.304667
530 2.692946 2.902477 3.048793 0.206939 0.253649 0.304667
540 2.626088 2.879650 3.014659 0.215193 0.254210 0.305267
550 2.626088 2.855220 2.989247 0.216672 0.255932 0.305267
560 2.626088 2.825913 2.970280 0.216672 0.255130 0.305267
570 2.616547 2.800764 2.939906 0.216672 0.254613 0.305267
580 2.567091 2.772543 2.912127 0.218839 0.255760 0.305267
590 2.476656 2.746273 2.894127 0.218839 0.256920 0.305267
600 2.457941 2.720775 2.864361 0.218839 0.257299 0.305267
610 2.457941 2.697196 2.838823 0.218839 0.257347 0.281408
620 2.457941 2.673842 2.805978 0.218839 0.257471 0.281408
630 2.457941 2.651917 2.771315 0.218839 0.258792 0.285192
640 2.457941 2.629931 2.756996 0.218839 0.258718 0.285192
650 2.444391 2.608222 2.722492 0.218839 0.258987 0.285192
660 2.394603 2.586910 2.700905 0.218839 0.257749 0.285192
670 2.394603 2.569581 2.670996 0.218839 0.256946 0.285192
680 2.394603 2.550103 2.652181 0.223254 0.256399 0.285192
690 2.367520 2.530128 2.635681 0.222152 0.255527 0.285192
700 2.367520 2.511432 2.610156 0.222152 0.254023 0.285192
710 2.349656 2.493601 2.589464 0.222152 0.253471 0.285192
720 2.349656 2.476562 2.567091 0.219187 0.252146 0.285192
730 2.331743 2.460812 2.553993 0.219187 0.251147 0.285192
740 2.331743 2.444334 2.533151 0.217410 0.249286 0.281225
750 2.303342 2.429099 2.512125 0.217410 0.248623 0.281225
760 2.303304 2.414594 2.500504 0.217410 0.248977 0.281225
770 2.287844 2.401422 2.476656 0.217410 0.248410 0.281225
780 2.280131 2.388187 2.459121 0.217410 0.248548 0.281225
790 2.280131 2.375295 2.444391 0.217410 0.247432 0.281225
800 2.279583 2.364000 2.433963 0.217410 0.245444 0.273409
810 2.275043 2.351041 2.423818 0.217410 0.245441 0.273409
820 2.258583 2.340309 2.408803 0.217410 0.244549 0.272738
830 2.246642 2.329353 2.391058 0.217410 0.243279 0.270696
840 2.246180 2.320284 2.382484 0.217410 0.241754 0.270696
850 2.246180 2.310409 2.367215 0.217410 0.240054 0.270696
860 2.246180 2.302533 2.347304 0.222238 0.240765 0.270696
870 2.246180 2.296235 2.336245 0.222238 0.240885 0.270696
880 2.239776 2.289031 2.331743 0.222238 0.240572 0.269315
890 2.239776 2.281919 2.325477 0.222238 0.239288 0.263125
900 2.239776 2.275722 2.310515 0.222238 0.239448 0.260294
910 2.239776 2.269923 2.302834 0.222238 0.239656 0.260294
920 2.239776 2.265582 2.292074 0.222238 0.239105 0.260294
930 2.231558 2.262121 2.280131 0.222238 0.238571 0.260294
940 2.231558 2.258114 2.279583 0.222238 0.237781 0.253307
950 2.231558 2.254020 2.278321 0.222238 0.238045 0.253307
960 2.231558 2.249995 2.275043 0.228724 0.237938 0.253307
970 2.231558 2.246248 2.271970 0.228724 0.237817 0.253307
980 2.231558 2.242352 2.264969 0.228724 0.235928 0.251032
990 2.231558 2.239675 2.255362 0.230525 0.234945 0.249185
1000 2.229702 2.237819 2.246642 0.230525 0.234111 0.239959
1010 2.229702 2.236331 2.246180 0.230525 0.233801 0.239959
1020 2.229702 2.234941 2.242141 0.230525 0.233596 0.239959
1030 2.229702 2.233871 2.241633 0.230525 0.232812 0.239959
1040 2.229702 2.232863 2.241633 0.230525 0.232012 0.239959
1050 2.216594 2.231841 2.239776 0.221333 0.231011 0.239959
1060 2.216594 2.231404 2.232066 0.221333 0.230543 0.231962
1070 2.216594 2.231353 2.231604 0.221333 0.230543 0.231962
1080 2.216594 2.231353 2.231558 0.221333 0.230544 0.231962
1090 2.216594 2.231316 2.231558 0.221333 0.230571 0.231962
1100 2.216594 2.231279 2.231558 0.221333 0.230599 0.231962
1110 2.216594 2.231279 2.231558 0.221333 0.230599 0.231962
1120 2.216594 2.231073 2.231558 0.221333 0.230547 0.231962
1130 2.216594 2.231055 2.231558 0.221333 0.230561 0.231962
1140 2.216594 2.230569 2.231558 0.221333 0.230310 0.231962
1150 2.216594 2.230232 2.231558 0.221333 0.230152 0.231962
1160 2.216594 2.229877 2.231558 0.221333 0.230008 0.231962
1170 2.216594 2.229822 2.231558 0.221333 0.230049 0.231962
1180 2.216594 2.229186 2.231558 0.221333 0.229706 0.231962
1190 2.216594 2.228401 2.231558 0.221333 0.229270 0.231962
1200 2.216594 2.227335 2.231558 0.221333 0.228635 0.231962
1210 2.216594 2.226381 2.231558 0.221333 0.228121 0.231962
1220 2.216594 2.225147 2.231558 0.221333 0.227407 0.231962
1230 2.216594 2.223912 2.231558 0.221333 0.226693 0.231962
1240 2.216594 2.222416 2.231558 0.221333 0.225767 0.231962
1250 2.216594 2.221051 2.229702 0.221333 0.224947 0.231962
1260 2.216594 2.219740 2.229702 0.221333 0.223884 0.231962
1270 2.216594 2.218429 2.229702 0.221333 0.222821 0.231962
1280 2.216594 2.217118 2.229702 0.221333 0.221758 0.231962
1290 2.216594 2.216594 2.216594 0.221333 0.221333 0.221333
1300 2.216594 2.216594 2.216594 0.221333 0.221333 0.221333
1310 2.216594 2.216594 2.216594 0.221333 0.221333 0.221333
1320 2.216594 2.216594 2.216594 0.221333 0.221333 0.221333
1330 2.216594 2.216594 2.216594 0.221333 0.221333 0.221333
1340 2.216594 2.216594 2.216594 0.221333 0.221333 0.221333
1350 2.216594 2.216594 2.216594 0.221333 0.221333 0.221333
1360 2.216594 2.216594 2.216594 0.221333 0.221333 0.221333
1370 2.216594 2.216594 2.216594 0.221333 0.221333 0.221333
1380 2.216594 2.216594 2.216594 0.221333 0.221333 0.221333
1390 2.216594 2.216594 2.216594 0.221333 0.221333 0.221333
1400 2.216594 2.216594 2.216594 0.221333 0.221333 0.221333
1410 2.216594 2.216594 2.216594 0.221333 0.221333 0.221333
1420 2.216594 2.216594 2.216594 0.221333 0.221333 0.221333
1430 2.216594 2.216594 2.216594 0.221333 0.221333 0.221333
1440 2.216594 2.216594 2.216594 0.221333 0.221333 0.221333
1450 2.216594 2.216594 2.216594 0.221333 0.221333 0.221333
1460 2.216594 2.216594 2.216594 0.221333 0.221333 0.221333
1470 2.216594 2.216594 2.216594 0.221333 0.221333 0.221333
1480 2.216594 2.216594 2.216594 0.221333 0.221333 0.221333
1490 2.216594 2.216594 2.216594 0.221333 0.221333 0.221333
1500 2.216594 2.216594 2.216594 0.221333 0.221333 0.221333
1510 2.216594 2.216594 2.216594 0.221333 0.221333 0.221333
1520 2.216594 2.216594 2.216594 0.221333 0.221333 0.221333
1530 2.216594 2.216594 2.216594 0.221333 0.221333 0.221333
1540 2.216594 2.216594 2.216594 0.221333 0.221333 0.221333
1550 2.216594 2.216594 2.216594 0.221333 0.221333 0.221333
1560 2.216594 2.216594 2.216594 0.221333 0.221333 0.221333
1570 2.216594 2.216594 2.216594 0.221333 0.221333 0.221333
1580 2.216594 2.216594 2.216594 0.221333 0.221333 0.221333
1590 2.216594 2.216594 2.216594 0.221333 0.221333 0.221333
1600 2.216594 2.216594 2.216594 0.221333 0.221333 0.221333
1610 2.216594 2.216594 2.216594 0.221333 0.221333 0.221333
1620 2.216594 2.216594 2.216594 0.221333 0.221333 0.221333
1630 2.216594 2.216594 2.216594 0.221333 0.221333 0.221333
1640 2.216594 2.216594 2.216594 0.221333 0.221333 0.221333
1650 2.216594 2.216594 2.216594 0.221333 0.221333 0.221333
1660 2.216594 2.216594 2.216594 0.221333 0.221333 0.221333
1670 2.216594 2.216594 2.216594 0.221333 0.221333 0.221333
1680 2.216594 2.216594 2.216594 0.221333 0.221333 0.221333
1690 2.216594 2.216594 2.216594 0.221333 0.221333 0.221333
1700 2.216594 2.216594 2.216594 0.221333 0.221333 0.221333
1710 2.216594 2.216594 2.216594 0.221333 0.221333 0.221333
1720 2.216594 2.216594 2.216594 0.221333 0.221333 0.221333
1730 2.216594 2.216594 2.216594 0.221333 0.221333 0.221333
1740 2.216594 2.216594 2.216594 0.221333 0.221333 0.221333
1750 2.216594 2.216594 2.216594 0.221333 0.221333 0.221333
1760 2.216594 2.216594 2.216594 0.221333 0.221333 0.221333
1770 2.216594 2.216594 2.216594 0.221333 0.221333 0.221333
1780 2.216594 2.216594 2.216594 0.221333 0.221333 0.221333
1790 2.216594 2.216594 2.216594 0.221333 0.221333 0.221333
1800 2.216594 2.216594 2.216594 0.221333 0.221333 0.221333
1810 2.216594 2.216594 2.216594 0.221333 0.221333 0.221333
1820 2.216594 2.216594 2.216594 0.221333 0.221333 0.221333
1830 2.216594 2.216594 2.216594 0.221333 0.221333 0.221333
1840 2.216594 2.216594 2.216594 0.221333 0.221333 0.221333
1850 2.216594 2.216594 2.216594 0.221333 0.221333 0.221333
1860 2.216594 2.216594 2.216594 0.221333 0.221333 0.221333
1870 2.216594 2.216594 2.216594 0.221333 0.221333 0.221333
1880 2.216594 2.216594 2.216594 0.221333 0.221333 0.221333
1890 2.216594 2.216594 2.216594 0.221333 0.221333 0.221333
1900 2.216594 2.216594 2.216594 0.221333 0.221333 0.221333
1910 2.216594 2.216594 2.216594 0.221333 0.221333 0.221333
1920 2.216594 2.216594 2.216594 0.221333 0.221333 0.221333
1930 2.216594 2.216594 2.216594 0.221333 0.221333 0.221333
1940 2.216594 2.216594 2.216594 0.221333 0.221333 0.221333
1950 2.216594 2.216594 2.216594 0.221333 0.221333 0.221333
1960 2.216594 2.216594 2.216594 0.221333 0.221333 0.221333
1970 2.216594 2.216594 2.216594 0.221333 0.221333 0.221333
1980 2.216594 2.216594 2.216594 0.221333 0.221333 0.221333
1990 2.216594 2.216594 2.216594 0.221333 0.221333 0.221333
2000 2.216594 2.216594 2.216594 0.221333 0.221333 0.221333
2010 2.216594 2.216594 2.216594 0.221333 0.221333 0.221333
2020 2.216594 2.216594 2.216594 0.221333 0.221333 0.221333
2030 2.216594 2.216594 2.216594 0.221333 0.221333 0.221333
2040 2.216594 2.216594 2.216594 0.221333 0.221333 0.221333
2050 2.216594 2.216594 2.216594 0.221333 0.221333 0.221333
2060 2.216594 2.216594 2.216594 0.221333 0.221333 0.221333
2070 2.216594 2.216594 2.216594 0.221333 0.221333 0.221333
2080 2.216594 2.216594 2.216594 0.221333 0.221333 0.221333
2090 2.216594 2.216594 2.216594 0.221333 0.221333 0.221333
2100 2.216594 2.216594 2.216594 0.221333 0.221333 0.221333
2110 2.216594 2.216594 2.216594 0.221333 0.221333 0.221333
2120 2.216594 2.216594 2.216594 0.221333 0.221333 0.221333
2130 2.216594 2.216594 2.216594 0.221333 0.221333 0.221333
2140 2.216594 2.216594 2.216594 0.221333 0.221333 0.221333
2150 2.216594 2.216594 2.216594 0.221333 0.221333 0.221333
2160 2.216594 2.216594 2.216594 0.221333 0.221333 0.221333
2170 2.216594 2.216594 2.216594 0.221333 0.221333 0.221333
2180 2.216594 2.216594 2.216594 0.221333 0.221333 0.221333
2190 2.216594 2.216594 2.216594 0.221333 0.221333 0.221333
2200 2.216594 2.216594 2.216594 0.221333 0.221333 0.221333
2210 2.216594 2.216594 2.216594 0.221333 0.221333 0.221333
2220 2.216594 2.216594 2.216594 0.221333 0.221333 0.221333
2230 2.216594 2.216594 2.216594 0.221333 0.221333 0.221333
2240 2.216594 2.216594 2.216594 0.221333 0.221333 0.221333
2250 2.216594 2.216594 2.216594 0.221333 0.221333 0.221333
2260 2.216594 2.216594 2.216594 0.221333 0.221333 0.221333
2270 2.216594 2.216594 2.216594 0.221333 0.221333 0.221333
2280 2.216594 2.216594 2.216594 0.221333 0.221333 0.221333
2290 2.216594 2.216594 2.216594 0.221333 0.221333 0.221333
2300 2.216594 2.216594 2.216594 0.221333 0.221333 0.221333
2310 2.216594 2.216594 2.216594 0.221333 0.221333 0.221333
2320 2.216594 2.216594 2.216594 0.221333 0.221333 0.221333
2330 2.216594 2.216594 2.216594 0.221333 0.221333 0.221333
2340 2.216594 2.216594 2.216594 0.221333 0.221333 0.221333
2350 2.216594 2.216594 2.216594 0.221333 0.221333 0.221333
2360 2.216594 2.216594 2.216594 0.221333 0.221333 0.221333
2370 2.216594 2.216594 2.216594 0.221333 0.221333 0.221333
2380 2.216594 2.216594 2.216594 0.221333 0.221333 0.221333
2390 2.216594 2.216594 2.216594 0.221333 0.221333 0.221333
2400 2.216594 2.216594 2.216594 0.221333 0.221333 0.221333
2410 2.216594 2.216594 2.216594 0.221333 0.221333 0.221333
2420 2.216594 2.216594 2.216594 0.221333 0.221333 0.221333
2430 2.216594 2.216594 2.216594 0.221333 0.221333 0.221333
2440 2.216594 2.216594 2.216594 0.221333 0.221333 0.221333
2450 2.216594 2.216594 2.216594 0.221333 0.221333 0.221333
2460 2.216594 2.216594 2.216594 0.221333 0.221333 0.221333
2470 2.216594 2.216594 2.216594 0.221333 0.221333 0.221333
2480 2.216594 2.216594 2.216594 0.221333 0.221333 0.221333
2490 2.216594 2.216594 2.216594 0.221333 0.221333 0.221333
2500 2.216594 2.216594 2.216594 0.221333 0.221333 0.221333
2510 2.216594 2.216594 2.216594 0.221333 0.221333 0.221333
2520 2.216594 2.216594 2.216594 0.221333 0.221333 0.221333
2530 2.216594 2.216594 2.216594 0.221333 0.221333 0.221333
2540 2.216594 2.216594 2.216594 0.221333 0.221333 0.221333
2550 2.216594 2.216594 2.216594 0.221333 0.221333 0.221333
2560 2.216594 2.216594 2.216594 0.221333 0.221333 0.221333
2570 2.216594 2.216594 2.216594 0.221333 0.221333 0.221333
2580 2.216594 2.216594 2.216594 0.221333 0.221333 0.221333
2590 2.216594 2.216594 2.216594 0.221333 0.221333 0.221333
2600 2.216594 2.216594 2.216594 0.221333 0.221333 0.221333
2610 2.216594 2.216594 2.216594 0.221333 0.221333 0.221333
2620 2.216594 2.216594 2.216594 0.221333 0.221333 0.221333
2630 2.216594 2.216594 2.216594 0.221333 0.221333 0.221333
2640 2.216594 2.216594 2.216594 0.221333 0.221333 0.221333
2650 2.216594 2.216594 2.216594 0.221333 0.221333 0.221333
2660 2.216594 2.216594 2.216594 0.221333 0.221333 0.221333
2670 2.216594 2.216594 2.216594 0.221333 0.221333 0.221333
2680 2.216594 2.216594 2.216594 0.221333 0.221333 0.221333
2690 2.216594 2.216594 2.216594 0.221333 0.221333 0.221333
2700 2.216594 2.216594 2.216594 0.221333 0.221333 0.221333
2710 2.216594 2.216594 2.216594 0.221333 0.221333 0.221333
2720 2.216594 2.216594 2.216594 0.221333 0.221333 0.221333
2730 2.216594 2.216594 2.216594 0.221333 0.221333 0.221333
2740 2.216594 2.216594 2.216594 0.221333 0.221333 0.221333
2750 2.216594 2.216594 2.216594 0.221333 0.221333 0.221333
2760 2.216594 2.216594 2.216594 0.221333 0.221333 0.221333
2770 2.216594 2.216594 2.216594 0.221333 0.221333 0.221333
2780 2.216594 2.216594 2.216594 0.221333 0.221333 0.221333
2790 2.216594 2.216594 2.216594 0.221333 0.221333 0.221333
2800 2.216594 2.216594 2.216594 0.221333 0.221333 0.221333
2810 2.216594 2.216594 2.216594 0.221333 0.221333 0.221333
2820 2.216594 2.216594 2.216594 0.221333 0.221333 0.221333
2830 2.216594 2.216594 2.216594 0.221333 0.221333 0.221333
2840 2.216594 2.216594 2.216594 0.221333 0.221333 0.221333
2850 2.216594 2.216594 2.216594 0.221333 0.221333 0.221333
2860 2.216594 2.216594 2.216594 0.221333 0.221333 0.221333
2870 2.216594 2.216594 2.216594 0.221333 0.221333 0.221333
2880 2.216594 2.216594 2.216594 0.221333 0.221333 0.221333
2890 2.216594 2.216594 2.216594 0.221333 0.221333 0.221333
2900 2.216594 2.216594 2.216594 0.221333 0.221333 0.221333
2910 2.216594 2.216594 2.216594 0.221333 0.221333 0.221333
2920 2.216594 2.216594 2.216594 0.221333 0.221333 0.221333
2930 2.216594 2.216594 2.216594 0.221333 0.221333 0.221333
2940 2.216594 2.216594 2.216594 0.221333 0.221333 0.221333
2950 2.216594 2.216594 2.216594 0.221333 0.221333 0.221333
2960 2.216594 2.216594 2.216594 0.221333 0.221333 0.221333
2970 2.216594 2.216594 2.216594 0.221333 0.221333 0.221333
2980 2.216594 2.216594 2.216594 0.221333 0.221333 0.221333
2990 2.216594 2.216594 2.216594 0.221333 0.221333 0.221333
3000 2.216594 2.216594 2.216594 0.221333 0.221333 0.221333
3010 2.216594 2.216594 2.216594 0.221333 0.221333 0.221333
3020 2.216594 2.216594 2.216594 0.221333 0.221333 0.221333
3030 2.216594 2.216594 2.216594 0.221333 0.221333 0.221333
3040 2.216594 2.216594 2.216594 0.221333 0.221333 0.221333
3050 2.216594 2.216594 2.216594 0.221333 0.221333 0.221333
3060 2.216594 2.216594 2.216594 0.221333 0.221333 0.221333
3070 2.216594 2.216594 2.216594 0.221333 0.221333 0.221333
3080 2.216594 2.216594 2.216594 0.221333 0.221333 0.221333
3090 2.216594 2.216594 2.216594 0.221333 0.221333 0.221333
3100 2.216594 2.216594 2.216594 0.221333 0.221333 0.221333
3110 2.216594 2.216594 2.216594 0.221333 0.221333 0.221333
3120 2.216594 2.216594 2.216594 0.221333 0.221333 0.221333
3130 2.216594 2.216594 2.216594 0.221333 0.221333 0.221333
3140 2.216594 2.216594 2.216594 0.221333 0.221333 0.221333
3150 2.216594 2.216594 2.216594 0.221333 0.221333 0.221333
3160 2.216594 2.216594 2.216594 0.221333 0.221333 0.221333
3170 2.216594 2.216594 2.216594 0.221333 0.221333 0.221333
3180 2.216594 2.216594 2.216594 0.221333 0.221333 0.221333
3190 2.216594 2.216594 2.216594 0.221333 0.221333 0.221333
3200 2.216594 2.216594 2.216594 0.221333 0.221333 0.221333
3210 2.216594 2.216594 2.216594 0.221333 0.221333 0.221333
3220 2.216594 2.216594 2.216594 0.221333 0.221333 0.221333
3230 2.216594 2.216594 2.216594 0.221333 0.221333 0.221333
3240 2.216594 2.216594 2.216594 0.221333 0.221333 0.221333
3250 2.216594 2.216594 2.216594 0.221333 0.221333 0.221333
3260 2.216594 2.216594 2.216594 0.221333 0.221333 0.221333
3270 2.216594 2.216594 2.216594 0.221333 0.221333 0.221333
3280 2.216594 2.216594 2.216594 0.221333 0.221333 0.221333
3290 2.216594 2.216594 2.216594 0.221333 0.221333 0.221333
3300 2.216594 2.216594 2.216594 0.221333 0.221333 0.221333
3310 2.216594 2.216594 2.216594 0.221333 0.221333 0.221333
3320 2.216594 2.216594 2.216594 0.221333 0.221333 0.221333
3330 2.216594 2.216594 2.216594 0.221333 0.221333 0.221333
3340 2.216594 2.216594 2.216594 0.221333 0.221333 0.221333
3350 2.216594 2.216594 2.216594 0.221333 0.221333 0.221333
3360 2.216594 2.216594 2.216594 0.221333 0.221333 0.221333
3370 2.216594 2.216594 2.216594 0.221333 0.221333 0.221333
3380 2.216594 2.216594 2.216594 0.221333 0.221333 0.221333
3390 2.216594 2.216594 2.216594 0.221333 0.221333 0.221333
3400 2.216594 2.216594 2.216594 0.221333 0.221333 0.221333
3410 2.216594 2.216594 2.216594 0.221333 0.221333 0.221333
3420 2.216594 2.216594 2.216594 0.221333 0.221333 0.221333
3430 2.216594 2.216594 2.216594 0.221333 0.221333 0.221333
3440 2.216594 2.216594 2.216594 0.221333 0.221333 0.221333
3450 2.216594 2.216594 2.216594 0.221333 0.221333 0.221333
3460 2.216594 2.216594 2.216594 0.221333 0.221333 0.221333
3470 2.216594 2.216594 2.216594 0.221333 0.221333 0.221333
3480 2.216594 2.216594 2.216594 0.221333 0.221333 0.221333
3490 2.216594 2.216594 2.216594 0.221333 0.221333 0.221333
3500 2.216594 2.216594 2.216594 0.221333 0.221333 0.221333
3510 2.216594 2.216594 2.216594 0.221333 0.221333 0.221333
3520 2.216594 2.216594 2.216594 0.221333 0.221333 0.221333
3530 2.216594 2.216594 2.216594 0.221333 0.221333 0.221333
3540 2.216594 2.216594 2.216594 0.221333 0.221333 0.221333
3550 2.216594 2.216594 2.216594 0.221333 0.221333 0.221333
3560 2.216594 2.216594 2.216594 0.221333 0.221333 0.221333
3570 2.216594 2.216594 2.216594 0.221333 0.221333 0.221333
3580 2.216594 2.216594 2.216594 0.221333 0.221333 0.221333
3590 2.216594 2.216594 2.216594 0.221333 0.221333 0.221333
3600 2.216594 2.216594 2.216594 0.221333 0.221333 0.221333
3610 2.216594 2.216594 2.216594 0.221333 0.221333 0.221333
3620 2.216594 2.216594 2.216594 0.221333 0.221333 0.221333
3630 2.216594 2.216594 2.216594 0.221333 0.221333 0.221333
3640 2.216594 2.216594 2.216594 0.221333 0.221333 0.221333
3650 2.216594 2.216594 2.216594 0.221333 0.221333 0.221333
3660 2.216594 2.216594 2.216594 0.221333 0.221333 0.221333
3670 2.216594 2.216594 2.216594 0.221333 0.221333 0.221333
3680 2.216594 2.216594 2.216594 0.221333 0.221333 0.221333
3690 2.216594 2.216594 2.216594 0.221333 0.221333 0.221333
3700 2.216594 2.216594 2.216594 0.221333 0.221333 0.221333
3710 2.216594 2.216594 2.216594 0.221333 0.221333 0.221333
3720 2.216594 2.216594 2.216594 0.221333 0.221333 0.221333
3730 2.216594 2.216594 2.216594 0.221333 0.221333 0.221333
3740 2.216594 2.216594 2.216594 0.221333 0.221333 0.221333
3750 2.216594 2.216594 2.216594 0.221333 0.221333 0.221333
3760 2.216594 2.216594 2.216594 0.221333 0.221333 0.221333
3770 2.216594 2.216594 2.216594 0.221333 0.221333 0.221333
3780 2.216594 2.216594 2.216594 0.221333 0.221333 0.221333
3790 2.216594 2.216594 2.216594 0.221333 0.221333 0.221333
3800 2.216594 2.216594 2.216594 0.221333 0.221333 0.221333
3810 2.216594 2.216594 2.216594 0.221333 0.221333 0.221333
3820 2.216594 2.216594 2.216594 0.221333 0.221333 0.221333
3830 2.216594 2.216594 2.216594 0.221333 0.221333 0.221333
3840 2.216594 2.216594 2.216594 0.221333 0.221333 0.221333
3850 2.216594 2.216594 2.216594 0.221333 0.221333 0.221333
3860 2.216594 2.216594 2.216594 0.221333 0.221333 0.221333
3870 2.216594 2.216594 2.216594 0.221333 0.221333 0.221333
3880 2.216594 2.216594 2.216594 0.221333 0.221333 0.221333
3890 2.216594 2.216594 2.216594 0.221333 0.221333 0.221333
3900 2.216594 2.216594 2.216594 0.221333 0.221333 0.221333
3910 2.216594 2.216594 2.216594 0.221333 0.221333 0.221333
3920 2.216594 2.216594 2.216594 0.221333 0.221333 0.221333
3930 2.216594 2.216594 2.216594 0.221333 0.221333 0.221333
3940 2.216594 2.216594 2.216594 0.221333 0.221333 0.221333
3950 2.216594 2.216594 2.216594 0.221333 0.221333 0.221333
3960 2.216594 2.216594 2.216594 0.221333 0.221333 0.221333
3970 2.216594 2.216594 2.216594 0.221333 0.221333 0.221333
3980 2.216594 2.216594 2.216594 0.221333 0.221333 0.221333
3990 2.216594 2.216594 2.216594 0.221333 0.221333 0.221333
4000 2.216594 2.216594 2.216594 0.221333 0.221333 0.221333
4010 2.216594 2.216594 2.216594 0.221333 0.221333 0.221333
4020 2.216594 2.216594 2.216594 0.221333 0.221333 0.221333
4030 2.216594 2.216594 2.216594 0.221333 0.221333 0.221333
4040 2.216594 2.216594 2.216594 0.221333 0.221333 0.221333
4050 2.216594 2.216594 2.216594 0.221333 0.221333 0.221333
4060 2.216594 2.216594 2.216594 0.221333 0.221333 0.221333
4070 2.216594 2.216594 2.216594 0.221333 0.221333 0.221333
4080 2.216594 2.216594 2.216594 0.221333 0.221333 0.221333
4090 2.216594 2.216594 2.216594 0.221333 0.221333 0.221333
4100 2.216594 2.216594 2.216594 0.221333 0.221333 0.221333
4110 2.216594 2.216594 2.216594 0.221333 0.221333 0.221333
4120 2.216594 2.216594 2.216594 0.221333 0.221333 0.221333
4130 2.216594 2.216594 2.216594 0.221333 0.221333 0.221333
4140 2.216594 2.216594 2.216594 0.221333 0.221333 0.221333
4150 2.216594 2.216594 2.216594 0.221333 0.221333 0.221333
4160 2.216594 2.216594 2.216594 0.221333 0.221333 0.221333
4170 2.216594 2.216594 2.216594 0.221333 0.221333 0.221333
4180 2.216594 2.216594 2.216594 0.221333 0.221333 0.221333
4190 2.216594 2.216594 2.216594 0.221333 0.221333 0.221333
4200 2.216594 2.216594 2.216594 0.221333 0.221333 0.221333
4210 2.216594 2.216594 2.216594 0.221333 0.221333 0.221333
4220 2.216594 2.216594 2.216594 0.221333 0.221333 0.221333
4230 2.216594 2.216594 2.216594 0.221333 0.221333 0.221333
4240 2.216594 2.216594 2.216594 0.221333 0.221333 0.221333
4250 2.216594 2.216594 2.216594 0.221333 0.221333 0.221333
4260 2.216594 2.216594 2.216594 0.221333 0.221333 0.221333
4270 2.216594 2.216594 2.216594 0.221333 0.221333 0.221333
4280 2.216594 2.216594 2.216594 0.221333 0.221333 0.221333
4290 2.216594 2.216594 2.216594 0.221333 0.221333 0.221333
4300 2.216594 2.216594 2.216594 0.221333 0.221333 0.221333
4310 2.216594 2.216594 2.216594 0.221333 0.221333 0.221333
4320 2.216594 2.216594 2.216594 0.221333 0.221333 0.221333
4330 2.216594 2.216594 2.216594 0.221333 0.221333 0.221333
4340 2.216594 2.216594 2.216594 0.221333 0.221333 0.221333
4350 2.216594 2.216594 2.216594 0.221333 0.221333 0.221333
4360 2.216594 2.216594 2.216594 0.221333 0.221333 0.221333
4370 2.216594 2.216594 2.216594 0.221333 0.221333 0.221333
4380 2.216594 2.216594 2.216594 0.221333 0.221333 0.221333
4390 2.216594 2.216594 2.216594 0.221333 0.221333 0.221333
4400 2.216594 2.216594 2.216594 0.221333 0.221333 0.221333
4410 2.216594 2.216594 2.216594 0.221333 0.221333 0.221333
4420 2.216594 2.216594 2.216594 0.221333 0.221333 0.221333
4430 2.216594 2.216594 2.216594 0.221333 0.221333 0.221333
4440 2.216594 2.216594 2.216594 0.221333 0.221333 0.221333
4450 2.216594 2.216594 2.216594 0.221333 0.221333 0.221333
4460 2.216594 2.216594 2.216594 0.221333 0.221333 0.221333
4470 2.216594 2.216594 2.216594 0.221333 0.221333 0.221333
4480 2.216594 2.216594 2.216594 0.221333 0.221333 0.221333
4490 2.216594 2.216594 2.216594 0.221333 0.221333 0.221333
4500 2.216594 2.216594 2.216594 0.221333 0.221333 0.221333
4510 2.216594 2.216594 2.216594 0.221333 0.221333 0.221333
4520 2.216594 2.216594 2.216594 0.221333 0.221333 0.221333
4530 2.216594 2.216594 2.216594 0.221333 0.221333 0.221333
4540 2.216594 2.216594 2.216594 0.221333 0.221333 0.221333
4550 2.216594 2.216594 2.216594 0.221333 0.221333 0.221333
4560 2.216594 2.216594 2.216594 0.221333 0.221333 0.221333
4570 2.216594 2.216594 2.216594 0.221333 0.221333 0.221333
4580 2.216594 2.216594 2.216594 0.221333 0.221333 0.221333
4590 2.216594 2.216594 2.216594 0.221333 0.221333 0.221333
4600 2.216594 2.216594 2.216594 0.221333 0.221333 0.221333
4610 2.216594 2.216594 2.216594 0.221333 0.221333 0.221333
4620 2.216594 2.216594 2.216594 0.221333 0.221333 0.221333
4630 2.216594 2.216594 2.216594 0.221333 0.221333 0.221333
4640 2.216594 2.216594 2.216594 0.221333 0.221333 0.221333
4650 2.216594 2.216594 2.216594 0.221333 0.221333 0.221333
4660 2.216594 2.216594 2.216594 0.221333 0.221333 0.221333
4670 2.216594 2.216594 2.216594 0.221333 0.221333 0.221333
4680 2.216594 2.216594 2.216594 0.221333 0.221333 0.221333
4690 2.216594 2.216594 2.216594 0.221333 0.221333 0.221333
4700 2.216594 2.216594 2.216594 0.221333 0.221333 0.221333
4710 2.216594 2.216594 2.216594 0.221333 0.221333 0.221333
4720 2.216594 2.216594 2.216594 0.221333 0.221333 0.221333
4730 2.216594 2.216594 2.216594 0.221333 0.221333 0.221333
4740 2.216594 2.216594 2.216594 0.221333 0.221333 0.221333
4750 2.216594 2.216594 2.216594 0.221333 0.221333 0.221333
4760 2.216594 2.216594 2.216594 0.221333 0.221333 0.221333
4770 2.216594 2.216594 2.216594 0.221333 0.221333 0.221333
4780 2.216594 2.216594 2.216594 0.221333 0.221333 0.221333
4790 2.216594 2.216594 2.216594 0.221333 0.221333 0.221333
4800 2.216594 2.216594 2.216594 0.221333 0.221333 0.221333
4810 2.216594 2.216594 2.216594 0.221333 0.221333 0.221333
4820 2.216594 2.216594 2.216594 0.221333 0.221333 0.221333
4830 2.216594 2.216594 2.216594 0.221333 0.221333 0.221333
4840 2.216594 2.216594 2.216594 0.221333 0.221333 0.221333
4850 2.216594 2.216594 2.216594 0.221333 0.221333 0.221333
4860 2.216594 2.216594 2.216594 0.221333 0.221333 0.221333
4870 2.216594 2.216594 2.216594 0.221333 0.221333 0.221333
4880 2.216594 2.216594 2.216594 0.221333 0.221333 0.221333
4890 2.216594 2.216594 2.216594 0.221333 0.221333 0.221333
4900 2.216594 2.216594 2.216594 0.221333 0.221333 0.221333
4910 2.216594 2.216594 2.216594 0.221333 0.221333 0.221333
4920 2.216594 2.216594 2.216594 0.221333 0.221333 0.221333
4930 2.216594 2.216594 2.216594 0.221333 0.221333 0.221333
4940 2.216594 2.216594 2.216594 0.221333 0.221333 0.221333
4950 2.216594 2.216594 2.216594 0.221333 0.221333 0.221333
4960 2.216594 2.216594 2.216594 0.221333 0.221333 0.221333
4970 2.216594 2.216594 2.216594 0.221333 0.221333 0.221333
4980 2.216594 2.216594 2.216594 0.221333 0.221333 0.221333
4990 2.216594 2.216594 2.216594 0.221333 0.221333 0.221333
5000 2.216594 2.216594 2.216594 0.221333 0.221333 0.221333
5010 2.216594 2.216594 2.216594 0.221333 0.221333 0.221333
5020 2.216594 2.216594 2.216594 0.221333 0.221333 0.221333
5030 2.216594 2.216594 2.216594 0.221333 0.221333 0.221333
5040 2.216594 2.216594 2.216594 0.221333 0.221333 0.221333
5050 2.216594 2.216594 2.216594 0.221333 0.221333 0.221333
5060 2.216594 2.216594 2.216594 0.221333 0.221333 0.221333
5070 2.216594 2.216594 2.216594 0.221333 0.221333 0.221333
5080 2.216594 2.216594 2.216594 0.221333 0.221333 0.221333
5090 2.216594 2.216594 2.216594 0.221333 0.221333 0.221333
5100 2.216594 2.216594 2.216594 0.221333 0.221333 0.221333
5110 2.216594 2.216594 2.216594 0.221333 0.221333 0.221333
5120 2.216594 2.216594 2.216594 0.221333 0.221333 0.221333
5130 2.216594 2.216594 2.216594 0.221333 0.221333 0.221333
5140 2.216594 2.216594 2.216594 0.221333 0.221333 0.221333
5150 2.216594 2.216594 2.216594 0.221333 0.221333 0.221333
5160 2.216594 2.216594 2.216594 0.221333 0.221333 0.221333
5170 2.216594 2.216594 2.216594 0.221333 0.221333 0.221333
5180 2.216594 2.216594 2.216594 0.221333 0.221333 0.221333
5190 2.216594 2.216594 2.216594 0.221333 0.221333 0.221333
5200 2.216594 2.216594 2.216594 0.221333 0.221333 0.221333
5210 2.216594 2.216594 2.216594 0.221333 0.221333 0.221333
5220 2.216594 2.216594 2.216594 0.221333 0.221333 0.221333
5230 2.216594 2.216594 2.216594 0.221333 0.221333 0.221333
5240 2.216594 2.216594 2.216594 0.221333 0.221333 0.221333
5250 2.216594 2.216594 2.216594 0.221333 0.221333 0.221333
5260 2.216594 2.216594 2.216594 0.221333 0.221333 0.221333
5270 2.216594 2.216594 2.216594 0.221333 0.221333 0.221333
5280 2.216594 2.216594 2.216594 0.221333 0.221333 0.221333
5290 2.216594 2.216594 2.216594 0.221333 0.221333 0.221333
5300 2.216594 2.216594 2.216594 0.221333 0.221333 0.221333
5310 2.216594 2.216594 2.216594 0.221333 0.221333 0.221333
5320 2.216594 2.216594 2.216594 0.221333 0.221333 0.221333
5330 2.216594 2.216594 2.216594 0.221333 0.221333 0.221333
5340 2.216594 2.216594 2.216594 0.221333 0.221333 0.221333
5350 2.216594 2.216594 2.216594 0.221333 0.221333 0.221333
5360 2.216594 2.216594 2.216594 0.221333 0.221333 0.221333
5370 2.216594 2.216594 2.216594 0.221333 0.221333 0.221333
5380 2.216594 2.216594 2.216594 0.221333 0.221333 0.221333
5390 2.216594 2.216594 2.216594 0.221333 0.221333 0.221333
5400 2.216594 2.216594 2.216594 0.221333 0.221333 0.221333
5410 2.216594 2.216594 2.216594 0.221333 0.221333 0.221333
5420 2.216594 2.216594 2.216594 0.221333 0.221333 0.221333
5430 2.216594 2.216594 2.216594 0.221333 0.221333 0.221333
5440 2.216594 2.216594 2.216594 0.221333 0.221333 0.221333
5450 2.216594 2.216594 2.216594 0.221333 0.221333 0.221333
5460 2.216594 2.216594 2.216594 0.221333 0.221333 0.221333
5470 2.216594 2.216594 2.216594 0.221333 0.221333 0.221333
5480 2.216594 2.216594 2.216594 0.221333 0.221333 0.221333
5490 2.216594 2.216594 2.216594 0.221333 0.221333 0.221333
5500 2.216594 2.216594 2.216594 0.221333 0.221333 0.221333
5510 2.216594 2.216594 2.216594 0.221333 0.221333 0.221333
5520 2.216594 2.216594 2.216594 0.221333 0.221333 0.221333
5530 2.216594 2.216594 2.216594 0.221333 0.221333 0.221333
5540 2.216594 2.216594 2.216594 0.221333 0.221333 0.221333
5550 2.216594 2.216594 2.216594 0.221333 0.221333 0.221333
5560 2.216594 2.216594 2.216594 0.221333 0.221333 0.221333
5570 2.216594 2.216594 2.216594 0.221333 0.221333 0.221333
5580 2.216594 2.216594 2.216594 0.221333 0.221333 0.221333
5590 2.216594 2.216594 2.216594 0.221333 0.221333 0.221333
5600 2.216594 2.216594 2.216594 0.221333 0.221333 0.221333
5610 2.216594 2.216594 2.216594 0.221333 0.221333 0.221333
5620 2.216594 2.216594 2.216594 0.221333 0.221333 0.221333
5630 2.216594 2.216594 2.216594 0.221333 0.221333 0.221333
5640 2.216594 2.216594 2.216594 0.221333 0.221333 0.221333
5650 2.216594 2.216594 2.216594 0.221333 0.221333 0.221333
5660 2.216594 2.216594 2.216594 0.221333 0.221333 0.221333
5670 2.216594 2.216594 2.216594 0.221333 0.221333 0.221333
5680 2.216594 2.216594 2.216594 0.221333 0.221333 0.221333
5690 2.216594 2.216594 2.216594 0.221333 0.221333 0.221333
5700 2.216594 2.216594 2.216594 0.221333 0.221333 0.221333
5710 2.216594 2.216594 2.216594 0.221333 0.221333 0.221333
5720 2.216594 2.216594 2.216594 0.221333 0.221333 0.221333
5730 2.216594 2.216594 2.216594 0.221333 0.221333 0.221333
5740 2.216594 2.216594 2.216594 0.221333 0.221333 0.221333
5750 2.216594 2.216594 2.216594 0.221333 0.221333 0.221333
5760 2.216594 2.216594 2.216594 0.221333 0.221333 0.221333
5770 2.216594 2.216594 2.216594 0.221333 0.221333 0.221333
5780 2.216594 2.216594 2.216594 0.221333 0.221333 0.221333
5790 2.216594 2.216594 2.216594 0.221333 0.221333 0.221333
5800 2.216594 2.216594 2.216594 0.221333 0.221333 0.221333
5810 2.216594 2.216594 2.216594 0.221333 0.221333 0.221333
5820 2.216594 2.216594 2.216594 0.221333 0.221333 0.221333
5830 2.216594 2.216594 2.216594 0.221333 0.221333 0.221333
5840 2.216594 2.216594 2.216594 0.221333 0.221333 0.221333
5850 2.216594 2.216594 2.216594 0.221333 0.221333 0.221333
5860 2.216594 2.216594 2.216594 0.221333 0.221333 0.221333
5870 2.216594 2.216594 2.216594 0.221333 0.221333 0.221333
5880 2.216594 2.216594 2.216594 0.221333 0.221333 0.221333
5890 2.216594 2.216594 2.216594 0.221333 0.221333 0.221333
5900 2.216594 2.216594 2.216594 0.221333 0.221333 0.221333
5910 2.216594 2.216594 2.216594 0.221333 0.221333 0.221333
5920 2.216594 2.216594 2.216594 0.221333 0.221333 0.221333
5930 2.216594 2.216594 2.216594 0.221333 0.221333 0.221333
5940 2.216594 2.216594 2.216594 0.221333 0.221333 0.221333
5950 2.216594 2.216594 2.216594 0.221333 0.221333 0.221333
5960 2.216594 2.216594 2.216594 0.221333 0.221333 0.221333
5970 2.216594 2.216594 2.216594 0.221333 0.221333 0.221333
5980 2.216594 2.216594 2.216594 0.221333 0.221333 0.221333
5990 2.216594 2.216594 2.216594 0.221333 0.221333 0.221333
6000 2.216594 2.216594 2.216594 0.221333 0.221333 0.221333
6010 2.216594 2.216594 2.216594 0.221333 0.221333 0.221333
6020 2.216594 2.216594 2.216594 0.221333 0.221333 0.221333
6030 2.216594 2.216594 2.216594 0.221333 0.221333 0.221333
6040 2.216594 2.216594 2.216594 0.221333 0.221333 0.221333
6050 2.216594 2.216594 2.216594 0.221333 0.221333 0.221333
6060 2.216594 2.216594 2.216594 0.221333 0.221333 0.221333
6070 2.216594 2.216594 2.216594 0.221333 0.221333 0.221333
6080 2.216594 2.216594 2.216594 0.221333 0.221333 0.221333
6090 2.216594 2.216594 2.216594 0.221333 0.221333 0.221333
6100 2.216594 2.216594 2.216594 0.221333 0.221333 0.221333
6110 2.216594 2.216594 2.216594 0.221333 0.221333 0.221333
6120 2.216594 2.216594 2.216594 0.221333 0.221333 0.221333
6130 2.216594 2.216594 2.216594 0.221333 0.221333 0.221333
6140 2.216594 2.216594 2.216594 0.221333 0.221333 0.221333
6150 2.216594 2.216594 2.216594 0.221333 0.221333 0.221333
6160 2.216594 2.216594 2.216594 0.221333 0.221333 0.221333
6170 2.216594 2.216594 2.216594 0.221333 0.221333 0.221333
6180 2.216594 2.216594 2.216594 0.221333 0.221333 0.221333
6190 2.216594 2.216594 2.216594 0.221333 0.221333 0.221333
6200 2.216594 2.216594 2.216594 0.221333 0.221333 0.221333
6210 2.216594 2.216594 2.216594 0.221333 0.221333 0.221333
6220 2.216594 2.216594 2.216594 0.221333 0.221333 0.221333
6230 2.216594 2.216594 2.216594 0.221333 0.221333 0.221333
6240 2.216594 2.216594 2.216594 0.221333 0.221333 0.221333
6250 2.216594 2.216594 2.216594 0.221333 0.221333 0.221333
6260 2.216594 2.216594 2.216594 0.221333 0.221333 0.221333
6270 2.216594 2.216594 2.216594 0.221333 0.221333 0.221333
6280 2.216594 2.216594 2.216594 0.221333 0.221333 0.221333
6290 2.216594 2.216594 2.216594 0.221333 0.221333 0.221333
6300 2.216594 2.216594 2.216594 0.221333 0.221333 0.221333
6310 2.216594 2.216594 2.216594 0.221333 0.221333 0.221333
6320 2.216594 2.216594 2.216594 0.221333 0.221333 0.221333
6330 2.216594 2.216594 2.216594 0.221333 0.221333 0.221333
6340 2.216594 2.216594 2.216594 0.221333 0.221333 0.221333
6350 2.216594 2.216594 2.216594 0.221333 0.221333 0.221333
6360 2.216594 2.216594 2.216594 0.221333 0.221333 0.221333
6370 2.216594 2.216594 2.216594 0.221333 0.221333 0.221333
6380 2.216594 2.216594 2.216594 0.221333 0.221333 0.221333
6390 2.216594 2.216594 2.216594 0.221333 0.221333 0.221333
6400 2.216594 2.216594 2.216594 0.221333 0.221333 0.221333
6410 2.216594 2.216594 2.216594 0.221333 0.221333 0.221333
6420 2.216594 2.216594 2.216594 0.221333 0.221333 0.221333
6430 2.216594 2.216594 2.216594 0.221333 0.221333 0.221333
6440 2.216594 2.216594 2.216594 0.221333 0.221333 0.221333
6450 2.216594 2.216594 2.216594 0.221333 0.221333 0.221333
6460 2.216594 2.216594 2.216594 0.221333 0.221333 0.221333
6470 2.216594 2.216594 2.216594 0.221333 0.221333 0.221333
6480 2.216594 2.216594 2.216594 0.221333 0.221333 0.221333
6490 2.216594 2.216594 2.216594 0.221333 0.221333 0.221333
6500 2.216594 2.216594 2.216594 0.221333 0.221333 0.221333
6510 2.216594 2.216594 2.216594 0.221333 0.221333 0.221333
6520 2.216594 2.216594 2.216594 0.221333 0.221333 0.221333
6530 2.216594 2.216594 2.216594 0.221333 0.221333 0.221333
6540 2.216594 2.216594 2.216594 0.221333 0.221333 0.221333
6550 2.216594 2.216594 2.216594 0.221333 0.221333 0.221333
6560 2.216594 2.216594 2.216594 0.221333 0.221333 0.221333
6570 2.216594 2.216594 2.216594 0.221333 0.221333 0.221333
6580 2.216594 2.216594 2.216594 0.221333 0.221333 0.221333
6590 2.216594 2.216594 2.216594 0.221333 0.221333 0.221333
6600 2.216594 2.216594 2.216594 0.221333 0.221333 0.221333
6610 2.216594 2.216594 2.216594 0.221333 0.221333 0.221333
6620 2.216594 2.216594 2.216594 0.221333 0.221333 0.221333
6630 2.216594 2.216594 2.216594 0.221333 0.221333 0.221333
6640 2.216594 2.216594 2.216594 0.221333 0.221333 0.221333
6650 2.216594 2.216594 2.216594 0.221333 0.221333 0.221333
6660 2.216594 2.216594 2.216594 0.221333 0.221333 0.221333
6670 2.216594 2.216594 2.216594 0.221333 0.221333 0.221333
6680 2.216594 2.216594 2.216594 0.221333 0.221333 0.221333
6690 2.216594 2.216594 2.216594 0.221333 0.221333 0.221333
6700 2.216594 2.216594 2.216594 0.221333 0.221333 0.221333
6710 2.216594 2.216594 2.216594 0.221333 0.221333 0.221333
6720 2.216594 2.216594 2.216594 0.221333 0.221333 0.221333
6730 2.216594 2.216594 2.216594 0.221333 0.221333 0.221333
6740 2.216594 2.216594 2.216594 0.221333 0.221333 0.221333
6750 2.216594 2.216594 2.216594 0.221333 0.221333 0.221333
6760 2.216594 2.216594 2.216594 0.221333 0.221333 0.221333
6770 2.216594 2.216594 2.216594 0.221333 0.221333 0.221333
6780 2.216594 2.216594 2.216594 0.221333 0.221333 0.221333
6790 2.216594 2.216594 2.216594 0.221333 0.221333 0.221333
6800 2.216594 2.216594 2.216594 0.221333 0.221333 0.221333
6810 2.216594 2.216594 2.216594 0.221333 0.221333 0.221333
6820 2.216594 2.216594 2.216594 0.221333 0.221333 0.221333
6830 2.216594 2.216594 2.216594 0.221333 0.221333 0.221333
6840 2.216594 2.216594 2.216594 0.221333 0.221333 0.221333
6850 2.216594 2.216594 2.216594 0.221333 0.221333 0.221333
6860 2.216594 2.216594 2.216594 0.221333 0.221333 0.221333
6870 2.216594 2.216594 2.216594 0.221333 0.221333 0.221333
6880 2.216594 2.216594 2.216594 0.221333 0.221333 0.221333
6890 2.216594 2.216594 2.216594 0.221333 0.221333 0.221333
6900 2.216594 2.216594 2.216594 0.221333 0.221333 0.221333
6910 2.216594 2.216594 2.216594 0.221333 0.221333 0.221333
6920 2.216594 2.216594 2.216594 0.221333 0.221333 0.221333
6930 2.216594 2.216594 2.216594 0.221333 0.221333 0.221333
6940 2.216594 2.216594 2.216594 0.221333 0.221333 0.221333
6950 2.216594 2.216594 2.216594 0.221333 0.221333 0.221333
6960 2.216594 2.216594 2.216594 0.221333 0.221333 0.221333
6970 2.216594 2.216594 2.216594 0.221333 0.221333 0.221333
6980 2.216594 2.216594 2.216594 0.221333 0.221333 0.221333
6990 2.216594 2.216594 2.216594 0.221333 0.221333 0.221333
7000 2.216594 2.216594 2.216594 0.221333 0.221333 0.221333
7010 2.216594 2.216594 2.216594 0.221333 0.221333 0.221333
7020 2.216594 2.216594 2.216594 0.221333 0.221333 0.221333
7030 2.216594 2.216594 2.216594 0.221333 0.221333 0.221333
7040 2.216594 2.216594 2.216594 0.221333 0.221333 0.221333
7050 2.216594 2.216594 2.216594 0.221333 0.221333 0.221333
7060 2.216594 2.216594 2.216594 0.221333 0.221333 0.221333
7070 2.216594 2.216594 2.216594 0.221333 0.221333 0.221333
7080 2.216594 2.216594 2.216594 0.221333 0.221333 0.221333
7090 2.216594 2.216594 2.216594 0.221333 0.221333 0.221333
7100 2.216594 2.216594 2.216594 0.221333 0.221333 0.221333
7110 2.216594 2.216594 2.216594 0.221333 0.221333 0.221333
7120 2.216594 2.216594 2.216594 0.221333 0.221333 0.221333
7130 2.216594 2.216594 2.216594 0.221333 0.221333 0.221333
7140 2.216594 2.216594 2.216594 0.221333 0.221333 0.221333
7150 2.216594 2.216594 2.216594 0.221333 0.221333 0.221333
7160 2.216594 2.216594 2.216594 0.221333 0.221333 0.221333
7170 2.216594 2.216594 2.216594 0.221333 0.221333 0.221333
7180 2.216594 2.216594 2.216594 0.221333 0.221333 0.221333
7190 2.216594 2.216594 2.216594 0.221333 0.221333 0.221333
7200 2.216594 2.216594 2.216594 0.221333 0.221333 0.221333
7210 2.216594 2.216594 2.216594 0.221333 0.221333 0.221333
7220 2.216594 2.216594 2.216594 0.221333 0.221333 0.221333
7230 2.216594 2.216594 2.216594 0.221333 0.221333 0.221333
7240 2.216594 2.216594 2.216594 0.221333 0.221333 0.221333
7250 2.216594 2.216594 2.216594 0.221333 0.221333 0.221333
7260 2.216594 2.216594 2.216594 0.221333 0.221333 0.221333
7270 2.216594 2.216594 2.216594 0.221333 0.221333 0.221333
7280 2.216594 2.216594 2.216594 0.221333 0.221333 0.221333
7290 2.216594 2.216594 2.216594 0.221333 0.221333 0.221333
7300 2.216594 2.216594 2.216594 0.221333 0.221333 0.221333
7310 2.216594 2.216594 2.216594 0.221333 0.221333 0.221333
7320 2.216594 2.216594 2.216594 0.221333 0.221333 0.221333
7330 2.216594 2.216594 2.216594 0.221333 0.221333 0.221333
7340 2.216594 2.216594 2.216594 0.221333 0.221333 0.221333
7350 2.216594 2.216594 2.216594 0.221333 0.221333 0.221333
7360 2.216594 2.216594 2.216594 0.221333 0.221333 0.221333
7370 2.216594 2.216594 2.216594 0.221333 0.221333 0.221333
7380 2.216594 2.216594 2.216594 0.221333 0.221333 0.221333
7390 2.216594 2.216594 2.216594 0.221333 0.221333 0.221333
7400 2.216594 2.216594 2.216594 0.221333 0.221333 0.221333
7410 2.216594 2.216594 2.216594 0.221333 0.221333 0.221333
7420 2.216594 2.216594 2.216594 0.221333 0.221333 0.221333
7430 2.216594 2.216594 2.216594 0.221333 0.221333 0.221333
7440 2.216594 2.216594 2.216594 0.221333 0.221333 0.221333
7450 2.216594 2.216594 2.216594 0.221333 0.221333 0.221333
7460 2.216594 2.216594 2.216594 0.221333 0.221333 0.221333
7470 2.216594 2.216594 2.216594 0.221333 0.221333 0.221333
7480 2.216594 2.216594 2.216594 0.221333 0.221333 0.221333
7490 2.216594 2.216594 2.216594 0.221333 0.221333 0.221333
7500 2.216594 2.216594 2.216594 0.221333 0.221333 0.221333
7510 2.216594 2.216594 2.216594 0.221333 0.221333 0.221333
7520 2.216594 2.216594 2.216594 0.221333 0.221333 0.221333
7530 2.216594 2.216594 2.216594 0.221333 0.221333 0.221333
7540 2.216594 2.216594 2.216594 0.221333 0.221333 0.221333
7550 2.216594 2.216594 2.216594 0.221333 0.221333 0.221333
7560 2.216594 2.216594 2.216594 0.221333 0.221333 0.221333
7570 2.216594 2.216594 2.216594 0.221333 0.221333 0.221333
7580 2.216594 2.216594 2.216594 0.221333 0.221333 0.221333
7590 2.216594 2.216594 2.216594 0.221333 0.221333 0.221333
7600 2.216594 2.216594 2.216594 0.221333 0.221333 0.221333
7610 2.216594 2.216594 2.216594 0.221333 0.221333 0.221333
7620 2.216594 2.216594 2.216594 0.221333 0.221333 0.221333
7630 2.216594 2.216594 2.216594 0.221333 0.221333 0.221333
7640 2.216594 2.216594 2.216594 0.221333 0.221333 0.221333
7650 2.216594 2.216594 2.216594 0.221333 0.221333 0.221333
7660 2.216594 2.216594 2.216594 0.221333 0.221333 0.221333
7670 2.216594 2.216594 2.216594 0.221333 0.221333 0.221333
7680 2.216594 2.216594 2.216594 0.221333 0.221333 0.221333
7690 2.216594 2.216594 2.216594 0.221333 0.221333 0.221333
7700 2.216594 2.216594 2.216594 0.221333 0.221333 0.221333
7710 2.216594 2.216594 2.216594 0.221333 0.221333 0.221333
7720 2.216594 2.216594 2.216594 0.221333 0.221333 0.221333
7730 2.216594 2.216594 2.216594 0.221333 0.221333 0.221333
7740 2.216594 2.216594 2.216594 0.221333 0.221333 0.221333
7750 2.216594 2.216594 2.216594 0.221333 0.221333 0.221333
7760 2.216594 2.216594 2.216594 0.221333 0.221333 0.221333
7770 2.216594 2.216594 2.216594 0.221333 0.221333 0.221333
7780 2.216594 2.216594 2.216594 0.221333 0.221333 0.221333
7790 2.216594 2.216594 2.216594 0.221333 0.221333 0.221333
7800 2.216594 2.216594 2.216594 0.221333 0.221333 0.221333
7810 2.216594 2.216594 2.216594 0.221333 0.221333 0.221333
7820 2.216594 2.216594 2.216594 0.221333 0.221333 0.221333
7830 2.216594 2.216594 2.216594 0.221333 0.221333 0.221333
7840 2.216594 2.216594 2.216594 0.221333 0.221333 0.221333
7850 2.216594 2.216594 2.216594 0.221333 0.221333 0.221333
7860 2.216594 2.216594 2.216594 0.221333 0.221333 0.221333
7870 2.216594 2.216594 2.216594 0.221333 0.221333 0.221333
7880 2.216594 2.216594 2.216594 0.221333 0.221333 0.221333
7890 2.216594 2.216594 2.216594 0.221333 0.221333 0.221333
7900 2.216594 2.216594 2.216594 0.221333 0.221333 0.221333
7910 2.216594 2.216594 2.216594 0.221333 0.221333 0.221333
7920 2.216594 2.216594 2.216594 0.221333 0.221333 0.221333
7930 2.216594 2.216594 2.216594 0.221333 0.221333 0.221333
7940 2.216594 2.216594 2.216594 0.221333 0.221333 0.221333
7950 2.216594 2.216594 2.216594 0.221333 0.221333 0.221333
7960 2.216594 2.216594 2.216594 0.221333 0.221333 0.221333
7970 2.216594 2.216594 2.216594 0.221333 0.221333 0.221333
7980 2.216594 2.216594 2.216594 0.221333 0.221333 0.221333
7990 2.216594 2.216594 2.216594 0.221333 0.221333 0.221333
8000 2.216594 2.216594 2.216594 0.221333 0.221333 0.221333
8010 2.216594 2.216594 2.216594 0.221333 0.221333 0.221333
8020 2.216594 2.216594 2.216594 0.221333 0.221333 0.221333
8030 2.216594 2.216594 2.216594 0.221333 0.221333 0.221333
8040 2.216594 2.216594 2.216594 0.221333 0.221333 0.221333
8050 2.216594 2.216594 2.216594 0.221333 0.221333 0.221333
8060 2.216594 2.216594 2.216594 0.221333 0.221333 0.221333
8070 2.216594 2.216594 2.216594 0.221333 0.221333 0.221333
8080 2.216594 2.216594 2.216594 0.221333 0.221333 0.221333
8090 2.216594 2.216594 2.216594 0.221333 0.221333 0.221333
8100 2.216594 2.216594 2.216594 0.221333 0.221333 0.221333
8110 2.216594 2.216594 2.216594 0.221333 0.221333 0.221333
8120 2.216594 2.216594 2.216594 0.221333 0.221333 0.221333
8130 2.216594 2.216594 2.216594 0.221333 0.221333 0.221333
8140 2.216594 2.216594 2.216594 0.221333 0.221333 0.221333
8150 2.216594 2.216594 2.216594 0.221333 0.221333 0.221333
8160 2.216594 2.216594 2.216594 0.221333 0.221333 0.221333
8170 2.216594 2.216594 2.216594 0.221333 0.221333 0.221333
8180 2.216594 2.216594 2.216594 0.221333 0.221333 0.221333
8190 2.216594 2.216594 2.216594 0.221333 0.221333 0.221333
8200 2.216594 2.216594 2.216594 0.221333 0.221333 0.221333
8210 2.216594 2.216594 2.216594 0.221333 0.221333 0.221333
8220 2.216594 2.216594 2.216594 0.221333 0.221333 0.221333
8230 2.216594 2.216594 2.216594 0.221333 0.221333 0.221333
8240 2.216594 2.216594 2.216594 0.221333 0.221333 0.221333
8250 2.216594 2.216594 2.216594 0.221333 0.221333 0.221333
8260 2.216594 2.216594 2.216594 0.221333 0.221333 0.221333
8270 2.216594 2.216594 2.216594 0.221333 0.221333 0.221333
8280 2.216594 2.216594 2.216594 0.221333 0.221333 0.221333
8290 2.216594 2.216594 2.216594 0.221333 0.221333 0.221333
8300 2.216594 2.216594 2.216594 0.221333 0.221333 0.221333
8310 2.216594 2.216594 2.216594 0.221333 0.221333 0.221333
8320 2.216594 2.216594 2.216594 0.221333 0.221333 0.221333
8330 2.216594 2.216594 2.216594 0.221333 0.221333 0.221333
8340 2.216594 2.216594 2.216594 0.221333 0.221333 0.221333
8350 2.216594 2.216594 2.216594 0.221333 0.221333 0.221333
8360 2.216594 2.216594 2.216594 0.221333 0.221333 0.221333
8370 2.216594 2.216594 2.216594 0.221333 0.221333 0.221333
8380 2.216594 2.216594 2.216594 0.221333 0.221333 0.221333
8390 2.216594 2.216594 2.216594 0.221333 0.221333 0.221333
8400 2.216594 2.216594 2.216594 0.221333 0.221333 0.221333
8410 2.216594 2.216594 2.216594 0.221333 0.221333 0.221333
8420 2.216594 2.216594 2.216594 0.221333 0.221333 0.221333
8430 2.216594 2.216594 2.216594 0.221333 0.221333 0.221333
8440 2.216594 2.216594 2.216594 0.221333 0.221333 0.221333
8450 2.216594 2.216594 2.216594 0.221333 0.221333 0.221333
8460 2.216594 2.216594 2.216594 0.221333 0.221333 0.221333
8470 2.216594 2.216594 2.216594 0.221333 0.221333 0.221333
8480 2.216594 2.216594 2.216594 0.221333 0.221333 0.221333
8490 2.216594 2.216594 2.216594 0.221333 0.221333 0.221333
8500 2.216594 2.216594 2.216594 0.221333 0.221333 0.221333
8510 2.216594 2.216594 2.216594 0.221333 0.221333 0.221333
8520 2.216594 2.216594 2.216594 0.221333 0.221333 0.221333
8530 2.216594 2.216594 2.216594 0.221333 0.221333 0.221333
8540 2.216594 2.216594 2.216594 0.221333 0.221333 0.221333
8550 2.216594 2.216594 2.216594 0.221333 0.221333 0.221333
8560 2.216594 2.216594 2.216594 0.221333 0.221333 0.221333
8570 2.216594 2.216594 2.216594 0.221333 0.221333 0.221333
8580 2.216594 2.216594 2.216594 0.221333 0.221333 0.221333
8590 2.216594 2.216594 2.216594 0.221333 0.221333 0.221333
8600 2.216594 2.216594 2.216594 0.221333 0.221333 0.221333
8610 2.216594 2.216594 2.216594 0.221333 0.221333 0.221333
8620 2.216594 2.216594 2.216594 0.221333 0.221333 0.221333
8630 2.216594 2.216594 2.216594 0.221333 0.221333 0.221333
8640 2.216594 2.216594 2.216594 0.221333 0.221333 0.221333
8650 2.216594 2.216594 2.216594 0.221333 0.221333 0.221333
8660 2.216594 2.216594 2.216594 0.221333 0.221333 0.221333
8670 2.216594 2.216594 2.216594 0.221333 0.221333 0.221333
8680 2.216594 2.216594 2.216594 0.221333 0.221333 0.221333
8690 2.216594 2.216594 2.216594 0.221333 0.221333 0.221333
8700 2.216594 2.216594 2.216594 0.221333 0.221333 0.221333
8710 2.216594 2.216594 2.216594 0.221333 0.221333 0.221333
8720 2.216594 2.216594 2.216594 0.221333 0.221333 0.221333
8730 2.216594 2.216594 2.216594 0.221333 0.221333 0.221333
8740 2.216594 2.216594 2.216594 0.221333 0.221333 0.221333
8750 2.216594 2.216594 2.216594 0.221333 0.221333 0.221333
8760 2.216594 2.216594 2.216594 0.221333 0.221333 0.221333
8770 2.216594 2.216594 2.216594 0.221333 0.221333 0.221333
8780 2.216594 2.216594 2.216594 0.221333 0.221333 0.221333
8790 2.216594 2.216594 2.216594 0.221333 0.221333 0.221333
8800 2.216594 2.216594 2.216594 0.221333 0.221333 0.221333
8810 2.216594 2.216594 2.216594 0.221333 0.221333 0.221333
8820 2.216594 2.216594 2.216594 0.221333 0.221333 0.221333
8830 2.216594 2.216594 2.216594 0.221333 0.221333 0.221333
8840 2.216594 2.216594 2.216594 0.221333 0.221333 0.221333
8850 2.216594 2.216594 2.216594 0.221333 0.221333 0.221333
8860 2.216594 2.216594 2.216594 0.221333 0.221333 0.221333
8870 2.216594 2.216594 2.216594 0.221333 0.221333 0.221333
8880 2.216594 2.216594 2.216594 0.221333 0.221333 0.221333
8890 2.216594 2.216594 2.216594 0.221333 0.221333 0.221333
8900 2.216594 2.216594 2.216594 0.221333 0.221333 0.221333
8910 2.216594 2.216594 2.216594 0.221333 0.221333 0.221333
8920 2.216594 2.216594 2.216594 0.221333 0.221333 0.221333
8930 2.216594 2.216594 2.216594 0.221333 0.221333 0.221333
8940 2.216594 2.216594 2.216594 0.221333 0.221333 0.221333
8950 2.216594 2.216594 2.216594 0.221333 0.221333 0.221333
8960 2.216594 2.216594 2.216594 0.221333 0.221333 0.221333
8970 2.216594 2.216594 2.216594 0.221333 0.221333 0.221333
8980 2.216594 2.216594 2.216594 0.221333 0.221333 0.221333
8990 2.216594 2.216594 2.216594 0.221333 0.221333 0.221333
9000 2.216594 2.216594 2.216594 0.221333 0.221333 0.221333
9010 2.216594 2.216594 2.216594 0.221333 0.221333 0.221333
9020 2.216594 2.216594 2.216594 0.221333 0.221333 0.221333
9030 2.216594 2.216594 2.216594 0.221333 0.221333 0.221333
9040 2.216594 2.216594 2.216594 0.221333 0.221333 0.221333
9050 2.216594 2.216594 2.216594 0.221333 0.221333 0.221333
9060 2.216594 2.216594 2.216594 0.221333 0.221333 0.221333
9070 2.216594 2.216594 2.216594 0.221333 0.221333 0.221333
9080 2.216594 2.216594 2.216594 0.221333 0.221333 0.221333
9090 2.216594 2.216594 2.216594 0.221333 0.221333 0.221333
9100 2.216594 2.216594 2.216594 0.221333 0.221333 0.221333
9110 2.216594 2.216594 2.216594 0.221333 0.221333 0.221333
9120 2.216594 2.216594 2.216594 0.221333 0.221333 0.221333
9130 2.216594 2.216594 2.216594 0.221333 0.221333 0.221333
9140 2.216594 2.216594 2.216594 0.221333 0.221333 0.221333
9150 2.216594 2.216594 2.216594 0.221333 0.221333 0.221333
9160 2.216594 2.216594 2.216594 0.221333 0.221333 0.221333
9170 2.216594 2.216594 2.216594 0.221333 0.221333 0.221333
9180 2.216594 2.216594 2.216594 0.221333 0.221333 0.221333
9190 2.216594 2.216594 2.216594 0.221333 0.221333 0.221333
9200 2.216594 2.216594 2.216594 0.221333 0.221333 0.221333
9210 2.216594 2.216594 2.216594 0.221333 0.221333 0.221333
9220 2.216594 2.216594 2.216594 0.221333 0.221333 0.221333
9230 2.216594 2.216594 2.216594 0.221333 0.221333 0.221333
9240 2.216594 2.216594 2.216594 0.221333 0.221333 0.221333
9250 2.216594 2.216594 2.216594 0.221333 0.221333 0.221333
9260 2.216594 2.216594 2.216594 0.221333 0.221333 0.221333
9270 2.216594 2.216594 2.216594 0.221333 0.221333 0.221333
9280 2.216594 2.216594 2.216594 0.221333 0.221333 0.221333
9290 2.216594 2.216594 2.216594 0.221333 0.221333 0.221333
9300 2.216594 2.216594 2.216594 0.221333 0.221333 0.221333
9310 2.216594 2.216594 2.216594 0.221333 0.221333 0.221333
9320 2.216594 2.216594 2.216594 0.221333 0.221333 0.221333
9330 2.216594 2.216594 2.216594 0.221333 0.221333 0.221333
9340 2.216594 2.216594 2.216594 0.221333 0.221333 0.221333
9350 2.216594 2.216594 2.216594 0.221333 0.221333 0.221333
9360 2.216594 2.216594 2.216594 0.221333 0.221333 0.221333
9370 2.216594 2.216594 2.216594 0.221333 0.221333 0.221333
9380 2.216594 2.216594 2.216594 0.221333 0.221333 0.221333
9390 2.216594 2.216594 2.216594 0.221333 0.221333 0.221333
9400 2.216594 2.216594 2.216594 0.221333 0.221333 0.221333
9410 2.216594 2.216594 2.216594 0.221333 0.221333 0.221333
9420 2.216594 2.216594 2.216594 0.221333 0.221333 0.221333
9430 2.216594 2.216594 2.216594 0.221333 0.221333 0.221333
9440 2.216594 2.216594 2.216594 0.221333 0.221333 0.221333
9450 2.216594 2.216594 2.216594 0.221333 0.221333 0.221333
9460 2.216594 2.216594 2.216594 0.221333 0.221333 0.221333
9470 2.216594 2.216594 2.216594 0.221333 0.221333 0.221333
9480 2.216594 2.216594 2.216594 0.221333 0.221333 0.221333
9490 2.216594 2.216594 2.216594 0.221333 0.221333 0.221333
9500 2.216594 2.216594 2.216594 0.221333 0.221333 0.221333
9510 2.216594 2.216594 2.216594 0.221333 0.221333 0.221333
9520 2.216594 2.216594 2.216594 0.221333 0.221333 0.221333
9530 2.216594 2.216594 2.216594 0.221333 0.221333 0.221333
9540 2.216594 2.216594 2.216594 0.221333 0.221333 0.221333
9550 2.216594 2.216594 2.216594 0.221333 0.221333 0.221333
9560 2.216594 2.216594 2.216594 0.221333 0.221333 0.221333
9570 2.216594 2.216594 2.216594 0.221333 0.221333 0.221333
9580 2.216594 2.216594 2.216594 0.221333 0.221333 0.221333
9590 2.216594 2.216594 2.216594 0.221333 0.221333 0.221333
9600 2.216594 2.216594 2.216594 0.221333 0.221333 0.221333
9610 2.216594 2.216594 2.216594 0.221333 0.221333 0.221333
9620 2.216594 2.216594 2.216594 0.221333 0.221333 0.221333
9630 2.216594 2.216594 2.216594 0.221333 0.221333 0.221333
9640 2.216594 2.216594 2.216594 0.221333 0.221333 0.221333
9650 2.216594 2.216594 2.216594 0.221333 0.221333 0.221333
9660 2.216594 2.216594 2.216594 0.221333 0.221333 0.221333
9670 2.216594 2.216594 2.216594 0.221333 0.221333 0.221333
9680 2.216594 2.216594 2.216594 0.221333 0.221333 0.221333
9690 2.216594 2.216594 2.216594 0.221333 0.221333 0.221333
9700 2.216594 2.216594 2.216594 0.221333 0.221333 0.221333
9710 2.216594 2.216594 2.216594 0.221333 0.221333 0.221333
9720 2.216594 2.216594 2.216594 0.221333 0.221333 0.221333
9730 2.216594 2.216594 2.216594 0.221333 0.221333 0.221333
9740 2.216594 2.216594 2.216594 0.221333 0.221333 0.221333
9750 2.216594 2.216594 2.216594 0.221333 0.221333 0.221333
9760 2.216594 2.216594 2.216594 0.221333 0.221333 0.221333
9770 2.216594 2.216594 2.216594 0.221333 0.221333 0.221333
9780 2.216594 2.216594 2.216594 0.221333 0.221333 0.221333
9790 2.216594 2.216594 2.216594 0.221333 0.221333 0.221333
9800 2.216594 2.216594 2.216594 0.221333 0.221333 0.221333
9810 2.216594 2.216594 2.216594 0.221333 0.221333 0.221333
9820 2.216594 2.216594 2.216594 0.221333 0.221333 0.221333
9830 2.216594 2.216594 2.216594 0.221333 0.221333 0.221333
9840 2.216594 2.216594 2.216594 0.221333 0.221333 0.221333
9850 2.216594 2.216594 2.216594 0.221333 0.221333 0.221333
9860 2.216594 2.216594 2.216594 0.221333 0.221333 0.221333
9870 2.216594 2.216594 2.216594 0.221333 0.221333 0.221333
9880 2.216594 2.216594 2.216594 0.221333 0.221333 0.221333
9890 2.216594 2.216594 2.216594 0.221333 0.221333 0.221333
9900 2.216594 2.216594 2.216594 0.221333 0.221333 0.221333
9910 2.216594 2.216594 2.216594 0.221333 0.221333 0.221333
9920 2.216594 2.216594 2.216594 0.221333 0.221333 0.221333
9930 2.216594 2.216594 2.216594 0.221333 0.221333 0.221333
9940 2.216594 2.216594 2.216594 0.221333 0.221333 0.221333
9950 2.216594 2.216594 2.216594 0.221333 0.221333 0.221333
9960 2.216594 2.216594 2.216594 0.221333 0.221333 0.221333
9970 2.216594 2.216594 2.216594 0.221333 0.221333 0.221333
9980 2.216594 2.216594 2.216594 0.221333 0.221333 0.221333
9990 2.216594 2.216594 2.216594 0.221333 0.221333 0.221333
10000 2.313940 2.313940 2.313940 0.238965 0.238965 0.238965
