# generation power_min power_avg power_max util_min util_avg util_max
1 9.909382 11.043881 12.461164 0.102570 0.106190 0.108782
10 9.828270 10.885398 11.806051 0.104277 0.106586 0.108879
20 9.828270 10.753057 11.483528 0.104847 0.106905 0.108879
30 9.828270 10.623049 11.382781 0.104847 0.107196 0.108879
40 9.748761 10.501169 11.170638 0.105553 0.107469 0.109761
50 9.591352 10.379652 10.999868 0.105820 0.107768 0.109809
60 9.587669 10.273041 10.837384 0.106154 0.108038 0.109809
70 9.507139 10.171471 10.743844 0.106383 0.108280 0.110029
80 9.406651 10.070288 10.604399 0.106476 0.108505 0.110079
90 9.400719 9.981102 10.478517 0.107129 0.108721 0.110161
100 9.400719 9.897785 10.404126 0.107661 0.108916 0.110245
110 9.175628 9.811331 10.247900 0.107792 0.109103 0.110709
120 9.175628 9.742202 10.153121 0.107844 0.109277 0.110732
130 9.175628 9.670128 10.066554 0.108134 0.109456 0.110866
140 9.003027 9.596314 9.985275 0.108298 0.109651 0.111040
150 8.885663 9.535152 9.883289 0.108298 0.109809 0.111477
160 8.885663 9.474945 9.817355 0.108865 0.109975 0.111477
170 8.802803 9.401905 9.748761 0.108865 0.110155 0.111799
180 8.792514 9.350453 9.668722 0.109095 0.110282 0.111799
190 8.549514 9.284492 9.587669 0.109371 0.110434 0.111946
200 8.549514 9.226122 9.542231 0.109587 0.110575 0.111946
210 8.246475 9.140984 9.507139 0.109820 0.110786 0.113020
220 8.246475 9.081015 9.441761 0.109820 0.110935 0.113020
230 8.246475 9.013140 9.401820 0.109820 0.111089 0.113020
240 8.184445 8.939085 9.317446 0.109820 0.111255 0.113020
250 8.184445 8.870379 9.267143 0.110128 0.111417 0.113020
260 8.184445 8.796221 9.175628 0.110238 0.111605 0.113020
270 8.153111 8.722273 9.147031 0.110238 0.111772 0.113276
280 7.945348 8.636882 9.040836 0.110630 0.111976 0.113731
290 7.945348 8.568306 8.960061 0.110815 0.112153 0.113731
300 7.910090 8.498657 8.907310 0.111012 0.112316 0.113929
310 7.806442 8.418846 8.807020 0.111012 0.112504 0.114167
320 7.806442 8.359861 8.749569 0.111327 0.112671 0.114167
330 7.806442 8.292330 8.670341 0.111925 0.112846 0.114167
340 7.806442 8.229314 8.553064 0.111946 0.112978 0.114167
350 7.766450 8.165355 8.516102 0.112175 0.113131 0.114167
360 7.766450 8.104331 8.465833 0.112175 0.113286 0.114167
370 7.765544 8.043636 8.408210 0.112550 0.113456 0.114235
380 7.765544 7.996087 8.328417 0.112622 0.113558 0.114235
390 7.765544 7.948380 8.246475 0.112858 0.113680 0.114235
400 7.765544 7.908450 8.153111 0.113029 0.113786 0.114235
410 7.765544 7.883402 8.075621 0.113147 0.113867 0.114235
420 7.765544 7.857927 7.997290 0.113392 0.113942 0.114235
430 7.692831 7.841032 7.945348 0.113688 0.113988 0.114401
440 7.692831 7.823106 7.945348 0.113688 0.114028 0.114401
450 7.692831 7.803300 7.945348 0.113688 0.114077 0.114401
460 7.692831 7.786919 7.861666 0.113918 0.114116 0.114401
470 7.692831 7.774882 7.851394 0.113918 0.114145 0.114401
480 7.692831 7.763813 7.831187 0.113941 0.114168 0.114401
490 7.692831 7.756103 7.806442 0.114107 0.114186 0.114401
500 7.692831 7.750109 7.766450 0.114107 0.114197 0.114401
510 7.692831 7.744219 7.766450 0.114107 0.114218 0.114401
520 7.692831 7.738330 7.766450 0.114107 0.114238 0.114401
530 7.692831 7.733158 7.766450 0.114107 0.114255 0.114401
540 7.692831 7.726524 7.766450 0.114107 0.114277 0.114401
550 7.692831 7.719162 7.766450 0.114107 0.114302 0.114401
560 7.692831 7.711800 7.766450 0.114107 0.114328 0.114401
570 7.692831 7.704465 7.765544 0.114107 0.114354 0.114401
580 7.692831 7.697194 7.765544 0.114107 0.114384 0.114401
590 7.692831 7.692831 7.692831 0.114401 0.114401 0.114401
600 7.692831 7.692831 7.692831 0.114401 0.114401 0.114401
610 7.692831 7.692831 7.692831 0.114401 0.114401 0.114401
620 7.692831 7.692831 7.692831 0.114401 0.114401 0.114401
630 7.692831 7.692831 7.692831 0.114401 0.114401 0.114401
640 7.692831 7.692831 7.692831 0.114401 0.114401 0.114401
650 7.692831 7.692831 7.692831 0.114401 0.114401 0.114401
660 7.692831 7.692831 7.692831 0.114401 0.114401 0.114401
670 7.692831 7.692831 7.692831 0.114401 0.114401 0.114401
680 7.692831 7.692831 7.692831 0.114401 0.114401 0.114401
690 7.692831 7.692831 7.692831 0.114401 0.114401 0.114401
700 7.692831 7.692831 7.692831 0.114401 0.114401 0.114401
710 7.692831 7.692831 7.692831 0.114401 0.114401 0.114401
720 7.692831 7.692831 7.692831 0.114401 0.114401 0.114401
730 7.692831 7.692831 7.692831 0.114401 0.114401 0.114401
740 7.692831 7.692831 7.692831 0.114401 0.114401 0.114401
750 7.692831 7.692831 7.692831 0.114401 0.114401 0.114401
760 7.692831 7.692831 7.692831 0.114401 0.114401 0.114401
770 7.692831 7.692831 7.692831 0.114401 0.114401 0.114401
780 7.692831 7.692831 7.692831 0.114401 0.114401 0.114401
790 7.692831 7.692831 7.692831 0.114401 0.114401 0.114401
800 7.692831 7.692831 7.692831 0.114401 0.114401 0.114401
810 7.692831 7.692831 7.692831 0.114401 0.114401 0.114401
820 7.692831 7.692831 7.692831 0.114401 0.114401 0.114401
830 7.692831 7.692831 7.692831 0.114401 0.114401 0.114401
840 7.692831 7.692831 7.692831 0.114401 0.114401 0.114401
850 7.692831 7.692831 7.692831 0.114401 0.114401 0.114401
860 7.692831 7.692831 7.692831 0.114401 0.114401 0.114401
870 7.692831 7.692831 7.692831 0.114401 0.114401 0.114401
880 7.692831 7.692831 7.692831 0.114401 0.114401 0.114401
890 7.692831 7.692831 7.692831 0.114401 0.114401 0.114401
900 7.692831 7.692831 7.692831 0.114401 0.114401 0.114401
910 7.692831 7.692831 7.692831 0.114401 0.114401 0.114401
920 7.692831 7.692831 7.692831 0.114401 0.114401 0.114401
930 7.692831 7.692831 7.692831 0.114401 0.114401 0.114401
940 7.692831 7.692831 7.692831 0.114401 0.114401 0.114401
950 7.692831 7.692831 7.692831 0.114401 0.114401 0.114401
960 7.692831 7.692831 7.692831 0.114401 0.114401 0.114401
970 7.692831 7.692831 7.692831 0.114401 0.114401 0.114401
980 7.692831 7.692831 7.692831 0.114401 0.114401 0.114401
990 7.692831 7.692831 7.692831 0.114401 0.114401 0.114401
1000 7.692831 7.692831 7.692831 0.114401 0.114401 0.114401
1010 7.692831 7.692831 7.692831 0.114401 0.114401 0.114401
1020 7.692831 7.692831 7.692831 0.114401 0.114401 0.114401
1030 7.692831 7.692831 7.692831 0.114401 0.114401 0.114401
1040 7.692831 7.692831 7.692831 0.114401 0.114401 0.114401
1050 7.692831 7.692831 7.692831 0.114401 0.114401 0.114401
1060 7.692831 7.692831 7.692831 0.114401 0.114401 0.114401
1070 7.692831 7.692831 7.692831 0.114401 0.114401 0.114401
1080 7.692831 7.692831 7.692831 0.114401 0.114401 0.114401
1090 7.692831 7.692831 7.692831 0.114401 0.114401 0.114401
1100 7.692831 7.692831 7.692831 0.114401 0.114401 0.114401
1110 7.692831 7.692831 7.692831 0.114401 0.114401 0.114401
1120 7.692831 7.692831 7.692831 0.114401 0.114401 0.114401
1130 7.692831 7.692831 7.692831 0.114401 0.114401 0.114401
1140 7.692831 7.692831 7.692831 0.114401 0.114401 0.114401
1150 7.692831 7.692831 7.692831 0.114401 0.114401 0.114401
1160 7.692831 7.692831 7.692831 0.114401 0.114401 0.114401
1170 7.692831 7.692831 7.692831 0.114401 0.114401 0.114401
1180 7.692831 7.692831 7.692831 0.114401 0.114401 0.114401
1190 7.692831 7.692831 7.692831 0.114401 0.114401 0.114401
1200 7.692831 7.692831 7.692831 0.114401 0.114401 0.114401
1210 7.692831 7.692831 7.692831 0.114401 0.114401 0.114401
1220 7.692831 7.692831 7.692831 0.114401 0.114401 0.114401
1230 7.692831 7.692831 7.692831 0.114401 0.114401 0.114401
1240 7.692831 7.692831 7.692831 0.114401 0.114401 0.114401
1250 7.692831 7.692831 7.692831 0.114401 0.114401 0.114401
1260 7.692831 7.692831 7.692831 0.114401 0.114401 0.114401
1270 7.692831 7.692831 7.692831 0.114401 0.114401 0.114401
1280 7.692831 7.692831 7.692831 0.114401 0.114401 0.114401
1290 7.692831 7.692831 7.692831 0.114401 0.114401 0.114401
1300 7.692831 7.692831 7.692831 0.114401 0.114401 0.114401
1310 7.692831 7.692831 7.692831 0.114401 0.114401 0.114401
1320 7.692831 7.692831 7.692831 0.114401 0.114401 0.114401
1330 7.692831 7.692831 7.692831 0.114401 0.114401 0.114401
1340 7.692831 7.692831 7.692831 0.114401 0.114401 0.114401
1350 7.692831 7.692831 7.692831 0.114401 0.114401 0.114401
1360 7.692831 7.692831 7.692831 0.114401 0.114401 0.114401
1370 7.692831 7.692831 7.692831 0.114401 0.114401 0.114401
1380 7.692831 7.692831 7.692831 0.114401 0.114401 0.114401
1390 7.692831 7.692831 7.692831 0.114401 0.114401 0.114401
1400 7.692831 7.692831 7.692831 0.114401 0.114401 0.114401
1410 7.692831 7.692831 7.692831 0.114401 0.114401 0.114401
1420 7.692831 7.692831 7.692831 0.114401 0.114401 0.114401
1430 7.692831 7.692831 7.692831 0.114401 0.114401 0.114401
1440 7.692831 7.692831 7.692831 0.114401 0.114401 0.114401
1450 7.692831 7.692831 7.692831 0.114401 0.114401 0.114401
1460 7.692831 7.692831 7.692831 0.114401 0.114401 0.114401
1470 7.692831 7.692831 7.692831 0.114401 0.114401 0.114401
1480 7.692831 7.692831 7.692831 0.114401 0.114401 0.114401
1490 7.692831 7.692831 7.692831 0.114401 0.114401 0.114401
1500 7.692831 7.692831 7.692831 0.114401 0.114401 0.114401
1510 7.692831 7.692831 7.692831 0.114401 0.114401 0.114401
1520 7.692831 7.692831 7.692831 0.114401 0.114401 0.114401
1530 7.692831 7.692831 7.692831 0.114401 0.114401 0.114401
1540 7.692831 7.692831 7.692831 0.114401 0.114401 0.114401
1550 7.692831 7.692831 7.692831 0.114401 0.114401 0.114401
1560 7.692831 7.692831 7.692831 0.114401 0.114401 0.114401
1570 7.692831 7.692831 7.692831 0.114401 0.114401 0.114401
1580 7.692831 7.692831 7.692831 0.114401 0.114401 0.114401
1590 7.692831 7.692831 7.692831 0.114401 0.114401 0.114401
1600 7.692831 7.692831 7.692831 0.114401 0.114401 0.114401
1610 7.692831 7.692831 7.692831 0.114401 0.114401 0.114401
1620 7.692831 7.692831 7.692831 0.114401 0.114401 0.114401
1630 7.692831 7.692831 7.692831 0.114401 0.114401 0.114401
1640 7.692831 7.692831 7.692831 0.114401 0.114401 0.114401
1650 7.692831 7.692831 7.692831 0.114401 0.114401 0.114401
1660 7.692831 7.692831 7.692831 0.114401 0.114401 0.114401
1670 7.692831 7.692831 7.692831 0.114401 0.114401 0.114401
1680 7.692831 7.692831 7.692831 0.114401 0.114401 0.114401
1690 7.692831 7.692831 7.692831 0.114401 0.114401 0.114401
1700 7.692831 7.692831 7.692831 0.114401 0.114401 0.114401
1710 7.692831 7.692831 7.692831 0.114401 0.114401 0.114401
1720 7.692831 7.692831 7.692831 0.114401 0.114401 0.114401
1730 7.692831 7.692831 7.692831 0.114401 0.114401 0.114401
1740 7.692831 7.692831 7.692831 0.114401 0.114401 0.114401
1750 7.692831 7.692831 7.692831 0.114401 0.114401 0.114401
1760 7.692831 7.692831 7.692831 0.114401 0.114401 0.114401
1770 7.692831 7.692831 7.692831 0.114401 0.114401 0.114401
1780 7.692831 7.692831 7.692831 0.114401 0.114401 0.114401
1790 7.692831 7.692831 7.692831 0.114401 0.114401 0.114401
1800 7.692831 7.692831 7.692831 0.114401 0.114401 0.114401
1810 7.692831 7.692831 7.692831 0.114401 0.114401 0.114401
1820 7.692831 7.692831 7.692831 0.114401 0.114401 0.114401
1830 7.692831 7.692831 7.692831 0.114401 0.114401 0.114401
1840 7.692831 7.692831 7.692831 0.114401 0.114401 0.114401
1850 7.692831 7.692831 7.692831 0.114401 0.114401 0.114401
1860 7.692831 7.692831 7.692831 0.114401 0.114401 0.114401
1870 7.692831 7.692831 7.692831 0.114401 0.114401 0.114401
1880 7.692831 7.692831 7.692831 0.114401 0.114401 0.114401
1890 7.692831 7.692831 7.692831 0.114401 0.114401 0.114401
1900 7.692831 7.692831 7.692831 0.114401 0.114401 0.114401
1910 7.692831 7.692831 7.692831 0.114401 0.114401 0.114401
1920 7.692831 7.692831 7.692831 0.114401 0.114401 0.114401
1930 7.692831 7.692831 7.692831 0.114401 0.114401 0.114401
1940 7.692831 7.692831 7.692831 0.114401 0.114401 0.114401
1950 7.692831 7.692831 7.692831 0.114401 0.114401 0.114401
1960 7.692831 7.692831 7.692831 0.114401 0.114401 0.114401
1970 7.692831 7.692831 7.692831 0.114401 0.114401 0.114401
1980 7.692831 7.692831 7.692831 0.114401 0.114401 0.114401
1990 7.692831 7.692831 7.692831 0.114401 0.114401 0.114401
2000 7.692831 7.692831 7.692831 0.114401 0.114401 0.114401
2010 7.692831 7.692831 7.692831 0.114401 0.114401 0.114401
2020 7.692831 7.692831 7.692831 0.114401 0.114401 0.114401
2030 7.692831 7.692831 7.692831 0.114401 0.114401 0.114401
2040 7.692831 7.692831 7.692831 0.114401 0.114401 0.114401
2050 7.692831 7.692831 7.692831 0.114401 0.114401 0.114401
2060 7.692831 7.692831 7.692831 0.114401 0.114401 0.114401
2070 7.692831 7.692831 7.692831 0.114401 0.114401 0.114401
2080 7.692831 7.692831 7.692831 0.114401 0.114401 0.114401
2090 7.692831 7.692831 7.692831 0.114401 0.114401 0.114401
2100 7.692831 7.692831 7.692831 0.114401 0.114401 0.114401
2110 7.692831 7.692831 7.692831 0.114401 0.114401 0.114401
2120 7.692831 7.692831 7.692831 0.114401 0.114401 0.114401
2130 7.692831 7.692831 7.692831 0.114401 0.114401 0.114401
2140 7.692831 7.692831 7.692831 0.114401 0.114401 0.114401
2150 7.692831 7.692831 7.692831 0.114401 0.114401 0.114401
2160 7.692831 7.692831 7.692831 0.114401 0.114401 0.114401
2170 7.692831 7.692831 7.692831 0.114401 0.114401 0.114401
2180 7.692831 7.692831 7.692831 0.114401 0.114401 0.114401
2190 7.692831 7.692831 7.692831 0.114401 0.114401 0.114401
2200 7.692831 7.692831 7.692831 0.114401 0.114401 0.114401
2210 7.692831 7.692831 7.692831 0.114401 0.114401 0.114401
2220 7.692831 7.692831 7.692831 0.114401 0.114401 0.114401
2230 7.692831 7.692831 7.692831 0.114401 0.114401 0.114401
2240 7.692831 7.692831 7.692831 0.114401 0.114401 0.114401
2250 7.692831 7.692831 7.692831 0.114401 0.114401 0.114401
2260 7.692831 7.692831 7.692831 0.114401 0.114401 0.114401
2270 7.692831 7.692831 7.692831 0.114401 0.114401 0.114401
2280 7.692831 7.692831 7.692831 0.114401 0.114401 0.114401
2290 7.692831 7.692831 7.692831 0.114401 0.114401 0.114401
2300 7.692831 7.692831 7.692831 0.114401 0.114401 0.114401
2310 7.692831 7.692831 7.692831 0.114401 0.114401 0.114401
2320 7.692831 7.692831 7.692831 0.114401 0.114401 0.114401
2330 7.692831 7.692831 7.692831 0.114401 0.114401 0.114401
2340 7.692831 7.692831 7.692831 0.114401 0.114401 0.114401
2350 7.692831 7.692831 7.692831 0.114401 0.114401 0.114401
2360 7.692831 7.692831 7.692831 0.114401 0.114401 0.114401
2370 7.692831 7.692831 7.692831 0.114401 0.114401 0.114401
2380 7.692831 7.692831 7.692831 0.114401 0.114401 0.114401
2390 7.692831 7.692831 7.692831 0.114401 0.114401 0.114401
2400 7.692831 7.692831 7.692831 0.114401 0.114401 0.114401
2410 7.692831 7.692831 7.692831 0.114401 0.114401 0.114401
2420 7.692831 7.692831 7.692831 0.114401 0.114401 0.114401
2430 7.692831 7.692831 7.692831 0.114401 0.114401 0.114401
2440 7.692831 7.692831 7.692831 0.114401 0.114401 0.114401
2450 7.692831 7.692831 7.692831 0.114401 0.114401 0.114401
2460 7.692831 7.692831 7.692831 0.114401 0.114401 0.114401
2470 7.692831 7.692831 7.692831 0.114401 0.114401 0.114401
2480 7.692831 7.692831 7.692831 0.114401 0.114401 0.114401
2490 7.692831 7.692831 7.692831 0.114401 0.114401 0.114401
2500 7.692831 7.692831 7.692831 0.114401 0.114401 0.114401
2510 7.692831 7.692831 7.692831 0.114401 0.114401 0.114401
2520 7.692831 7.692831 7.692831 0.114401 0.114401 0.114401
2530 7.692831 7.692831 7.692831 0.114401 0.114401 0.114401
2540 7.692831 7.692831 7.692831 0.114401 0.114401 0.114401
2550 7.692831 7.692831 7.692831 0.114401 0.114401 0.114401
2560 7.692831 7.692831 7.692831 0.114401 0.114401 0.114401
2570 7.692831 7.692831 7.692831 0.114401 0.114401 0.114401
2580 7.692831 7.692831 7.692831 0.114401 0.114401 0.114401
2590 7.692831 7.692831 7.692831 0.114401 0.114401 0.114401
2600 7.692831 7.692831 7.692831 0.114401 0.114401 0.114401
2610 7.692831 7.692831 7.692831 0.114401 0.114401 0.114401
2620 7.692831 7.692831 7.692831 0.114401 0.114401 0.114401
2630 7.692831 7.692831 7.692831 0.114401 0.114401 0.114401
2640 7.692831 7.692831 7.692831 0.114401 0.114401 0.114401
2650 7.692831 7.692831 7.692831 0.114401 0.114401 0.114401
2660 7.692831 7.692831 7.692831 0.114401 0.114401 0.114401
2670 7.692831 7.692831 7.692831 0.114401 0.114401 0.114401
2680 7.692831 7.692831 7.692831 0.114401 0.114401 0.114401
2690 7.692831 7.692831 7.692831 0.114401 0.114401 0.114401
2700 7.692831 7.692831 7.692831 0.114401 0.114401 0.114401
2710 7.692831 7.692831 7.692831 0.114401 0.114401 0.114401
2720 7.692831 7.692831 7.692831 0.114401 0.114401 0.114401
2730 7.692831 7.692831 7.692831 0.114401 0.114401 0.114401
2740 7.692831 7.692831 7.692831 0.114401 0.114401 0.114401
2750 7.692831 7.692831 7.692831 0.114401 0.114401 0.114401
2760 7.692831 7.692831 7.692831 0.114401 0.114401 0.114401
2770 7.692831 7.692831 7.692831 0.114401 0.114401 0.114401
2780 7.692831 7.692831 7.692831 0.114401 0.114401 0.114401
2790 7.692831 7.692831 7.692831 0.114401 0.114401 0.114401
2800 7.692831 7.692831 7.692831 0.114401 0.114401 0.114401
2810 7.692831 7.692831 7.692831 0.114401 0.114401 0.114401
2820 7.692831 7.692831 7.692831 0.114401 0.114401 0.114401
2830 7.692831 7.692831 7.692831 0.114401 0.114401 0.114401
2840 7.692831 7.692831 7.692831 0.114401 0.114401 0.114401
2850 7.692831 7.692831 7.692831 0.114401 0.114401 0.114401
2860 7.692831 7.692831 7.692831 0.114401 0.114401 0.114401
2870 7.692831 7.692831 7.692831 0.114401 0.114401 0.114401
2880 7.692831 7.692831 7.692831 0.114401 0.114401 0.114401
2890 7.692831 7.692831 7.692831 0.114401 0.114401 0.114401
2900 7.692831 7.692831 7.692831 0.114401 0.114401 0.114401
2910 7.692831 7.692831 7.692831 0.114401 0.114401 0.114401
2920 7.692831 7.692831 7.692831 0.114401 0.114401 0.114401
2930 7.692831 7.692831 7.692831 0.114401 0.114401 0.114401
2940 7.692831 7.692831 7.692831 0.114401 0.114401 0.114401
2950 7.692831 7.692831 7.692831 0.114401 0.114401 0.114401
2960 7.692831 7.692831 7.692831 0.114401 0.114401 0.114401
2970 7.692831 7.692831 7.692831 0.114401 0.114401 0.114401
2980 7.692831 7.692831 7.692831 0.114401 0.114401 0.114401
2990 7.692831 7.692831 7.692831 0.114401 0.114401 0.114401
3000 7.692831 7.692831 7.692831 0.114401 0.114401 0.114401
3010 7.692831 7.692831 7.692831 0.114401 0.114401 0.114401
3020 7.692831 7.692831 7.692831 0.114401 0.114401 0.114401
3030 7.692831 7.692831 7.692831 0.114401 0.114401 0.114401
3040 7.692831 7.692831 7.692831 0.114401 0.114401 0.114401
3050 7.692831 7.692831 7.692831 0.114401 0.114401 0.114401
3060 7.692831 7.692831 7.692831 0.114401 0.114401 0.114401
3070 7.692831 7.692831 7.692831 0.114401 0.114401 0.114401
3080 7.692831 7.692831 7.692831 0.114401 0.114401 0.114401
3090 7.692831 7.692831 7.692831 0.114401 0.114401 0.114401
3100 7.692831 7.692831 7.692831 0.114401 0.114401 0.114401
3110 7.692831 7.692831 7.692831 0.114401 0.114401 0.114401
3120 7.692831 7.692831 7.692831 0.114401 0.114401 0.114401
3130 7.692831 7.692831 7.692831 0.114401 0.114401 0.114401
3140 7.692831 7.692831 7.692831 0.114401 0.114401 0.114401
3150 7.692831 7.692831 7.692831 0.114401 0.114401 0.114401
3160 7.692831 7.692831 7.692831 0.114401 0.114401 0.114401
3170 7.692831 7.692831 7.692831 0.114401 0.114401 0.114401
3180 7.692831 7.692831 7.692831 0.114401 0.114401 0.114401
3190 7.692831 7.692831 7.692831 0.114401 0.114401 0.114401
3200 7.692831 7.692831 7.692831 0.114401 0.114401 0.114401
3210 7.692831 7.692831 7.692831 0.114401 0.114401 0.114401
3220 7.692831 7.692831 7.692831 0.114401 0.114401 0.114401
3230 7.692831 7.692831 7.692831 0.114401 0.114401 0.114401
3240 7.692831 7.692831 7.692831 0.114401 0.114401 0.114401
3250 7.692831 7.692831 7.692831 0.114401 0.114401 0.114401
3260 7.692831 7.692831 7.692831 0.114401 0.114401 0.114401
3270 7.692831 7.692831 7.692831 0.114401 0.114401 0.114401
3280 7.692831 7.692831 7.692831 0.114401 0.114401 0.114401
3290 7.692831 7.692831 7.692831 0.114401 0.114401 0.114401
3300 7.692831 7.692831 7.692831 0.114401 0.114401 0.114401
3310 7.692831 7.692831 7.692831 0.114401 0.114401 0.114401
3320 7.692831 7.692831 7.692831 0.114401 0.114401 0.114401
3330 7.692831 7.692831 7.692831 0.114401 0.114401 0.114401
3340 7.692831 7.692831 7.692831 0.114401 0.114401 0.114401
3350 7.692831 7.692831 7.692831 0.114401 0.114401 0.114401
3360 7.692831 7.692831 7.692831 0.114401 0.114401 0.114401
3370 7.692831 7.692831 7.692831 0.114401 0.114401 0.114401
3380 7.692831 7.692831 7.692831 0.114401 0.114401 0.114401
3390 7.692831 7.692831 7.692831 0.114401 0.114401 0.114401
3400 7.692831 7.692831 7.692831 0.114401 0.114401 0.114401
3410 7.692831 7.692831 7.692831 0.114401 0.114401 0.114401
3420 7.692831 7.692831 7.692831 0.114401 0.114401 0.114401
3430 7.692831 7.692831 7.692831 0.114401 0.114401 0.114401
3440 7.692831 7.692831 7.692831 0.114401 0.114401 0.114401
3450 7.692831 7.692831 7.692831 0.114401 0.114401 0.114401
3460 7.692831 7.692831 7.692831 0.114401 0.114401 0.114401
3470 7.692831 7.692831 7.692831 0.114401 0.114401 0.114401
3480 7.692831 7.692831 7.692831 0.114401 0.114401 0.114401
3490 7.692831 7.692831 7.692831 0.114401 0.114401 0.114401
3500 7.692831 7.692831 7.692831 0.114401 0.114401 0.114401
3510 7.692831 7.692831 7.692831 0.114401 0.114401 0.114401
3520 7.692831 7.692831 7.692831 0.114401 0.114401 0.114401
3530 7.692831 7.692831 7.692831 0.114401 0.114401 0.114401
3540 7.692831 7.692831 7.692831 0.114401 0.114401 0.114401
3550 7.692831 7.692831 7.692831 0.114401 0.114401 0.114401
3560 7.692831 7.692831 7.692831 0.114401 0.114401 0.114401
3570 7.692831 7.692831 7.692831 0.114401 0.114401 0.114401
3580 7.692831 7.692831 7.692831 0.114401 0.114401 0.114401
3590 7.692831 7.692831 7.692831 0.114401 0.114401 0.114401
3600 7.692831 7.692831 7.692831 0.114401 0.114401 0.114401
3610 7.692831 7.692831 7.692831 0.114401 0.114401 0.114401
3620 7.692831 7.692831 7.692831 0.114401 0.114401 0.114401
3630 7.692831 7.692831 7.692831 0.114401 0.114401 0.114401
3640 7.692831 7.692831 7.692831 0.114401 0.114401 0.114401
3650 7.692831 7.692831 7.692831 0.114401 0.114401 0.114401
3660 7.692831 7.692831 7.692831 0.114401 0.114401 0.114401
3670 7.692831 7.692831 7.692831 0.114401 0.114401 0.114401
3680 7.692831 7.692831 7.692831 0.114401 0.114401 0.114401
3690 7.692831 7.692831 7.692831 0.114401 0.114401 0.114401
3700 7.692831 7.692831 7.692831 0.114401 0.114401 0.114401
3710 7.692831 7.692831 7.692831 0.114401 0.114401 0.114401
3720 7.692831 7.692831 7.692831 0.114401 0.114401 0.114401
3730 7.692831 7.692831 7.692831 0.114401 0.114401 0.114401
3740 7.692831 7.692831 7.692831 0.114401 0.114401 0.114401
3750 7.692831 7.692831 7.692831 0.114401 0.114401 0.114401
3760 7.692831 7.692831 7.692831 0.114401 0.114401 0.114401
3770 7.692831 7.692831 7.692831 0.114401 0.114401 0.114401
3780 7.692831 7.692831 7.692831 0.114401 0.114401 0.114401
3790 7.692831 7.692831 7.692831 0.114401 0.114401 0.114401
3800 7.692831 7.692831 7.692831 0.114401 0.114401 0.114401
3810 7.692831 7.692831 7.692831 0.114401 0.114401 0.114401
3820 7.692831 7.692831 7.692831 0.114401 0.114401 0.114401
3830 7.692831 7.692831 7.692831 0.114401 0.114401 0.114401
3840 7.692831 7.692831 7.692831 0.114401 0.114401 0.114401
3850 7.692831 7.692831 7.692831 0.114401 0.114401 0.114401
3860 7.692831 7.692831 7.692831 0.114401 0.114401 0.114401
3870 7.692831 7.692831 7.692831 0.114401 0.114401 0.114401
3880 7.692831 7.692831 7.692831 0.114401 0.114401 0.114401
3890 7.692831 7.692831 7.692831 0.114401 0.114401 0.114401
3900 7.692831 7.692831 7.692831 0.114401 0.114401 0.114401
3910 7.692831 7.692831 7.692831 0.114401 0.114401 0.114401
3920 7.692831 7.692831 7.692831 0.114401 0.114401 0.114401
3930 7.692831 7.692831 7.692831 0.114401 0.114401 0.114401
3940 7.692831 7.692831 7.692831 0.114401 0.114401 0.114401
3950 7.692831 7.692831 7.692831 0.114401 0.114401 0.114401
3960 7.692831 7.692831 7.692831 0.114401 0.114401 0.114401
3970 7.692831 7.692831 7.692831 0.114401 0.114401 0.114401
3980 7.692831 7.692831 7.692831 0.114401 0.114401 0.114401
3990 7.692831 7.692831 7.692831 0.114401 0.114401 0.114401
4000 7.692831 7.692831 7.692831 0.114401 0.114401 0.114401
4010 7.692831 7.692831 7.692831 0.114401 0.114401 0.114401
4020 7.692831 7.692831 7.692831 0.114401 0.114401 0.114401
4030 7.692831 7.692831 7.692831 0.114401 0.114401 0.114401
4040 7.692831 7.692831 7.692831 0.114401 0.114401 0.114401
4050 7.692831 7.692831 7.692831 0.114401 0.114401 0.114401
4060 7.692831 7.692831 7.692831 0.114401 0.114401 0.114401
4070 7.692831 7.692831 7.692831 0.114401 0.114401 0.114401
4080 7.692831 7.692831 7.692831 0.114401 0.114401 0.114401
4090 7.692831 7.692831 7.692831 0.114401 0.114401 0.114401
4100 7.692831 7.692831 7.692831 0.114401 0.114401 0.114401
4110 7.692831 7.692831 7.692831 0.114401 0.114401 0.114401
4120 7.692831 7.692831 7.692831 0.114401 0.114401 0.114401
4130 7.692831 7.692831 7.692831 0.114401 0.114401 0.114401
4140 7.692831 7.692831 7.692831 0.114401 0.114401 0.114401
4150 7.692831 7.692831 7.692831 0.114401 0.114401 0.114401
4160 7.692831 7.692831 7.692831 0.114401 0.114401 0.114401
4170 7.692831 7.692831 7.692831 0.114401 0.114401 0.114401
4180 7.692831 7.692831 7.692831 0.114401 0.114401 0.114401
4190 7.692831 7.692831 7.692831 0.114401 0.114401 0.114401
4200 7.692831 7.692831 7.692831 0.114401 0.114401 0.114401
4210 7.692831 7.692831 7.692831 0.114401 0.114401 0.114401
4220 7.692831 7.692831 7.692831 0.114401 0.114401 0.114401
4230 7.692831 7.692831 7.692831 0.114401 0.114401 0.114401
4240 7.692831 7.692831 7.692831 0.114401 0.114401 0.114401
4250 7.692831 7.692831 7.692831 0.114401 0.114401 0.114401
4260 7.692831 7.692831 7.692831 0.114401 0.114401 0.114401
4270 7.692831 7.692831 7.692831 0.114401 0.114401 0.114401
4280 7.692831 7.692831 7.692831 0.114401 0.114401 0.114401
4290 7.692831 7.692831 7.692831 0.114401 0.114401 0.114401
4300 7.692831 7.692831 7.692831 0.114401 0.114401 0.114401
4310 7.692831 7.692831 7.692831 0.114401 0.114401 0.114401
4320 7.692831 7.692831 7.692831 0.114401 0.114401 0.114401
4330 7.692831 7.692831 7.692831 0.114401 0.114401 0.114401
4340 7.692831 7.692831 7.692831 0.114401 0.114401 0.114401
4350 7.692831 7.692831 7.692831 0.114401 0.114401 0.114401
4360 7.692831 7.692831 7.692831 0.114401 0.114401 0.114401
4370 7.692831 7.692831 7.692831 0.114401 0.114401 0.114401
4380 7.692831 7.692831 7.692831 0.114401 0.114401 0.114401
4390 7.692831 7.692831 7.692831 0.114401 0.114401 0.114401
4400 7.692831 7.692831 7.692831 0.114401 0.114401 0.114401
4410 7.692831 7.692831 7.692831 0.114401 0.114401 0.114401
4420 7.692831 7.692831 7.692831 0.114401 0.114401 0.114401
4430 7.692831 7.692831 7.692831 0.114401 0.114401 0.114401
4440 7.692831 7.692831 7.692831 0.114401 0.114401 0.114401
4450 7.692831 7.692831 7.692831 0.114401 0.114401 0.114401
4460 7.692831 7.692831 7.692831 0.114401 0.114401 0.114401
4470 7.692831 7.692831 7.692831 0.114401 0.114401 0.114401
4480 7.692831 7.692831 7.692831 0.114401 0.114401 0.114401
4490 7.692831 7.692831 7.692831 0.114401 0.114401 0.114401
4500 7.692831 7.692831 7.692831 0.114401 0.114401 0.114401
4510 7.692831 7.692831 7.692831 0.114401 0.114401 0.114401
4520 7.692831 7.692831 7.692831 0.114401 0.114401 0.114401
4530 7.692831 7.692831 7.692831 0.114401 0.114401 0.114401
4540 7.692831 7.692831 7.692831 0.114401 0.114401 0.114401
4550 7.692831 7.692831 7.692831 0.114401 0.114401 0.114401
4560 7.692831 7.692831 7.692831 0.114401 0.114401 0.114401
4570 7.692831 7.692831 7.692831 0.114401 0.114401 0.114401
4580 7.692831 7.692831 7.692831 0.114401 0.114401 0.114401
4590 7.692831 7.692831 7.692831 0.114401 0.114401 0.114401
4600 7.692831 7.692831 7.692831 0.114401 0.114401 0.114401
4610 7.692831 7.692831 7.692831 0.114401 0.114401 0.114401
4620 7.692831 7.692831 7.692831 0.114401 0.114401 0.114401
4630 7.692831 7.692831 7.692831 0.114401 0.114401 0.114401
4640 7.692831 7.692831 7.692831 0.114401 0.114401 0.114401
4650 7.692831 7.692831 7.692831 0.114401 0.114401 0.114401
4660 7.692831 7.692831 7.692831 0.114401 0.114401 0.114401
4670 7.692831 7.692831 7.692831 0.114401 0.114401 0.114401
4680 7.692831 7.692831 7.692831 0.114401 0.114401 0.114401
4690 7.692831 7.692831 7.692831 0.114401 0.114401 0.114401
4700 7.692831 7.692831 7.692831 0.114401 0.114401 0.114401
4710 7.692831 7.692831 7.692831 0.114401 0.114401 0.114401
4720 7.692831 7.692831 7.692831 0.114401 0.114401 0.114401
4730 7.692831 7.692831 7.692831 0.114401 0.114401 0.114401
4740 7.692831 7.692831 7.692831 0.114401 0.114401 0.114401
4750 7.692831 7.692831 7.692831 0.114401 0.114401 0.114401
4760 7.692831 7.692831 7.692831 0.114401 0.114401 0.114401
4770 7.692831 7.692831 7.692831 0.114401 0.114401 0.114401
4780 7.692831 7.692831 7.692831 0.114401 0.114401 0.114401
4790 7.692831 7.692831 7.692831 0.114401 0.114401 0.114401
4800 7.692831 7.692831 7.692831 0.114401 0.114401 0.114401
4810 7.692831 7.692831 7.692831 0.114401 0.114401 0.114401
4820 7.692831 7.692831 7.692831 0.114401 0.114401 0.114401
4830 7.692831 7.692831 7.692831 0.114401 0.114401 0.114401
4840 7.692831 7.692831 7.692831 0.114401 0.114401 0.114401
4850 7.692831 7.692831 7.692831 0.114401 0.114401 0.114401
4860 7.692831 7.692831 7.692831 0.114401 0.114401 0.114401
4870 7.692831 7.692831 7.692831 0.114401 0.114401 0.114401
4880 7.692831 7.692831 7.692831 0.114401 0.114401 0.114401
4890 7.692831 7.692831 7.692831 0.114401 0.114401 0.114401
4900 7.692831 7.692831 7.692831 0.114401 0.114401 0.114401
4910 7.692831 7.692831 7.692831 0.114401 0.114401 0.114401
4920 7.692831 7.692831 7.692831 0.114401 0.114401 0.114401
4930 7.692831 7.692831 7.692831 0.114401 0.114401 0.114401
4940 7.692831 7.692831 7.692831 0.114401 0.114401 0.114401
4950 7.692831 7.692831 7.692831 0.114401 0.114401 0.114401
4960 7.692831 7.692831 7.692831 0.114401 0.114401 0.114401
4970 7.692831 7.692831 7.692831 0.114401 0.114401 0.114401
4980 7.692831 7.692831 7.692831 0.114401 0.114401 0.114401
4990 7.692831 7.692831 7.692831 0.114401 0.114401 0.114401
5000 7.692831 7.692831 7.692831 0.114401 0.114401 0.114401
5010 7.692831 7.692831 7.692831 0.114401 0.114401 0.114401
5020 7.692831 7.692831 7.692831 0.114401 0.114401 0.114401
5030 7.692831 7.692831 7.692831 0.114401 0.114401 0.114401
5040 7.692831 7.692831 7.692831 0.114401 0.114401 0.114401
5050 7.692831 7.692831 7.692831 0.114401 0.114401 0.114401
5060 7.692831 7.692831 7.692831 0.114401 0.114401 0.114401
5070 7.692831 7.692831 7.692831 0.114401 0.114401 0.114401
5080 7.692831 7.692831 7.692831 0.114401 0.114401 0.114401
5090 7.692831 7.692831 7.692831 0.114401 0.114401 0.114401
5100 7.692831 7.692831 7.692831 0.114401 0.114401 0.114401
5110 7.692831 7.692831 7.692831 0.114401 0.114401 0.114401
5120 7.692831 7.692831 7.692831 0.114401 0.114401 0.114401
5130 7.692831 7.692831 7.692831 0.114401 0.114401 0.114401
5140 7.692831 7.692831 7.692831 0.114401 0.114401 0.114401
5150 7.692831 7.692831 7.692831 0.114401 0.114401 0.114401
5160 7.692831 7.692831 7.692831 0.114401 0.114401 0.114401
5170 7.692831 7.692831 7.692831 0.114401 0.114401 0.114401
5180 7.692831 7.692831 7.692831 0.114401 0.114401 0.114401
5190 7.692831 7.692831 7.692831 0.114401 0.114401 0.114401
5200 7.692831 7.692831 7.692831 0.114401 0.114401 0.114401
5210 7.692831 7.692831 7.692831 0.114401 0.114401 0.114401
5220 7.692831 7.692831 7.692831 0.114401 0.114401 0.114401
5230 7.692831 7.692831 7.692831 0.114401 0.114401 0.114401
5240 7.692831 7.692831 7.692831 0.114401 0.114401 0.114401
5250 7.692831 7.692831 7.692831 0.114401 0.114401 0.114401
5260 7.692831 7.692831 7.692831 0.114401 0.114401 0.114401
5270 7.692831 7.692831 7.692831 0.114401 0.114401 0.114401
5280 7.692831 7.692831 7.692831 0.114401 0.114401 0.114401
5290 7.692831 7.692831 7.692831 0.114401 0.114401 0.114401
5300 7.692831 7.692831 7.692831 0.114401 0.114401 0.114401
5310 7.692831 7.692831 7.692831 0.114401 0.114401 0.114401
5320 7.692831 7.692831 7.692831 0.114401 0.114401 0.114401
5330 7.692831 7.692831 7.692831 0.114401 0.114401 0.114401
5340 7.692831 7.692831 7.692831 0.114401 0.114401 0.114401
5350 7.692831 7.692831 7.692831 0.114401 0.114401 0.114401
5360 7.692831 7.692831 7.692831 0.114401 0.114401 0.114401
5370 7.692831 7.692831 7.692831 0.114401 0.114401 0.114401
5380 7.692831 7.692831 7.692831 0.114401 0.114401 0.114401
5390 7.692831 7.692831 7.692831 0.114401 0.114401 0.114401
5400 7.692831 7.692831 7.692831 0.114401 0.114401 0.114401
5410 7.692831 7.692831 7.692831 0.114401 0.114401 0.114401
5420 7.692831 7.692831 7.692831 0.114401 0.114401 0.114401
5430 7.692831 7.692831 7.692831 0.114401 0.114401 0.114401
5440 7.692831 7.692831 7.692831 0.114401 0.114401 0.114401
5450 7.692831 7.692831 7.692831 0.114401 0.114401 0.114401
5460 7.692831 7.692831 7.692831 0.114401 0.114401 0.114401
5470 7.692831 7.692831 7.692831 0.114401 0.114401 0.114401
5480 7.692831 7.692831 7.692831 0.114401 0.114401 0.114401
5490 7.692831 7.692831 7.692831 0.114401 0.114401 0.114401
5500 7.692831 7.692831 7.692831 0.114401 0.114401 0.114401
5510 7.692831 7.692831 7.692831 0.114401 0.114401 0.114401
5520 7.692831 7.692831 7.692831 0.114401 0.114401 0.114401
5530 7.692831 7.692831 7.692831 0.114401 0.114401 0.114401
5540 7.692831 7.692831 7.692831 0.114401 0.114401 0.114401
5550 7.692831 7.692831 7.692831 0.114401 0.114401 0.114401
5560 7.692831 7.692831 7.692831 0.114401 0.114401 0.114401
5570 7.692831 7.692831 7.692831 0.114401 0.114401 0.114401
5580 7.692831 7.692831 7.692831 0.114401 0.114401 0.114401
5590 7.692831 7.692831 7.692831 0.114401 0.114401 0.114401
5600 7.692831 7.692831 7.692831 0.114401 0.114401 0.114401
5610 7.692831 7.692831 7.692831 0.114401 0.114401 0.114401
5620 7.692831 7.692831 7.692831 0.114401 0.114401 0.114401
5630 7.692831 7.692831 7.692831 0.114401 0.114401 0.114401
5640 7.692831 7.692831 7.692831 0.114401 0.114401 0.114401
5650 7.692831 7.692831 7.692831 0.114401 0.114401 0.114401
5660 7.692831 7.692831 7.692831 0.114401 0.114401 0.114401
5670 7.692831 7.692831 7.692831 0.114401 0.114401 0.114401
5680 7.692831 7.692831 7.692831 0.114401 0.114401 0.114401
5690 7.692831 7.692831 7.692831 0.114401 0.114401 0.114401
5700 7.692831 7.692831 7.692831 0.114401 0.114401 0.114401
5710 7.692831 7.692831 7.692831 0.114401 0.114401 0.114401
5720 7.692831 7.692831 7.692831 0.114401 0.114401 0.114401
5730 7.692831 7.692831 7.692831 0.114401 0.114401 0.114401
5740 7.692831 7.692831 7.692831 0.114401 0.114401 0.114401
5750 7.692831 7.692831 7.692831 0.114401 0.114401 0.114401
5760 7.692831 7.692831 7.692831 0.114401 0.114401 0.114401
5770 7.692831 7.692831 7.692831 0.114401 0.114401 0.114401
5780 7.692831 7.692831 7.692831 0.114401 0.114401 0.114401
5790 7.692831 7.692831 7.692831 0.114401 0.114401 0.114401
5800 7.692831 7.692831 7.692831 0.114401 0.114401 0.114401
5810 7.692831 7.692831 7.692831 0.114401 0.114401 0.114401
5820 7.692831 7.692831 7.692831 0.114401 0.114401 0.114401
5830 7.692831 7.692831 7.692831 0.114401 0.114401 0.114401
5840 7.692831 7.692831 7.692831 0.114401 0.114401 0.114401
5850 7.692831 7.692831 7.692831 0.114401 0.114401 0.114401
5860 7.692831 7.692831 7.692831 0.114401 0.114401 0.114401
5870 7.692831 7.692831 7.692831 0.114401 0.114401 0.114401
5880 7.692831 7.692831 7.692831 0.114401 0.114401 0.114401
5890 7.692831 7.692831 7.692831 0.114401 0.114401 0.114401
5900 7.692831 7.692831 7.692831 0.114401 0.114401 0.114401
5910 7.692831 7.692831 7.692831 0.114401 0.114401 0.114401
5920 7.692831 7.692831 7.692831 0.114401 0.114401 0.114401
5930 7.692831 7.692831 7.692831 0.114401 0.114401 0.114401
5940 7.692831 7.692831 7.692831 0.114401 0.114401 0.114401
5950 7.692831 7.692831 7.692831 0.114401 0.114401 0.114401
5960 7.692831 7.692831 7.692831 0.114401 0.114401 0.114401
5970 7.692831 7.692831 7.692831 0.114401 0.114401 0.114401
5980 7.692831 7.692831 7.692831 0.114401 0.114401 0.114401
5990 7.692831 7.692831 7.692831 0.114401 0.114401 0.114401
6000 7.692831 7.692831 7.692831 0.114401 0.114401 0.114401
6010 7.692831 7.692831 7.692831 0.114401 0.114401 0.114401
6020 7.692831 7.692831 7.692831 0.114401 0.114401 0.114401
6030 7.692831 7.692831 7.692831 0.114401 0.114401 0.114401
6040 7.692831 7.692831 7.692831 0.114401 0.114401 0.114401
6050 7.692831 7.692831 7.692831 0.114401 0.114401 0.114401
6060 7.692831 7.692831 7.692831 0.114401 0.114401 0.114401
6070 7.692831 7.692831 7.692831 0.114401 0.114401 0.114401
6080 7.692831 7.692831 7.692831 0.114401 0.114401 0.114401
6090 7.692831 7.692831 7.692831 0.114401 0.114401 0.114401
6100 7.692831 7.692831 7.692831 0.114401 0.114401 0.114401
6110 7.692831 7.692831 7.692831 0.114401 0.114401 0.114401
6120 7.692831 7.692831 7.692831 0.114401 0.114401 0.114401
6130 7.692831 7.692831 7.692831 0.114401 0.114401 0.114401
6140 7.692831 7.692831 7.692831 0.114401 0.114401 0.114401
6150 7.692831 7.692831 7.692831 0.114401 0.114401 0.114401
6160 7.692831 7.692831 7.692831 0.114401 0.114401 0.114401
6170 7.692831 7.692831 7.692831 0.114401 0.114401 0.114401
6180 7.692831 7.692831 7.692831 0.114401 0.114401 0.114401
6190 7.692831 7.692831 7.692831 0.114401 0.114401 0.114401
6200 7.692831 7.692831 7.692831 0.114401 0.114401 0.114401
6210 7.692831 7.692831 7.692831 0.114401 0.114401 0.114401
6220 7.692831 7.692831 7.692831 0.114401 0.114401 0.114401
6230 7.692831 7.692831 7.692831 0.114401 0.114401 0.114401
6240 7.692831 7.692831 7.692831 0.114401 0.114401 0.114401
6250 7.692831 7.692831 7.692831 0.114401 0.114401 0.114401
6260 7.692831 7.692831 7.692831 0.114401 0.114401 0.114401
6270 7.692831 7.692831 7.692831 0.114401 0.114401 0.114401
6280 7.692831 7.692831 7.692831 0.114401 0.114401 0.114401
6290 7.692831 7.692831 7.692831 0.114401 0.114401 0.114401
6300 7.692831 7.692831 7.692831 0.114401 0.114401 0.114401
6310 7.692831 7.692831 7.692831 0.114401 0.114401 0.114401
6320 7.692831 7.692831 7.692831 0.114401 0.114401 0.114401
6330 7.692831 7.692831 7.692831 0.114401 0.114401 0.114401
6340 7.692831 7.692831 7.692831 0.114401 0.114401 0.114401
6350 7.692831 7.692831 7.692831 0.114401 0.114401 0.114401
6360 7.692831 7.692831 7.692831 0.114401 0.114401 0.114401
6370 7.692831 7.692831 7.692831 0.114401 0.114401 0.114401
6380 7.692831 7.692831 7.692831 0.114401 0.114401 0.114401
6390 7.692831 7.692831 7.692831 0.114401 0.114401 0.114401
6400 7.692831 7.692831 7.692831 0.114401 0.114401 0.114401
6410 7.692831 7.692831 7.692831 0.114401 0.114401 0.114401
6420 7.692831 7.692831 7.692831 0.114401 0.114401 0.114401
6430 7.692831 7.692831 7.692831 0.114401 0.114401 0.114401
6440 7.692831 7.692831 7.692831 0.114401 0.114401 0.114401
6450 7.692831 7.692831 7.692831 0.114401 0.114401 0.114401
6460 7.692831 7.692831 7.692831 0.114401 0.114401 0.114401
6470 7.692831 7.692831 7.692831 0.114401 0.114401 0.114401
6480 7.692831 7.692831 7.692831 0.114401 0.114401 0.114401
6490 7.692831 7.692831 7.692831 0.114401 0.114401 0.114401
6500 7.692831 7.692831 7.692831 0.114401 0.114401 0.114401
6510 7.692831 7.692831 7.692831 0.114401 0.114401 0.114401
6520 7.692831 7.692831 7.692831 0.114401 0.114401 0.114401
6530 7.692831 7.692831 7.692831 0.114401 0.114401 0.114401
6540 7.692831 7.692831 7.692831 0.114401 0.114401 0.114401
6550 7.692831 7.692831 7.692831 0.114401 0.114401 0.114401
6560 7.692831 7.692831 7.692831 0.114401 0.114401 0.114401
6570 7.692831 7.692831 7.692831 0.114401 0.114401 0.114401
6580 7.692831 7.692831 7.692831 0.114401 0.114401 0.114401
6590 7.692831 7.692831 7.692831 0.114401 0.114401 0.114401
6600 7.692831 7.692831 7.692831 0.114401 0.114401 0.114401
6610 7.692831 7.692831 7.692831 0.114401 0.114401 0.114401
6620 7.692831 7.692831 7.692831 0.114401 0.114401 0.114401
6630 7.692831 7.692831 7.692831 0.114401 0.114401 0.114401
6640 7.692831 7.692831 7.692831 0.114401 0.114401 0.114401
6650 7.692831 7.692831 7.692831 0.114401 0.114401 0.114401
6660 7.692831 7.692831 7.692831 0.114401 0.114401 0.114401
6670 7.692831 7.692831 7.692831 0.114401 0.114401 0.114401
6680 7.692831 7.692831 7.692831 0.114401 0.114401 0.114401
6690 7.692831 7.692831 7.692831 0.114401 0.114401 0.114401
6700 7.692831 7.692831 7.692831 0.114401 0.114401 0.114401
6710 7.692831 7.692831 7.692831 0.114401 0.114401 0.114401
6720 7.692831 7.692831 7.692831 0.114401 0.114401 0.114401
6730 7.692831 7.692831 7.692831 0.114401 0.114401 0.114401
6740 7.692831 7.692831 7.692831 0.114401 0.114401 0.114401
6750 7.692831 7.692831 7.692831 0.114401 0.114401 0.114401
6760 7.692831 7.692831 7.692831 0.114401 0.114401 0.114401
6770 7.692831 7.692831 7.692831 0.114401 0.114401 0.114401
6780 7.692831 7.692831 7.692831 0.114401 0.114401 0.114401
6790 7.692831 7.692831 7.692831 0.114401 0.114401 0.114401
6800 7.692831 7.692831 7.692831 0.114401 0.114401 0.114401
6810 7.692831 7.692831 7.692831 0.114401 0.114401 0.114401
6820 7.692831 7.692831 7.692831 0.114401 0.114401 0.114401
6830 7.692831 7.692831 7.692831 0.114401 0.114401 0.114401
6840 7.692831 7.692831 7.692831 0.114401 0.114401 0.114401
6850 7.692831 7.692831 7.692831 0.114401 0.114401 0.114401
6860 7.692831 7.692831 7.692831 0.114401 0.114401 0.114401
6870 7.692831 7.692831 7.692831 0.114401 0.114401 0.114401
6880 7.692831 7.692831 7.692831 0.114401 0.114401 0.114401
6890 7.692831 7.692831 7.692831 0.114401 0.114401 0.114401
6900 7.692831 7.692831 7.692831 0.114401 0.114401 0.114401
6910 7.692831 7.692831 7.692831 0.114401 0.114401 0.114401
6920 7.692831 7.692831 7.692831 0.114401 0.114401 0.114401
6930 7.692831 7.692831 7.692831 0.114401 0.114401 0.114401
6940 7.692831 7.692831 7.692831 0.114401 0.114401 0.114401
6950 7.692831 7.692831 7.692831 0.114401 0.114401 0.114401
6960 7.692831 7.692831 7.692831 0.114401 0.114401 0.114401
6970 7.692831 7.692831 7.692831 0.114401 0.114401 0.114401
6980 7.692831 7.692831 7.692831 0.114401 0.114401 0.114401
6990 7.692831 7.692831 7.692831 0.114401 0.114401 0.114401
7000 7.692831 7.692831 7.692831 0.114401 0.114401 0.114401
7010 7.692831 7.692831 7.692831 0.114401 0.114401 0.114401
7020 7.692831 7.692831 7.692831 0.114401 0.114401 0.114401
7030 7.692831 7.692831 7.692831 0.114401 0.114401 0.114401
7040 7.692831 7.692831 7.692831 0.114401 0.114401 0.114401
7050 7.692831 7.692831 7.692831 0.114401 0.114401 0.114401
7060 7.692831 7.692831 7.692831 0.114401 0.114401 0.114401
7070 7.692831 7.692831 7.692831 0.114401 0.114401 0.114401
7080 7.692831 7.692831 7.692831 0.114401 0.114401 0.114401
7090 7.692831 7.692831 7.692831 0.114401 0.114401 0.114401
7100 7.692831 7.692831 7.692831 0.114401 0.114401 0.114401
7110 7.692831 7.692831 7.692831 0.114401 0.114401 0.114401
7120 7.692831 7.692831 7.692831 0.114401 0.114401 0.114401
7130 7.692831 7.692831 7.692831 0.114401 0.114401 0.114401
7140 7.692831 7.692831 7.692831 0.114401 0.114401 0.114401
7150 7.692831 7.692831 7.692831 0.114401 0.114401 0.114401
7160 7.692831 7.692831 7.692831 0.114401 0.114401 0.114401
7170 7.692831 7.692831 7.692831 0.114401 0.114401 0.114401
7180 7.692831 7.692831 7.692831 0.114401 0.114401 0.114401
7190 7.692831 7.692831 7.692831 0.114401 0.114401 0.114401
7200 7.692831 7.692831 7.692831 0.114401 0.114401 0.114401
7210 7.692831 7.692831 7.692831 0.114401 0.114401 0.114401
7220 7.692831 7.692831 7.692831 0.114401 0.114401 0.114401
7230 7.692831 7.692831 7.692831 0.114401 0.114401 0.114401
7240 7.692831 7.692831 7.692831 0.114401 0.114401 0.114401
7250 7.692831 7.692831 7.692831 0.114401 0.114401 0.114401
7260 7.692831 7.692831 7.692831 0.114401 0.114401 0.114401
7270 7.692831 7.692831 7.692831 0.114401 0.114401 0.114401
7280 7.692831 7.692831 7.692831 0.114401 0.114401 0.114401
7290 7.692831 7.692831 7.692831 0.114401 0.114401 0.114401
7300 7.692831 7.692831 7.692831 0.114401 0.114401 0.114401
7310 7.692831 7.692831 7.692831 0.114401 0.114401 0.114401
7320 7.692831 7.692831 7.692831 0.114401 0.114401 0.114401
7330 7.692831 7.692831 7.692831 0.114401 0.114401 0.114401
7340 7.692831 7.692831 7.692831 0.114401 0.114401 0.114401
7350 7.692831 7.692831 7.692831 0.114401 0.114401 0.114401
7360 7.692831 7.692831 7.692831 0.114401 0.114401 0.114401
7370 7.692831 7.692831 7.692831 0.114401 0.114401 0.114401
7380 7.692831 7.692831 7.692831 0.114401 0.114401 0.114401
7390 7.692831 7.692831 7.692831 0.114401 0.114401 0.114401
7400 7.692831 7.692831 7.692831 0.114401 0.114401 0.114401
7410 7.692831 7.692831 7.692831 0.114401 0.114401 0.114401
7420 7.692831 7.692831 7.692831 0.114401 0.114401 0.114401
7430 7.692831 7.692831 7.692831 0.114401 0.114401 0.114401
7440 7.692831 7.692831 7.692831 0.114401 0.114401 0.114401
7450 7.692831 7.692831 7.692831 0.114401 0.114401 0.114401
7460 7.692831 7.692831 7.692831 0.114401 0.114401 0.114401
7470 7.692831 7.692831 7.692831 0.114401 0.114401 0.114401
7480 7.692831 7.692831 7.692831 0.114401 0.114401 0.114401
7490 7.692831 7.692831 7.692831 0.114401 0.114401 0.114401
7500 7.692831 7.692831 7.692831 0.114401 0.114401 0.114401
7510 7.692831 7.692831 7.692831 0.114401 0.114401 0.114401
7520 7.692831 7.692831 7.692831 0.114401 0.114401 0.114401
7530 7.692831 7.692831 7.692831 0.114401 0.114401 0.114401
7540 7.692831 7.692831 7.692831 0.114401 0.114401 0.114401
7550 7.692831 7.692831 7.692831 0.114401 0.114401 0.114401
7560 7.692831 7.692831 7.692831 0.114401 0.114401 0.114401
7570 7.692831 7.692831 7.692831 0.114401 0.114401 0.114401
7580 7.692831 7.692831 7.692831 0.114401 0.114401 0.114401
7590 7.692831 7.692831 7.692831 0.114401 0.114401 0.114401
7600 7.692831 7.692831 7.692831 0.114401 0.114401 0.114401
7610 7.692831 7.692831 7.692831 0.114401 0.114401 0.114401
7620 7.692831 7.692831 7.692831 0.114401 0.114401 0.114401
7630 7.692831 7.692831 7.692831 0.114401 0.114401 0.114401
7640 7.692831 7.692831 7.692831 0.114401 0.114401 0.114401
7650 7.692831 7.692831 7.692831 0.114401 0.114401 0.114401
7660 7.692831 7.692831 7.692831 0.114401 0.114401 0.114401
7670 7.692831 7.692831 7.692831 0.114401 0.114401 0.114401
7680 7.692831 7.692831 7.692831 0.114401 0.114401 0.114401
7690 7.692831 7.692831 7.692831 0.114401 0.114401 0.114401
7700 7.692831 7.692831 7.692831 0.114401 0.114401 0.114401
7710 7.692831 7.692831 7.692831 0.114401 0.114401 0.114401
7720 7.692831 7.692831 7.692831 0.114401 0.114401 0.114401
7730 7.692831 7.692831 7.692831 0.114401 0.114401 0.114401
7740 7.692831 7.692831 7.692831 0.114401 0.114401 0.114401
7750 7.692831 7.692831 7.692831 0.114401 0.114401 0.114401
7760 7.692831 7.692831 7.692831 0.114401 0.114401 0.114401
7770 7.692831 7.692831 7.692831 0.114401 0.114401 0.114401
7780 7.692831 7.692831 7.692831 0.114401 0.114401 0.114401
7790 7.692831 7.692831 7.692831 0.114401 0.114401 0.114401
7800 7.692831 7.692831 7.692831 0.114401 0.114401 0.114401
7810 7.692831 7.692831 7.692831 0.114401 0.114401 0.114401
7820 7.692831 7.692831 7.692831 0.114401 0.114401 0.114401
7830 7.692831 7.692831 7.692831 0.114401 0.114401 0.114401
7840 7.692831 7.692831 7.692831 0.114401 0.114401 0.114401
7850 7.692831 7.692831 7.692831 0.114401 0.114401 0.114401
7860 7.692831 7.692831 7.692831 0.114401 0.114401 0.114401
7870 7.692831 7.692831 7.692831 0.114401 0.114401 0.114401
7880 7.692831 7.692831 7.692831 0.114401 0.114401 0.114401
7890 7.692831 7.692831 7.692831 0.114401 0.114401 0.114401
7900 7.692831 7.692831 7.692831 0.114401 0.114401 0.114401
7910 7.692831 7.692831 7.692831 0.114401 0.114401 0.114401
7920 7.692831 7.692831 7.692831 0.114401 0.114401 0.114401
7930 7.692831 7.692831 7.692831 0.114401 0.114401 0.114401
7940 7.692831 7.692831 7.692831 0.114401 0.114401 0.114401
7950 7.692831 7.692831 7.692831 0.114401 0.114401 0.114401
7960 7.692831 7.692831 7.692831 0.114401 0.114401 0.114401
7970 7.692831 7.692831 7.692831 0.114401 0.114401 0.114401
7980 7.692831 7.692831 7.692831 0.114401 0.114401 0.114401
7990 7.692831 7.692831 7.692831 0.114401 0.114401 0.114401
8000 7.692831 7.692831 7.692831 0.114401 0.114401 0.114401
8010 7.692831 7.692831 7.692831 0.114401 0.114401 0.114401
8020 7.692831 7.692831 7.692831 0.114401 0.114401 0.114401
8030 7.692831 7.692831 7.692831 0.114401 0.114401 0.114401
8040 7.692831 7.692831 7.692831 0.114401 0.114401 0.114401
8050 7.692831 7.692831 7.692831 0.114401 0.114401 0.114401
8060 7.692831 7.692831 7.692831 0.114401 0.114401 0.114401
8070 7.692831 7.692831 7.692831 0.114401 0.114401 0.114401
8080 7.692831 7.692831 7.692831 0.114401 0.114401 0.114401
8090 7.692831 7.692831 7.692831 0.114401 0.114401 0.114401
8100 7.692831 7.692831 7.692831 0.114401 0.114401 0.114401
8110 7.692831 7.692831 7.692831 0.114401 0.114401 0.114401
8120 7.692831 7.692831 7.692831 0.114401 0.114401 0.114401
8130 7.692831 7.692831 7.692831 0.114401 0.114401 0.114401
8140 7.692831 7.692831 7.692831 0.114401 0.114401 0.114401
8150 7.692831 7.692831 7.692831 0.114401 0.114401 0.114401
8160 7.692831 7.692831 7.692831 0.114401 0.114401 0.114401
8170 7.692831 7.692831 7.692831 0.114401 0.114401 0.114401
8180 7.692831 7.692831 7.692831 0.114401 0.114401 0.114401
8190 7.692831 7.692831 7.692831 0.114401 0.114401 0.114401
8200 7.692831 7.692831 7.692831 0.114401 0.114401 0.114401
8210 7.692831 7.692831 7.692831 0.114401 0.114401 0.114401
8220 7.692831 7.692831 7.692831 0.114401 0.114401 0.114401
8230 7.692831 7.692831 7.692831 0.114401 0.114401 0.114401
8240 7.692831 7.692831 7.692831 0.114401 0.114401 0.114401
8250 7.692831 7.692831 7.692831 0.114401 0.114401 0.114401
8260 7.692831 7.692831 7.692831 0.114401 0.114401 0.114401
8270 7.692831 7.692831 7.692831 0.114401 0.114401 0.114401
8280 7.692831 7.692831 7.692831 0.114401 0.114401 0.114401
8290 7.692831 7.692831 7.692831 0.114401 0.114401 0.114401
8300 7.692831 7.692831 7.692831 0.114401 0.114401 0.114401
8310 7.692831 7.692831 7.692831 0.114401 0.114401 0.114401
8320 7.692831 7.692831 7.692831 0.114401 0.114401 0.114401
8330 7.692831 7.692831 7.692831 0.114401 0.114401 0.114401
8340 7.692831 7.692831 7.692831 0.114401 0.114401 0.114401
8350 7.692831 7.692831 7.692831 0.114401 0.114401 0.114401
8360 7.692831 7.692831 7.692831 0.114401 0.114401 0.114401
8370 7.692831 7.692831 7.692831 0.114401 0.114401 0.114401
8380 7.692831 7.692831 7.692831 0.114401 0.114401 0.114401
8390 7.692831 7.692831 7.692831 0.114401 0.114401 0.114401
8400 7.692831 7.692831 7.692831 0.114401 0.114401 0.114401
8410 7.692831 7.692831 7.692831 0.114401 0.114401 0.114401
8420 7.692831 7.692831 7.692831 0.114401 0.114401 0.114401
8430 7.692831 7.692831 7.692831 0.114401 0.114401 0.114401
8440 7.692831 7.692831 7.692831 0.114401 0.114401 0.114401
8450 7.692831 7.692831 7.692831 0.114401 0.114401 0.114401
8460 7.692831 7.692831 7.692831 0.114401 0.114401 0.114401
8470 7.692831 7.692831 7.692831 0.114401 0.114401 0.114401
8480 7.692831 7.692831 7.692831 0.114401 0.114401 0.114401
8490 7.692831 7.692831 7.692831 0.114401 0.114401 0.114401
8500 7.692831 7.692831 7.692831 0.114401 0.114401 0.114401
8510 7.692831 7.692831 7.692831 0.114401 0.114401 0.114401
8520 7.692831 7.692831 7.692831 0.114401 0.114401 0.114401
8530 7.692831 7.692831 7.692831 0.114401 0.114401 0.114401
8540 7.692831 7.692831 7.692831 0.114401 0.114401 0.114401
8550 7.692831 7.692831 7.692831 0.114401 0.114401 0.114401
8560 7.692831 7.692831 7.692831 0.114401 0.114401 0.114401
8570 7.692831 7.692831 7.692831 0.114401 0.114401 0.114401
8580 7.692831 7.692831 7.692831 0.114401 0.114401 0.114401
8590 7.692831 7.692831 7.692831 0.114401 0.114401 0.114401
8600 7.692831 7.692831 7.692831 0.114401 0.114401 0.114401
8610 7.692831 7.692831 7.692831 0.114401 0.114401 0.114401
8620 7.692831 7.692831 7.692831 0.114401 0.114401 0.114401
8630 7.692831 7.692831 7.692831 0.114401 0.114401 0.114401
8640 7.692831 7.692831 7.692831 0.114401 0.114401 0.114401
8650 7.692831 7.692831 7.692831 0.114401 0.114401 0.114401
8660 7.692831 7.692831 7.692831 0.114401 0.114401 0.114401
8670 7.692831 7.692831 7.692831 0.114401 0.114401 0.114401
8680 7.692831 7.692831 7.692831 0.114401 0.114401 0.114401
8690 7.692831 7.692831 7.692831 0.114401 0.114401 0.114401
8700 7.692831 7.692831 7.692831 0.114401 0.114401 0.114401
8710 7.692831 7.692831 7.692831 0.114401 0.114401 0.114401
8720 7.692831 7.692831 7.692831 0.114401 0.114401 0.114401
8730 7.692831 7.692831 7.692831 0.114401 0.114401 0.114401
8740 7.692831 7.692831 7.692831 0.114401 0.114401 0.114401
8750 7.692831 7.692831 7.692831 0.114401 0.114401 0.114401
8760 7.692831 7.692831 7.692831 0.114401 0.114401 0.114401
8770 7.692831 7.692831 7.692831 0.114401 0.114401 0.114401
8780 7.692831 7.692831 7.692831 0.114401 0.114401 0.114401
8790 7.692831 7.692831 7.692831 0.114401 0.114401 0.114401
8800 7.692831 7.692831 7.692831 0.114401 0.114401 0.114401
8810 7.692831 7.692831 7.692831 0.114401 0.114401 0.114401
8820 7.692831 7.692831 7.692831 0.114401 0.114401 0.114401
8830 7.692831 7.692831 7.692831 0.114401 0.114401 0.114401
8840 7.692831 7.692831 7.692831 0.114401 0.114401 0.114401
8850 7.692831 7.692831 7.692831 0.114401 0.114401 0.114401
8860 7.692831 7.692831 7.692831 0.114401 0.114401 0.114401
8870 7.692831 7.692831 7.692831 0.114401 0.114401 0.114401
8880 7.692831 7.692831 7.692831 0.114401 0.114401 0.114401
8890 7.692831 7.692831 7.692831 0.114401 0.114401 0.114401
8900 7.692831 7.692831 7.692831 0.114401 0.114401 0.114401
8910 7.692831 7.692831 7.692831 0.114401 0.114401 0.114401
8920 7.692831 7.692831 7.692831 0.114401 0.114401 0.114401
8930 7.692831 7.692831 7.692831 0.114401 0.114401 0.114401
8940 7.692831 7.692831 7.692831 0.114401 0.114401 0.114401
8950 7.692831 7.692831 7.692831 0.114401 0.114401 0.114401
8960 7.692831 7.692831 7.692831 0.114401 0.114401 0.114401
8970 7.692831 7.692831 7.692831 0.114401 0.114401 0.114401
8980 7.692831 7.692831 7.692831 0.114401 0.114401 0.114401
8990 7.692831 7.692831 7.692831 0.114401 0.114401 0.114401
9000 7.692831 7.692831 7.692831 0.114401 0.114401 0.114401
9010 7.692831 7.692831 7.692831 0.114401 0.114401 0.114401
9020 7.692831 7.692831 7.692831 0.114401 0.114401 0.114401
9030 7.692831 7.692831 7.692831 0.114401 0.114401 0.114401
9040 7.692831 7.692831 7.692831 0.114401 0.114401 0.114401
9050 7.692831 7.692831 7.692831 0.114401 0.114401 0.114401
9060 7.692831 7.692831 7.692831 0.114401 0.114401 0.114401
9070 7.692831 7.692831 7.692831 0.114401 0.114401 0.114401
9080 7.692831 7.692831 7.692831 0.114401 0.114401 0.114401
9090 7.692831 7.692831 7.692831 0.114401 0.114401 0.114401
9100 7.692831 7.692831 7.692831 0.114401 0.114401 0.114401
9110 7.692831 7.692831 7.692831 0.114401 0.114401 0.114401
9120 7.692831 7.692831 7.692831 0.114401 0.114401 0.114401
9130 7.692831 7.692831 7.692831 0.114401 0.114401 0.114401
9140 7.692831 7.692831 7.692831 0.114401 0.114401 0.114401
9150 7.692831 7.692831 7.692831 0.114401 0.114401 0.114401
9160 7.692831 7.692831 7.692831 0.114401 0.114401 0.114401
9170 7.692831 7.692831 7.692831 0.114401 0.114401 0.114401
9180 7.692831 7.692831 7.692831 0.114401 0.114401 0.114401
9190 7.692831 7.692831 7.692831 0.114401 0.114401 0.114401
9200 7.692831 7.692831 7.692831 0.114401 0.114401 0.114401
9210 7.692831 7.692831 7.692831 0.114401 0.114401 0.114401
9220 7.692831 7.692831 7.692831 0.114401 0.114401 0.114401
9230 7.692831 7.692831 7.692831 0.114401 0.114401 0.114401
9240 7.692831 7.692831 7.692831 0.114401 0.114401 0.114401
9250 7.692831 7.692831 7.692831 0.114401 0.114401 0.114401
9260 7.692831 7.692831 7.692831 0.114401 0.114401 0.114401
9270 7.692831 7.692831 7.692831 0.114401 0.114401 0.114401
9280 7.692831 7.692831 7.692831 0.114401 0.114401 0.114401
9290 7.692831 7.692831 7.692831 0.114401 0.114401 0.114401
9300 7.692831 7.692831 7.692831 0.114401 0.114401 0.114401
9310 7.692831 7.692831 7.692831 0.114401 0.114401 0.114401
9320 7.692831 7.692831 7.692831 0.114401 0.114401 0.114401
9330 7.692831 7.692831 7.692831 0.114401 0.114401 0.114401
9340 7.692831 7.692831 7.692831 0.114401 0.114401 0.114401
9350 7.692831 7.692831 7.692831 0.114401 0.114401 0.114401
9360 7.692831 7.692831 7.692831 0.114401 0.114401 0.114401
9370 7.692831 7.692831 7.692831 0.114401 0.114401 0.114401
9380 7.692831 7.692831 7.692831 0.114401 0.114401 0.114401
9390 7.692831 7.692831 7.692831 0.114401 0.114401 0.114401
9400 7.692831 7.692831 7.692831 0.114401 0.114401 0.114401
9410 7.692831 7.692831 7.692831 0.114401 0.114401 0.114401
9420 7.692831 7.692831 7.692831 0.114401 0.114401 0.114401
9430 7.692831 7.692831 7.692831 0.114401 0.114401 0.114401
9440 7.692831 7.692831 7.692831 0.114401 0.114401 0.114401
9450 7.692831 7.692831 7.692831 0.114401 0.114401 0.114401
9460 7.692831 7.692831 7.692831 0.114401 0.114401 0.114401
9470 7.692831 7.692831 7.692831 0.114401 0.114401 0.114401
9480 7.692831 7.692831 7.692831 0.114401 0.114401 0.114401
9490 7.692831 7.692831 7.692831 0.114401 0.114401 0.114401
9500 7.692831 7.692831 7.692831 0.114401 0.114401 0.114401
9510 7.692831 7.692831 7.692831 0.114401 0.114401 0.114401
9520 7.692831 7.692831 7.692831 0.114401 0.114401 0.114401
9530 7.692831 7.692831 7.692831 0.114401 0.114401 0.114401
9540 7.692831 7.692831 7.692831 0.114401 0.114401 0.114401
9550 7.692831 7.692831 7.692831 0.114401 0.114401 0.114401
9560 7.692831 7.692831 7.692831 0.114401 0.114401 0.114401
9570 7.692831 7.692831 7.692831 0.114401 0.114401 0.114401
9580 7.692831 7.692831 7.692831 0.114401 0.114401 0.114401
9590 7.692831 7.692831 7.692831 0.114401 0.114401 0.114401
9600 7.692831 7.692831 7.692831 0.114401 0.114401 0.114401
9610 7.692831 7.692831 7.692831 0.114401 0.114401 0.114401
9620 7.692831 7.692831 7.692831 0.114401 0.114401 0.114401
9630 7.692831 7.692831 7.692831 0.114401 0.114401 0.114401
9640 7.692831 7.692831 7.692831 0.114401 0.114401 0.114401
9650 7.692831 7.692831 7.692831 0.114401 0.114401 0.114401
9660 7.692831 7.692831 7.692831 0.114401 0.114401 0.114401
9670 7.692831 7.692831 7.692831 0.114401 0.114401 0.114401
9680 7.692831 7.692831 7.692831 0.114401 0.114401 0.114401
9690 7.692831 7.692831 7.692831 0.114401 0.114401 0.114401
9700 7.692831 7.692831 7.692831 0.114401 0.114401 0.114401
9710 7.692831 7.692831 7.692831 0.114401 0.114401 0.114401
9720 7.692831 7.692831 7.692831 0.114401 0.114401 0.114401
9730 7.692831 7.692831 7.692831 0.114401 0.114401 0.114401
9740 7.692831 7.692831 7.692831 0.114401 0.114401 0.114401
9750 7.692831 7.692831 7.692831 0.114401 0.114401 0.114401
9760 7.692831 7.692831 7.692831 0.114401 0.114401 0.114401
9770 7.692831 7.692831 7.692831 0.114401 0.114401 0.114401
9780 7.692831 7.692831 7.692831 0.114401 0.114401 0.114401
9790 7.692831 7.692831 7.692831 0.114401 0.114401 0.114401
9800 7.692831 7.692831 7.692831 0.114401 0.114401 0.114401
9810 7.692831 7.692831 7.692831 0.114401 0.114401 0.114401
9820 7.692831 7.692831 7.692831 0.114401 0.114401 0.114401
9830 7.692831 7.692831 7.692831 0.114401 0.114401 0.114401
9840 7.692831 7.692831 7.692831 0.114401 0.114401 0.114401
9850 7.692831 7.692831 7.692831 0.114401 0.114401 0.114401
9860 7.692831 7.692831 7.692831 0.114401 0.114401 0.114401
9870 7.692831 7.692831 7.692831 0.114401 0.114401 0.114401
9880 7.692831 7.692831 7.692831 0.114401 0.114401 0.114401
9890 7.692831 7.692831 7.692831 0.114401 0.114401 0.114401
9900 7.692831 7.692831 7.692831 0.114401 0.114401 0.114401
9910 7.692831 7.692831 7.692831 0.114401 0.114401 0.114401
9920 7.692831 7.692831 7.692831 0.114401 0.114401 0.114401
9930 7.692831 7.692831 7.692831 0.114401 0.114401 0.114401
9940 7.692831 7.692831 7.692831 0.114401 0.114401 0.114401
9950 7.692831 7.692831 7.692831 0.114401 0.114401 0.114401
9960 7.692831 7.692831 7.692831 0.114401 0.114401 0.114401
9970 7.692831 7.692831 7.692831 0.114401 0.114401 0.114401
9980 7.692831 7.692831 7.692831 0.114401 0.114401 0.114401
9990 7.692831 7.692831 7.692831 0.114401 0.114401 0.114401
10000 7.692831 7.692831 7.692831 0.114401 0.114401 0.114401
