# generation power_min power_avg power_max util_min util_avg util_max
1 7.518330 8.692877 10.000201 0.045897 0.057315 0.074173
10 7.332261 8.555409 9.424891 0.045897 0.056822 0.069769
20 7.246793 8.392734 9.262787 0.045897 0.056449 0.068456
30 7.186226 8.253861 9.050699 0.045897 0.056039 0.068456
40 7.161103 8.109935 8.958543 0.047104 0.055784 0.067710
50 6.969653 7.972805 8.738127 0.047104 0.055323 0.067209
60 6.969653 7.845759 8.543946 0.047104 0.054785 0.066243
70 6.969653 7.736785 8.373217 0.047104 0.054223 0.066243
80 6.717490 7.621073 8.206723 0.045719 0.053619 0.066243
90 6.595794 7.514040 8.118240 0.042045 0.052772 0.066243
100 6.595794 7.416189 7.998328 0.041966 0.051817 0.062538
110 6.475858 7.286446 7.820576 0.041966 0.050987 0.059607
120 6.424176 7.191153 7.710917 0.041618 0.050444 0.059607
130 6.094496 7.084261 7.642644 0.040092 0.049797 0.058935
140 6.094496 6.991842 7.447456 0.040092 0.049221 0.058935
150 5.873943 6.895666 7.409974 0.040092 0.048454 0.056238
160 5.873943 6.794482 7.315762 0.040092 0.047962 0.056238
170 5.873943 6.699292 7.229490 0.040092 0.047642 0.056238
180 5.804139 6.611927 7.156125 0.040092 0.047287 0.054071
190 5.556294 6.501666 7.073335 0.039702 0.046897 0.054071
200 5.556294 6.408871 6.969653 0.039702 0.046896 0.054071
210 5.556294 6.305876 6.867165 0.039702 0.046718 0.054071
220 5.414634 6.196023 6.831089 0.039702 0.046786 0.054071
230 5.414634 6.096146 6.598095 0.039649 0.046670 0.054071
240 5.414634 6.001624 6.506004 0.038439 0.046067 0.054071
250 5.325801 5.915058 6.475858 0.034042 0.045551 0.054071
260 5.325801 5.823996 6.393009 0.034042 0.045013 0.054071
270 5.262766 5.748763 6.223873 0.034042 0.044871 0.054071
280 5.128316 5.677600 6.065925 0.034042 0.044184 0.050952
290 5.128316 5.620211 5.920228 0.034042 0.043679 0.050932
300 5.128316 5.560229 5.875384 0.034042 0.042994 0.050932
310 5.093762 5.511210 5.833090 0.034042 0.042717 0.050932
320 5.093762 5.453177 5.776200 0.034042 0.042150 0.050932
330 5.022351 5.402415 5.682868 0.034042 0.041536 0.050932
340 5.022351 5.356236 5.598220 0.034042 0.040818 0.048047
350 4.978807 5.315155 5.566987 0.034042 0.040336 0.048047
360 4.973517 5.271216 5.509277 0.034042 0.039888 0.044990
370 4.807428 5.227555 5.434268 0.034324 0.039515 0.044990
380 4.780433 5.189342 5.399257 0.034324 0.039027 0.044990
390 4.780433 5.152617 5.381694 0.034324 0.038622 0.044990
400 4.718427 5.108922 5.320983 0.033461 0.038119 0.044990
410 4.718427 5.066541 5.275379 0.033461 0.037586 0.042684
420 4.718427 5.030799 5.223157 0.033461 0.037168 0.042684
430 4.709573 4.994035 5.190339 0.033201 0.036794 0.041899
440 4.705815 4.954841 5.159125 0.033201 0.036417 0.041899
450 4.671526 4.916986 5.131275 0.032507 0.036193 0.041899
460 4.582789 4.876657 5.093762 0.032246 0.035799 0.041899
470 4.582789 4.842336 5.043765 0.032136 0.035399 0.041308
480 4.520390 4.806572 5.024064 0.031206 0.035191 0.041308
490 4.520390 4.766854 4.973517 0.030873 0.034779 0.041308
500 4.520390 4.739673 4.903104 0.030873 0.034567 0.041308
510 4.520390 4.710014 4.877454 0.029931 0.034157 0.041150
520 4.425372 4.676632 4.851584 0.029931 0.033737 0.037993
530 4.425372 4.649274 4.795198 0.029931 0.033382 0.036318
540 4.425372 4.621883 4.780433 0.029931 0.033038 0.036318
550 4.365530 4.592318 4.752105 0.029931 0.032657 0.036318
560 4.360577 4.565711 4.706010 0.029049 0.032339 0.035290
570 4.323940 4.536530 4.693398 0.027794 0.031978 0.035290
580 4.310119 4.510582 4.656028 0.027794 0.031657 0.035290
590 4.310119 4.489091 4.616627 0.027794 0.031425 0.035132
600 4.294618 4.463204 4.589488 0.027794 0.031103 0.033669
610 4.244081 4.435646 4.578885 0.027794 0.030971 0.033669
620 4.244081 4.409960 4.535668 0.027794 0.030715 0.033669
630 4.244081 4.387235 4.527379 0.027794 0.030614 0.033669
640 4.224610 4.364489 4.481158 0.026790 0.030474 0.033659
650 4.189930 4.341915 4.478842 0.026790 0.030465 0.033659
660 4.179910 4.323171 4.442235 0.026790 0.030374 0.033659
670 4.146951 4.302816 4.425372 0.026790 0.030272 0.033659
680 4.146951 4.283359 4.378940 0.026790 0.030205 0.032352
690 4.127481 4.264291 4.355125 0.026790 0.029982 0.032352
700 4.127481 4.246122 4.346059 0.026790 0.029821 0.032352
710 4.127481 4.229405 4.310119 0.026790 0.029667 0.031489
720 4.095188 4.216874 4.294618 0.026790 0.029547 0.031489
730 4.092969 4.203058 4.277039 0.026747 0.029352 0.031489
740 4.092969 4.190832 4.266928 0.026747 0.029035 0.031432
750 4.092969 4.177797 4.257568 0.026747 0.028815 0.031412
760 4.092969 4.165309 4.244081 0.026747 0.028597 0.030447
770 4.092969 4.155242 4.230789 0.026747 0.028379 0.030447
780 4.092969 4.145793 4.191556 0.026747 0.028204 0.029249
790 4.092969 4.136773 4.179910 0.026747 0.027989 0.029225
800 4.092969 4.129150 4.179910 0.026747 0.027798 0.029225
810 4.075717 4.122535 4.146951 0.026950 0.027648 0.028160
820 4.075717 4.118690 4.140677 0.026950 0.027569 0.028128
830 4.073498 4.113951 4.140677 0.026950 0.027475 0.028128
840 4.073498 4.109377 4.140677 0.026950 0.027380 0.028128
850 4.073498 4.104540 4.139051 0.026950 0.027277 0.028128
860 4.073498 4.099923 4.136832 0.026950 0.027173 0.028128
870 4.073498 4.094945 4.136047 0.026950 0.027066 0.028128
880 4.073498 4.091607 4.095188 0.026950 0.026956 0.026970
890 4.073498 4.090845 4.095188 0.026950 0.026957 0.026970
900 4.073498 4.089371 4.095188 0.026950 0.026957 0.026970
910 4.073498 4.087942 4.095188 0.026950 0.026958 0.026970
920 4.073498 4.086618 4.095188 0.026950 0.026959 0.026970
930 4.073498 4.084516 4.095188 0.026950 0.026960 0.026970
940 4.073498 4.082542 4.095188 0.026950 0.026961 0.026970
950 4.073498 4.080395 4.095188 0.026950 0.026962 0.026970
960 4.073498 4.078381 4.092969 0.026950 0.026963 0.026970
970 4.073498 4.076434 4.092969 0.026950 0.026964 0.026970
980 4.073498 4.074487 4.092969 0.026950 0.026966 0.026970
990 4.073498 4.073920 4.075717 0.026965 0.026966 0.026970
1000 4.073498 4.073698 4.075717 0.026965 0.026965 0.026970
1010 4.073498 4.073498 4.073498 0.026965 0.026965 0.026965
1020 4.073498 4.073498 4.073498 0.026965 0.026965 0.026965
1030 4.073498 4.073498 4.073498 0.026965 0.026965 0.026965
1040 4.073498 4.073498 4.073498 0.026965 0.026965 0.026965
1050 4.073498 4.073498 4.073498 0.026965 0.026965 0.026965
1060 4.073498 4.073498 4.073498 0.026965 0.026965 0.026965
1070 4.073498 4.073498 4.073498 0.026965 0.026965 0.026965
1080 4.073498 4.073498 4.073498 0.026965 0.026965 0.026965
1090 4.073498 4.073498 4.073498 0.026965 0.026965 0.026965
1100 4.073498 4.073498 4.073498 0.026965 0.026965 0.026965
1110 4.073498 4.073498 4.073498 0.026965 0.026965 0.026965
1120 4.073498 4.073498 4.073498 0.026965 0.026965 0.026965
1130 4.073498 4.073498 4.073498 0.026965 0.026965 0.026965
1140 4.073498 4.073498 4.073498 0.026965 0.026965 0.026965
1150 4.073498 4.073498 4.073498 0.026965 0.026965 0.026965
1160 4.073498 4.073498 4.073498 0.026965 0.026965 0.026965
1170 4.073498 4.073498 4.073498 0.026965 0.026965 0.026965
1180 4.073498 4.073498 4.073498 0.026965 0.026965 0.026965
1190 4.073498 4.073498 4.073498 0.026965 0.026965 0.026965
1200 4.073498 4.073498 4.073498 0.026965 0.026965 0.026965
1210 4.073498 4.073498 4.073498 0.026965 0.026965 0.026965
1220 4.073498 4.073498 4.073498 0.026965 0.026965 0.026965
1230 4.073498 4.073498 4.073498 0.026965 0.026965 0.026965
1240 4.073498 4.073498 4.073498 0.026965 0.026965 0.026965
1250 4.073498 4.073498 4.073498 0.026965 0.026965 0.026965
1260 4.073498 4.073498 4.073498 0.026965 0.026965 0.026965
1270 4.073498 4.073498 4.073498 0.026965 0.026965 0.026965
1280 4.073498 4.073498 4.073498 0.026965 0.026965 0.026965
1290 4.073498 4.073498 4.073498 0.026965 0.026965 0.026965
1300 4.073498 4.073498 4.073498 0.026965 0.026965 0.026965
1310 4.073498 4.073498 4.073498 0.026965 0.026965 0.026965
1320 4.073498 4.073498 4.073498 0.026965 0.026965 0.026965
1330 4.073498 4.073498 4.073498 0.026965 0.026965 0.026965
1340 4.073498 4.073498 4.073498 0.026965 0.026965 0.026965
1350 4.073498 4.073498 4.073498 0.026965 0.026965 0.026965
1360 4.073498 4.073498 4.073498 0.026965 0.026965 0.026965
1370 4.073498 4.073498 4.073498 0.026965 0.026965 0.026965
1380 4.073498 4.073498 4.073498 0.026965 0.026965 0.026965
1390 4.073498 4.073498 4.073498 0.026965 0.026965 0.026965
1400 4.073498 4.073498 4.073498 0.026965 0.026965 0.026965
1410 4.073498 4.073498 4.073498 0.026965 0.026965 0.026965
1420 4.073498 4.073498 4.073498 0.026965 0.026965 0.026965
1430 4.073498 4.073498 4.073498 0.026965 0.026965 0.026965
1440 4.073498 4.073498 4.073498 0.026965 0.026965 0.026965
1450 4.073498 4.073498 4.073498 0.026965 0.026965 0.026965
1460 4.073498 4.073498 4.073498 0.026965 0.026965 0.026965
1470 4.073498 4.073498 4.073498 0.026965 0.026965 0.026965
1480 4.073498 4.073498 4.073498 0.026965 0.026965 0.026965
1490 4.073498 4.073498 4.073498 0.026965 0.026965 0.026965
1500 4.073498 4.073498 4.073498 0.026965 0.026965 0.026965
1510 4.073498 4.073498 4.073498 0.026965 0.026965 0.026965
1520 4.073498 4.073498 4.073498 0.026965 0.026965 0.026965
1530 4.073498 4.073498 4.073498 0.026965 0.026965 0.026965
1540 4.073498 4.073498 4.073498 0.026965 0.026965 0.026965
1550 4.073498 4.073498 4.073498 0.026965 0.026965 0.026965
1560 4.073498 4.073498 4.073498 0.026965 0.026965 0.026965
1570 4.073498 4.073498 4.073498 0.026965 0.026965 0.026965
1580 4.073498 4.073498 4.073498 0.026965 0.026965 0.026965
1590 4.073498 4.073498 4.073498 0.026965 0.026965 0.026965
1600 4.073498 4.073498 4.073498 0.026965 0.026965 0.026965
1610 4.073498 4.073498 4.073498 0.026965 0.026965 0.026965
1620 4.073498 4.073498 4.073498 0.026965 0.026965 0.026965
1630 4.073498 4.073498 4.073498 0.026965 0.026965 0.026965
1640 4.073498 4.073498 4.073498 0.026965 0.026965 0.026965
1650 4.073498 4.073498 4.073498 0.026965 0.026965 0.026965
1660 4.073498 4.073498 4.073498 0.026965 0.026965 0.026965
1670 4.073498 4.073498 4.073498 0.026965 0.026965 0.026965
1680 4.073498 4.073498 4.073498 0.026965 0.026965 0.026965
1690 4.073498 4.073498 4.073498 0.026965 0.026965 0.026965
1700 4.073498 4.073498 4.073498 0.026965 0.026965 0.026965
1710 4.073498 4.073498 4.073498 0.026965 0.026965 0.026965
1720 4.073498 4.073498 4.073498 0.026965 0.026965 0.026965
1730 4.073498 4.073498 4.073498 0.026965 0.026965 0.026965
1740 4.073498 4.073498 4.073498 0.026965 0.026965 0.026965
1750 4.073498 4.073498 4.073498 0.026965 0.026965 0.026965
1760 4.073498 4.073498 4.073498 0.026965 0.026965 0.026965
1770 4.073498 4.073498 4.073498 0.026965 0.026965 0.026965
1780 4.073498 4.073498 4.073498 0.026965 0.026965 0.026965
1790 4.073498 4.073498 4.073498 0.026965 0.026965 0.026965
1800 4.073498 4.073498 4.073498 0.026965 0.026965 0.026965
1810 4.073498 4.073498 4.073498 0.026965 0.026965 0.026965
1820 4.073498 4.073498 4.073498 0.026965 0.026965 0.026965
1830 4.073498 4.073498 4.073498 0.026965 0.026965 0.026965
1840 4.073498 4.073498 4.073498 0.026965 0.026965 0.026965
1850 4.073498 4.073498 4.073498 0.026965 0.026965 0.026965
1860 4.073498 4.073498 4.073498 0.026965 0.026965 0.026965
1870 4.073498 4.073498 4.073498 0.026965 0.026965 0.026965
1880 4.073498 4.073498 4.073498 0.026965 0.026965 0.026965
1890 4.073498 4.073498 4.073498 0.026965 0.026965 0.026965
1900 4.073498 4.073498 4.073498 0.026965 0.026965 0.026965
1910 4.073498 4.073498 4.073498 0.026965 0.026965 0.026965
1920 4.073498 4.073498 4.073498 0.026965 0.026965 0.026965
1930 4.073498 4.073498 4.073498 0.026965 0.026965 0.026965
1940 4.073498 4.073498 4.073498 0.026965 0.026965 0.026965
1950 4.073498 4.073498 4.073498 0.026965 0.026965 0.026965
1960 4.073498 4.073498 4.073498 0.026965 0.026965 0.026965
1970 4.073498 4.073498 4.073498 0.026965 0.026965 0.026965
1980 4.073498 4.073498 4.073498 0.026965 0.026965 0.026965
1990 4.073498 4.073498 4.073498 0.026965 0.026965 0.026965
2000 4.073498 4.073498 4.073498 0.026965 0.026965 0.026965
2010 4.073498 4.073498 4.073498 0.026965 0.026965 0.026965
2020 4.073498 4.073498 4.073498 0.026965 0.026965 0.026965
2030 4.073498 4.073498 4.073498 0.026965 0.026965 0.026965
2040 4.073498 4.073498 4.073498 0.026965 0.026965 0.026965
2050 4.073498 4.073498 4.073498 0.026965 0.026965 0.026965
2060 4.073498 4.073498 4.073498 0.026965 0.026965 0.026965
2070 4.073498 4.073498 4.073498 0.026965 0.026965 0.026965
2080 4.073498 4.073498 4.073498 0.026965 0.026965 0.026965
2090 4.073498 4.073498 4.073498 0.026965 0.026965 0.026965
2100 4.073498 4.073498 4.073498 0.026965 0.026965 0.026965
2110 4.073498 4.073498 4.073498 0.026965 0.026965 0.026965
2120 4.073498 4.073498 4.073498 0.026965 0.026965 0.026965
2130 4.073498 4.073498 4.073498 0.026965 0.026965 0.026965
2140 4.073498 4.073498 4.073498 0.026965 0.026965 0.026965
2150 4.073498 4.073498 4.073498 0.026965 0.026965 0.026965
2160 4.073498 4.073498 4.073498 0.026965 0.026965 0.026965
2170 4.073498 4.073498 4.073498 0.026965 0.026965 0.026965
2180 4.073498 4.073498 4.073498 0.026965 0.026965 0.026965
2190 4.073498 4.073498 4.073498 0.026965 0.026965 0.026965
2200 4.073498 4.073498 4.073498 0.026965 0.026965 0.026965
2210 4.073498 4.073498 4.073498 0.026965 0.026965 0.026965
2220 4.073498 4.073498 4.073498 0.026965 0.026965 0.026965
2230 4.073498 4.073498 4.073498 0.026965 0.026965 0.026965
2240 4.073498 4.073498 4.073498 0.026965 0.026965 0.026965
2250 4.073498 4.073498 4.073498 0.026965 0.026965 0.026965
2260 4.073498 4.073498 4.073498 0.026965 0.026965 0.026965
2270 4.073498 4.073498 4.073498 0.026965 0.026965 0.026965
2280 4.073498 4.073498 4.073498 0.026965 0.026965 0.026965
2290 4.073498 4.073498 4.073498 0.026965 0.026965 0.026965
2300 4.073498 4.073498 4.073498 0.026965 0.026965 0.026965
2310 4.073498 4.073498 4.073498 0.026965 0.026965 0.026965
2320 4.073498 4.073498 4.073498 0.026965 0.026965 0.026965
2330 4.073498 4.073498 4.073498 0.026965 0.026965 0.026965
2340 4.073498 4.073498 4.073498 0.026965 0.026965 0.026965
2350 4.073498 4.073498 4.073498 0.026965 0.026965 0.026965
2360 4.073498 4.073498 4.073498 0.026965 0.026965 0.026965
2370 4.073498 4.073498 4.073498 0.026965 0.026965 0.026965
2380 4.073498 4.073498 4.073498 0.026965 0.026965 0.026965
2390 4.073498 4.073498 4.073498 0.026965 0.026965 0.026965
2400 4.073498 4.073498 4.073498 0.026965 0.026965 0.026965
2410 4.073498 4.073498 4.073498 0.026965 0.026965 0.026965
2420 4.073498 4.073498 4.073498 0.026965 0.026965 0.026965
2430 4.073498 4.073498 4.073498 0.026965 0.026965 0.026965
2440 4.073498 4.073498 4.073498 0.026965 0.026965 0.026965
2450 4.073498 4.073498 4.073498 0.026965 0.026965 0.026965
2460 4.073498 4.073498 4.073498 0.026965 0.026965 0.026965
2470 4.073498 4.073498 4.073498 0.026965 0.026965 0.026965
2480 4.073498 4.073498 4.073498 0.026965 0.026965 0.026965
2490 4.073498 4.073498 4.073498 0.026965 0.026965 0.026965
2500 4.073498 4.073498 4.073498 0.026965 0.026965 0.026965
2510 4.073498 4.073498 4.073498 0.026965 0.026965 0.026965
2520 4.073498 4.073498 4.073498 0.026965 0.026965 0.026965
2530 4.073498 4.073498 4.073498 0.026965 0.026965 0.026965
2540 4.073498 4.073498 4.073498 0.026965 0.026965 0.026965
2550 4.073498 4.073498 4.073498 0.026965 0.026965 0.026965
2560 4.073498 4.073498 4.073498 0.026965 0.026965 0.026965
2570 4.073498 4.073498 4.073498 0.026965 0.026965 0.026965
2580 4.073498 4.073498 4.073498 0.026965 0.026965 0.026965
2590 4.073498 4.073498 4.073498 0.026965 0.026965 0.026965
2600 4.073498 4.073498 4.073498 0.026965 0.026965 0.026965
2610 4.073498 4.073498 4.073498 0.026965 0.026965 0.026965
2620 4.073498 4.073498 4.073498 0.026965 0.026965 0.026965
2630 4.073498 4.073498 4.073498 0.026965 0.026965 0.026965
2640 4.073498 4.073498 4.073498 0.026965 0.026965 0.026965
2650 4.073498 4.073498 4.073498 0.026965 0.026965 0.026965
2660 4.073498 4.073498 4.073498 0.026965 0.026965 0.026965
2670 4.073498 4.073498 4.073498 0.026965 0.026965 0.026965
2680 4.073498 4.073498 4.073498 0.026965 0.026965 0.026965
2690 4.073498 4.073498 4.073498 0.026965 0.026965 0.026965
2700 4.073498 4.073498 4.073498 0.026965 0.026965 0.026965
2710 4.073498 4.073498 4.073498 0.026965 0.026965 0.026965
2720 4.073498 4.073498 4.073498 0.026965 0.026965 0.026965
2730 4.073498 4.073498 4.073498 0.026965 0.026965 0.026965
2740 4.073498 4.073498 4.073498 0.026965 0.026965 0.026965
2750 4.073498 4.073498 4.073498 0.026965 0.026965 0.026965
2760 4.073498 4.073498 4.073498 0.026965 0.026965 0.026965
2770 4.073498 4.073498 4.073498 0.026965 0.026965 0.026965
2780 4.073498 4.073498 4.073498 0.026965 0.026965 0.026965
2790 4.073498 4.073498 4.073498 0.026965 0.026965 0.026965
2800 4.073498 4.073498 4.073498 0.026965 0.026965 0.026965
2810 4.073498 4.073498 4.073498 0.026965 0.026965 0.026965
2820 4.073498 4.073498 4.073498 0.026965 0.026965 0.026965
2830 4.073498 4.073498 4.073498 0.026965 0.026965 0.026965
2840 4.073498 4.073498 4.073498 0.026965 0.026965 0.026965
2850 4.073498 4.073498 4.073498 0.026965 0.026965 0.026965
2860 4.073498 4.073498 4.073498 0.026965 0.026965 0.026965
2870 4.073498 4.073498 4.073498 0.026965 0.026965 0.026965
2880 4.073498 4.073498 4.073498 0.026965 0.026965 0.026965
2890 4.073498 4.073498 4.073498 0.026965 0.026965 0.026965
2900 4.073498 4.073498 4.073498 0.026965 0.026965 0.026965
2910 4.073498 4.073498 4.073498 0.026965 0.026965 0.026965
2920 4.073498 4.073498 4.073498 0.026965 0.026965 0.026965
2930 4.073498 4.073498 4.073498 0.026965 0.026965 0.026965
2940 4.073498 4.073498 4.073498 0.026965 0.026965 0.026965
2950 4.073498 4.073498 4.073498 0.026965 0.026965 0.026965
2960 4.073498 4.073498 4.073498 0.026965 0.026965 0.026965
2970 4.073498 4.073498 4.073498 0.026965 0.026965 0.026965
2980 4.073498 4.073498 4.073498 0.026965 0.026965 0.026965
2990 4.073498 4.073498 4.073498 0.026965 0.026965 0.026965
3000 4.073498 4.073498 4.073498 0.026965 0.026965 0.026965
3010 4.073498 4.073498 4.073498 0.026965 0.026965 0.026965
3020 4.073498 4.073498 4.073498 0.026965 0.026965 0.026965
3030 4.073498 4.073498 4.073498 0.026965 0.026965 0.026965
3040 4.073498 4.073498 4.073498 0.026965 0.026965 0.026965
3050 4.073498 4.073498 4.073498 0.026965 0.026965 0.026965
3060 4.073498 4.073498 4.073498 0.026965 0.026965 0.026965
3070 4.073498 4.073498 4.073498 0.026965 0.026965 0.026965
3080 4.073498 4.073498 4.073498 0.026965 0.026965 0.026965
3090 4.073498 4.073498 4.073498 0.026965 0.026965 0.026965
3100 4.073498 4.073498 4.073498 0.026965 0.026965 0.026965
3110 4.073498 4.073498 4.073498 0.026965 0.026965 0.026965
3120 4.073498 4.073498 4.073498 0.026965 0.026965 0.026965
3130 4.073498 4.073498 4.073498 0.026965 0.026965 0.026965
3140 4.073498 4.073498 4.073498 0.026965 0.026965 0.026965
3150 4.073498 4.073498 4.073498 0.026965 0.026965 0.026965
3160 4.073498 4.073498 4.073498 0.026965 0.026965 0.026965
3170 4.073498 4.073498 4.073498 0.026965 0.026965 0.026965
3180 4.073498 4.073498 4.073498 0.026965 0.026965 0.026965
3190 4.073498 4.073498 4.073498 0.026965 0.026965 0.026965
3200 4.073498 4.073498 4.073498 0.026965 0.026965 0.026965
3210 4.073498 4.073498 4.073498 0.026965 0.026965 0.026965
3220 4.073498 4.073498 4.073498 0.026965 0.026965 0.026965
3230 4.073498 4.073498 4.073498 0.026965 0.026965 0.026965
3240 4.073498 4.073498 4.073498 0.026965 0.026965 0.026965
3250 4.073498 4.073498 4.073498 0.026965 0.026965 0.026965
3260 4.073498 4.073498 4.073498 0.026965 0.026965 0.026965
3270 4.073498 4.073498 4.073498 0.026965 0.026965 0.026965
3280 4.073498 4.073498 4.073498 0.026965 0.026965 0.026965
3290 4.073498 4.073498 4.073498 0.026965 0.026965 0.026965
3300 4.073498 4.073498 4.073498 0.026965 0.026965 0.026965
3310 4.073498 4.073498 4.073498 0.026965 0.026965 0.026965
3320 4.073498 4.073498 4.073498 0.026965 0.026965 0.026965
3330 4.073498 4.073498 4.073498 0.026965 0.026965 0.026965
3340 4.073498 4.073498 4.073498 0.026965 0.026965 0.026965
3350 4.073498 4.073498 4.073498 0.026965 0.026965 0.026965
3360 4.073498 4.073498 4.073498 0.026965 0.026965 0.026965
3370 4.073498 4.073498 4.073498 0.026965 0.026965 0.026965
3380 4.073498 4.073498 4.073498 0.026965 0.026965 0.026965
3390 4.073498 4.073498 4.073498 0.026965 0.026965 0.026965
3400 4.073498 4.073498 4.073498 0.026965 0.026965 0.026965
3410 4.073498 4.073498 4.073498 0.026965 0.026965 0.026965
3420 4.073498 4.073498 4.073498 0.026965 0.026965 0.026965
3430 4.073498 4.073498 4.073498 0.026965 0.026965 0.026965
3440 4.073498 4.073498 4.073498 0.026965 0.026965 0.026965
3450 4.073498 4.073498 4.073498 0.026965 0.026965 0.026965
3460 4.073498 4.073498 4.073498 0.026965 0.026965 0.026965
3470 4.073498 4.073498 4.073498 0.026965 0.026965 0.026965
3480 4.073498 4.073498 4.073498 0.026965 0.026965 0.026965
3490 4.073498 4.073498 4.073498 0.026965 0.026965 0.026965
3500 4.073498 4.073498 4.073498 0.026965 0.026965 0.026965
3510 4.073498 4.073498 4.073498 0.026965 0.026965 0.026965
3520 4.073498 4.073498 4.073498 0.026965 0.026965 0.026965
3530 4.073498 4.073498 4.073498 0.026965 0.026965 0.026965
3540 4.073498 4.073498 4.073498 0.026965 0.026965 0.026965
3550 4.073498 4.073498 4.073498 0.026965 0.026965 0.026965
3560 4.073498 4.073498 4.073498 0.026965 0.026965 0.026965
3570 4.073498 4.073498 4.073498 0.026965 0.026965 0.026965
3580 4.073498 4.073498 4.073498 0.026965 0.026965 0.026965
3590 4.073498 4.073498 4.073498 0.026965 0.026965 0.026965
3600 4.073498 4.073498 4.073498 0.026965 0.026965 0.026965
3610 4.073498 4.073498 4.073498 0.026965 0.026965 0.026965
3620 4.073498 4.073498 4.073498 0.026965 0.026965 0.026965
3630 4.073498 4.073498 4.073498 0.026965 0.026965 0.026965
3640 4.073498 4.073498 4.073498 0.026965 0.026965 0.026965
3650 4.073498 4.073498 4.073498 0.026965 0.026965 0.026965
3660 4.073498 4.073498 4.073498 0.026965 0.026965 0.026965
3670 4.073498 4.073498 4.073498 0.026965 0.026965 0.026965
3680 4.073498 4.073498 4.073498 0.026965 0.026965 0.026965
3690 4.073498 4.073498 4.073498 0.026965 0.026965 0.026965
3700 4.073498 4.073498 4.073498 0.026965 0.026965 0.026965
3710 4.073498 4.073498 4.073498 0.026965 0.026965 0.026965
3720 4.073498 4.073498 4.073498 0.026965 0.026965 0.026965
3730 4.073498 4.073498 4.073498 0.026965 0.026965 0.026965
3740 4.073498 4.073498 4.073498 0.026965 0.026965 0.026965
3750 4.073498 4.073498 4.073498 0.026965 0.026965 0.026965
3760 4.073498 4.073498 4.073498 0.026965 0.026965 0.026965
3770 4.073498 4.073498 4.073498 0.026965 0.026965 0.026965
3780 4.073498 4.073498 4.073498 0.026965 0.026965 0.026965
3790 4.073498 4.073498 4.073498 0.026965 0.026965 0.026965
3800 4.073498 4.073498 4.073498 0.026965 0.026965 0.026965
3810 4.073498 4.073498 4.073498 0.026965 0.026965 0.026965
3820 4.073498 4.073498 4.073498 0.026965 0.026965 0.026965
3830 4.073498 4.073498 4.073498 0.026965 0.026965 0.026965
3840 4.073498 4.073498 4.073498 0.026965 0.026965 0.026965
3850 4.073498 4.073498 4.073498 0.026965 0.026965 0.026965
3860 4.073498 4.073498 4.073498 0.026965 0.026965 0.026965
3870 4.073498 4.073498 4.073498 0.026965 0.026965 0.026965
3880 4.073498 4.073498 4.073498 0.026965 0.026965 0.026965
3890 4.073498 4.073498 4.073498 0.026965 0.026965 0.026965
3900 4.073498 4.073498 4.073498 0.026965 0.026965 0.026965
3910 4.073498 4.073498 4.073498 0.026965 0.026965 0.026965
3920 4.073498 4.073498 4.073498 0.026965 0.026965 0.026965
3930 4.073498 4.073498 4.073498 0.026965 0.026965 0.026965
3940 4.073498 4.073498 4.073498 0.026965 0.026965 0.026965
3950 4.073498 4.073498 4.073498 0.026965 0.026965 0.026965
3960 4.073498 4.073498 4.073498 0.026965 0.026965 0.026965
3970 4.073498 4.073498 4.073498 0.026965 0.026965 0.026965
3980 4.073498 4.073498 4.073498 0.026965 0.026965 0.026965
3990 4.073498 4.073498 4.073498 0.026965 0.026965 0.026965
4000 4.073498 4.073498 4.073498 0.026965 0.026965 0.026965
4010 4.073498 4.073498 4.073498 0.026965 0.026965 0.026965
4020 4.073498 4.073498 4.073498 0.026965 0.026965 0.026965
4030 4.073498 4.073498 4.073498 0.026965 0.026965 0.026965
4040 4.073498 4.073498 4.073498 0.026965 0.026965 0.026965
4050 4.073498 4.073498 4.073498 0.026965 0.026965 0.026965
4060 4.073498 4.073498 4.073498 0.026965 0.026965 0.026965
4070 4.073498 4.073498 4.073498 0.026965 0.026965 0.026965
4080 4.073498 4.073498 4.073498 0.026965 0.026965 0.026965
4090 4.073498 4.073498 4.073498 0.026965 0.026965 0.026965
4100 4.073498 4.073498 4.073498 0.026965 0.026965 0.026965
4110 4.073498 4.073498 4.073498 0.026965 0.026965 0.026965
4120 4.073498 4.073498 4.073498 0.026965 0.026965 0.026965
4130 4.073498 4.073498 4.073498 0.026965 0.026965 0.026965
4140 4.073498 4.073498 4.073498 0.026965 0.026965 0.026965
4150 4.073498 4.073498 4.073498 0.026965 0.026965 0.026965
4160 4.073498 4.073498 4.073498 0.026965 0.026965 0.026965
4170 4.073498 4.073498 4.073498 0.026965 0.026965 0.026965
4180 4.073498 4.073498 4.073498 0.026965 0.026965 0.026965
4190 4.073498 4.073498 4.073498 0.026965 0.026965 0.026965
4200 4.073498 4.073498 4.073498 0.026965 0.026965 0.026965
4210 4.073498 4.073498 4.073498 0.026965 0.026965 0.026965
4220 4.073498 4.073498 4.073498 0.026965 0.026965 0.026965
4230 4.073498 4.073498 4.073498 0.026965 0.026965 0.026965
4240 4.073498 4.073498 4.073498 0.026965 0.026965 0.026965
4250 4.073498 4.073498 4.073498 0.026965 0.026965 0.026965
4260 4.073498 4.073498 4.073498 0.026965 0.026965 0.026965
4270 4.073498 4.073498 4.073498 0.026965 0.026965 0.026965
4280 4.073498 4.073498 4.073498 0.026965 0.026965 0.026965
4290 4.073498 4.073498 4.073498 0.026965 0.026965 0.026965
4300 4.073498 4.073498 4.073498 0.026965 0.026965 0.026965
4310 4.073498 4.073498 4.073498 0.026965 0.026965 0.026965
4320 4.073498 4.073498 4.073498 0.026965 0.026965 0.026965
4330 4.073498 4.073498 4.073498 0.026965 0.026965 0.026965
4340 4.073498 4.073498 4.073498 0.026965 0.026965 0.026965
4350 4.073498 4.073498 4.073498 0.026965 0.026965 0.026965
4360 4.073498 4.073498 4.073498 0.026965 0.026965 0.026965
4370 4.073498 4.073498 4.073498 0.026965 0.026965 0.026965
4380 4.073498 4.073498 4.073498 0.026965 0.026965 0.026965
4390 4.073498 4.073498 4.073498 0.026965 0.026965 0.026965
4400 4.073498 4.073498 4.073498 0.026965 0.026965 0.026965
4410 4.073498 4.073498 4.073498 0.026965 0.026965 0.026965
4420 4.073498 4.073498 4.073498 0.026965 0.026965 0.026965
4430 4.073498 4.073498 4.073498 0.026965 0.026965 0.026965
4440 4.073498 4.073498 4.073498 0.026965 0.026965 0.026965
4450 4.073498 4.073498 4.073498 0.026965 0.026965 0.026965
4460 4.073498 4.073498 4.073498 0.026965 0.026965 0.026965
4470 4.073498 4.073498 4.073498 0.026965 0.026965 0.026965
4480 4.073498 4.073498 4.073498 0.026965 0.026965 0.026965
4490 4.073498 4.073498 4.073498 0.026965 0.026965 0.026965
4500 4.073498 4.073498 4.073498 0.026965 0.026965 0.026965
4510 4.073498 4.073498 4.073498 0.026965 0.026965 0.026965
4520 4.073498 4.073498 4.073498 0.026965 0.026965 0.026965
4530 4.073498 4.073498 4.073498 0.026965 0.026965 0.026965
4540 4.073498 4.073498 4.073498 0.026965 0.026965 0.026965
4550 4.073498 4.073498 4.073498 0.026965 0.026965 0.026965
4560 4.073498 4.073498 4.073498 0.026965 0.026965 0.026965
4570 4.073498 4.073498 4.073498 0.026965 0.026965 0.026965
4580 4.073498 4.073498 4.073498 0.026965 0.026965 0.026965
4590 4.073498 4.073498 4.073498 0.026965 0.026965 0.026965
4600 4.073498 4.073498 4.073498 0.026965 0.026965 0.026965
4610 4.073498 4.073498 4.073498 0.026965 0.026965 0.026965
4620 4.073498 4.073498 4.073498 0.026965 0.026965 0.026965
4630 4.073498 4.073498 4.073498 0.026965 0.026965 0.026965
4640 4.073498 4.073498 4.073498 0.026965 0.026965 0.026965
4650 4.073498 4.073498 4.073498 0.026965 0.026965 0.026965
4660 4.073498 4.073498 4.073498 0.026965 0.026965 0.026965
4670 4.073498 4.073498 4.073498 0.026965 0.026965 0.026965
4680 4.073498 4.073498 4.073498 0.026965 0.026965 0.026965
4690 4.073498 4.073498 4.073498 0.026965 0.026965 0.026965
4700 4.073498 4.073498 4.073498 0.026965 0.026965 0.026965
4710 4.073498 4.073498 4.073498 0.026965 0.026965 0.026965
4720 4.073498 4.073498 4.073498 0.026965 0.026965 0.026965
4730 4.073498 4.073498 4.073498 0.026965 0.026965 0.026965
4740 4.073498 4.073498 4.073498 0.026965 0.026965 0.026965
4750 4.073498 4.073498 4.073498 0.026965 0.026965 0.026965
4760 4.073498 4.073498 4.073498 0.026965 0.026965 0.026965
4770 4.073498 4.073498 4.073498 0.026965 0.026965 0.026965
4780 4.073498 4.073498 4.073498 0.026965 0.026965 0.026965
4790 4.073498 4.073498 4.073498 0.026965 0.026965 0.026965
4800 4.073498 4.073498 4.073498 0.026965 0.026965 0.026965
4810 4.073498 4.073498 4.073498 0.026965 0.026965 0.026965
4820 4.073498 4.073498 4.073498 0.026965 0.026965 0.026965
4830 4.073498 4.073498 4.073498 0.026965 0.026965 0.026965
4840 4.073498 4.073498 4.073498 0.026965 0.026965 0.026965
4850 4.073498 4.073498 4.073498 0.026965 0.026965 0.026965
4860 4.073498 4.073498 4.073498 0.026965 0.026965 0.026965
4870 4.073498 4.073498 4.073498 0.026965 0.026965 0.026965
4880 4.073498 4.073498 4.073498 0.026965 0.026965 0.026965
4890 4.073498 4.073498 4.073498 0.026965 0.026965 0.026965
4900 4.073498 4.073498 4.073498 0.026965 0.026965 0.026965
4910 4.073498 4.073498 4.073498 0.026965 0.026965 0.026965
4920 4.073498 4.073498 4.073498 0.026965 0.026965 0.026965
4930 4.073498 4.073498 4.073498 0.026965 0.026965 0.026965
4940 4.073498 4.073498 4.073498 0.026965 0.026965 0.026965
4950 4.073498 4.073498 4.073498 0.026965 0.026965 0.026965
4960 4.073498 4.073498 4.073498 0.026965 0.026965 0.026965
4970 4.073498 4.073498 4.073498 0.026965 0.026965 0.026965
4980 4.073498 4.073498 4.073498 0.026965 0.026965 0.026965
4990 4.073498 4.073498 4.073498 0.026965 0.026965 0.026965
5000 4.073498 4.073498 4.073498 0.026965 0.026965 0.026965
5010 4.073498 4.073498 4.073498 0.026965 0.026965 0.026965
5020 4.073498 4.073498 4.073498 0.026965 0.026965 0.026965
5030 4.073498 4.073498 4.073498 0.026965 0.026965 0.026965
5040 4.073498 4.073498 4.073498 0.026965 0.026965 0.026965
5050 4.073498 4.073498 4.073498 0.026965 0.026965 0.026965
5060 4.073498 4.073498 4.073498 0.026965 0.026965 0.026965
5070 4.073498 4.073498 4.073498 0.026965 0.026965 0.026965
5080 4.073498 4.073498 4.073498 0.026965 0.026965 0.026965
5090 4.073498 4.073498 4.073498 0.026965 0.026965 0.026965
5100 4.073498 4.073498 4.073498 0.026965 0.026965 0.026965
5110 4.073498 4.073498 4.073498 0.026965 0.026965 0.026965
5120 4.073498 4.073498 4.073498 0.026965 0.026965 0.026965
5130 4.073498 4.073498 4.073498 0.026965 0.026965 0.026965
5140 4.073498 4.073498 4.073498 0.026965 0.026965 0.026965
5150 4.073498 4.073498 4.073498 0.026965 0.026965 0.026965
5160 4.073498 4.073498 4.073498 0.026965 0.026965 0.026965
5170 4.073498 4.073498 4.073498 0.026965 0.026965 0.026965
5180 4.073498 4.073498 4.073498 0.026965 0.026965 0.026965
5190 4.073498 4.073498 4.073498 0.026965 0.026965 0.026965
5200 4.073498 4.073498 4.073498 0.026965 0.026965 0.026965
5210 4.073498 4.073498 4.073498 0.026965 0.026965 0.026965
5220 4.073498 4.073498 4.073498 0.026965 0.026965 0.026965
5230 4.073498 4.073498 4.073498 0.026965 0.026965 0.026965
5240 4.073498 4.073498 4.073498 0.026965 0.026965 0.026965
5250 4.073498 4.073498 4.073498 0.026965 0.026965 0.026965
5260 4.073498 4.073498 4.073498 0.026965 0.026965 0.026965
5270 4.073498 4.073498 4.073498 0.026965 0.026965 0.026965
5280 4.073498 4.073498 4.073498 0.026965 0.026965 0.026965
5290 4.073498 4.073498 4.073498 0.026965 0.026965 0.026965
5300 4.073498 4.073498 4.073498 0.026965 0.026965 0.026965
5310 4.073498 4.073498 4.073498 0.026965 0.026965 0.026965
5320 4.073498 4.073498 4.073498 0.026965 0.026965 0.026965
5330 4.073498 4.073498 4.073498 0.026965 0.026965 0.026965
5340 4.073498 4.073498 4.073498 0.026965 0.026965 0.026965
5350 4.073498 4.073498 4.073498 0.026965 0.026965 0.026965
5360 4.073498 4.073498 4.073498 0.026965 0.026965 0.026965
5370 4.073498 4.073498 4.073498 0.026965 0.026965 0.026965
5380 4.073498 4.073498 4.073498 0.026965 0.026965 0.026965
5390 4.073498 4.073498 4.073498 0.026965 0.026965 0.026965
5400 4.073498 4.073498 4.073498 0.026965 0.026965 0.026965
5410 4.073498 4.073498 4.073498 0.026965 0.026965 0.026965
5420 4.073498 4.073498 4.073498 0.026965 0.026965 0.026965
5430 4.073498 4.073498 4.073498 0.026965 0.026965 0.026965
5440 4.073498 4.073498 4.073498 0.026965 0.026965 0.026965
5450 4.073498 4.073498 4.073498 0.026965 0.026965 0.026965
5460 4.073498 4.073498 4.073498 0.026965 0.026965 0.026965
5470 4.073498 4.073498 4.073498 0.026965 0.026965 0.026965
5480 4.073498 4.073498 4.073498 0.026965 0.026965 0.026965
5490 4.073498 4.073498 4.073498 0.026965 0.026965 0.026965
5500 4.073498 4.073498 4.073498 0.026965 0.026965 0.026965
5510 4.073498 4.073498 4.073498 0.026965 0.026965 0.026965
5520 4.073498 4.073498 4.073498 0.026965 0.026965 0.026965
5530 4.073498 4.073498 4.073498 0.026965 0.026965 0.026965
5540 4.073498 4.073498 4.073498 0.026965 0.026965 0.026965
5550 4.073498 4.073498 4.073498 0.026965 0.026965 0.026965
5560 4.073498 4.073498 4.073498 0.026965 0.026965 0.026965
5570 4.073498 4.073498 4.073498 0.026965 0.026965 0.026965
5580 4.073498 4.073498 4.073498 0.026965 0.026965 0.026965
5590 4.073498 4.073498 4.073498 0.026965 0.026965 0.026965
5600 4.073498 4.073498 4.073498 0.026965 0.026965 0.026965
5610 4.073498 4.073498 4.073498 0.026965 0.026965 0.026965
5620 4.073498 4.073498 4.073498 0.026965 0.026965 0.026965
5630 4.073498 4.073498 4.073498 0.026965 0.026965 0.026965
5640 4.073498 4.073498 4.073498 0.026965 0.026965 0.026965
5650 4.073498 4.073498 4.073498 0.026965 0.026965 0.026965
5660 4.073498 4.073498 4.073498 0.026965 0.026965 0.026965
5670 4.073498 4.073498 4.073498 0.026965 0.026965 0.026965
5680 4.073498 4.073498 4.073498 0.026965 0.026965 0.026965
5690 4.073498 4.073498 4.073498 0.026965 0.026965 0.026965
5700 4.073498 4.073498 4.073498 0.026965 0.026965 0.026965
5710 4.073498 4.073498 4.073498 0.026965 0.026965 0.026965
5720 4.073498 4.073498 4.073498 0.026965 0.026965 0.026965
5730 4.073498 4.073498 4.073498 0.026965 0.026965 0.026965
5740 4.073498 4.073498 4.073498 0.026965 0.026965 0.026965
5750 4.073498 4.073498 4.073498 0.026965 0.026965 0.026965
5760 4.073498 4.073498 4.073498 0.026965 0.026965 0.026965
5770 4.073498 4.073498 4.073498 0.026965 0.026965 0.026965
5780 4.073498 4.073498 4.073498 0.026965 0.026965 0.026965
5790 4.073498 4.073498 4.073498 0.026965 0.026965 0.026965
5800 4.073498 4.073498 4.073498 0.026965 0.026965 0.026965
5810 4.073498 4.073498 4.073498 0.026965 0.026965 0.026965
5820 4.073498 4.073498 4.073498 0.026965 0.026965 0.026965
5830 4.073498 4.073498 4.073498 0.026965 0.026965 0.026965
5840 4.073498 4.073498 4.073498 0.026965 0.026965 0.026965
5850 4.073498 4.073498 4.073498 0.026965 0.026965 0.026965
5860 4.073498 4.073498 4.073498 0.026965 0.026965 0.026965
5870 4.073498 4.073498 4.073498 0.026965 0.026965 0.026965
5880 4.073498 4.073498 4.073498 0.026965 0.026965 0.026965
5890 4.073498 4.073498 4.073498 0.026965 0.026965 0.026965
5900 4.073498 4.073498 4.073498 0.026965 0.026965 0.026965
5910 4.073498 4.073498 4.073498 0.026965 0.026965 0.026965
5920 4.073498 4.073498 4.073498 0.026965 0.026965 0.026965
5930 4.073498 4.073498 4.073498 0.026965 0.026965 0.026965
5940 4.073498 4.073498 4.073498 0.026965 0.026965 0.026965
5950 4.073498 4.073498 4.073498 0.026965 0.026965 0.026965
5960 4.073498 4.073498 4.073498 0.026965 0.026965 0.026965
5970 4.073498 4.073498 4.073498 0.026965 0.026965 0.026965
5980 4.073498 4.073498 4.073498 0.026965 0.026965 0.026965
5990 4.073498 4.073498 4.073498 0.026965 0.026965 0.026965
6000 4.073498 4.073498 4.073498 0.026965 0.026965 0.026965
6010 4.073498 4.073498 4.073498 0.026965 0.026965 0.026965
6020 4.073498 4.073498 4.073498 0.026965 0.026965 0.026965
6030 4.073498 4.073498 4.073498 0.026965 0.026965 0.026965
6040 4.073498 4.073498 4.073498 0.026965 0.026965 0.026965
6050 4.073498 4.073498 4.073498 0.026965 0.026965 0.026965
6060 4.073498 4.073498 4.073498 0.026965 0.026965 0.026965
6070 4.073498 4.073498 4.073498 0.026965 0.026965 0.026965
6080 4.073498 4.073498 4.073498 0.026965 0.026965 0.026965
6090 4.073498 4.073498 4.073498 0.026965 0.026965 0.026965
6100 4.073498 4.073498 4.073498 0.026965 0.026965 0.026965
6110 4.073498 4.073498 4.073498 0.026965 0.026965 0.026965
6120 4.073498 4.073498 4.073498 0.026965 0.026965 0.026965
6130 4.073498 4.073498 4.073498 0.026965 0.026965 0.026965
6140 4.073498 4.073498 4.073498 0.026965 0.026965 0.026965
6150 4.073498 4.073498 4.073498 0.026965 0.026965 0.026965
6160 4.073498 4.073498 4.073498 0.026965 0.026965 0.026965
6170 4.073498 4.073498 4.073498 0.026965 0.026965 0.026965
6180 4.073498 4.073498 4.073498 0.026965 0.026965 0.026965
6190 4.073498 4.073498 4.073498 0.026965 0.026965 0.026965
6200 4.073498 4.073498 4.073498 0.026965 0.026965 0.026965
6210 4.073498 4.073498 4.073498 0.026965 0.026965 0.026965
6220 4.073498 4.073498 4.073498 0.026965 0.026965 0.026965
6230 4.073498 4.073498 4.073498 0.026965 0.026965 0.026965
6240 4.073498 4.073498 4.073498 0.026965 0.026965 0.026965
6250 4.073498 4.073498 4.073498 0.026965 0.026965 0.026965
6260 4.073498 4.073498 4.073498 0.026965 0.026965 0.026965
6270 4.073498 4.073498 4.073498 0.026965 0.026965 0.026965
6280 4.073498 4.073498 4.073498 0.026965 0.026965 0.026965
6290 4.073498 4.073498 4.073498 0.026965 0.026965 0.026965
6300 4.073498 4.073498 4.073498 0.026965 0.026965 0.026965
6310 4.073498 4.073498 4.073498 0.026965 0.026965 0.026965
6320 4.073498 4.073498 4.073498 0.026965 0.026965 0.026965
6330 4.073498 4.073498 4.073498 0.026965 0.026965 0.026965
6340 4.073498 4.073498 4.073498 0.026965 0.026965 0.026965
6350 4.073498 4.073498 4.073498 0.026965 0.026965 0.026965
6360 4.073498 4.073498 4.073498 0.026965 0.026965 0.026965
6370 4.073498 4.073498 4.073498 0.026965 0.026965 0.026965
6380 4.073498 4.073498 4.073498 0.026965 0.026965 0.026965
6390 4.073498 4.073498 4.073498 0.026965 0.026965 0.026965
6400 4.073498 4.073498 4.073498 0.026965 0.026965 0.026965
6410 4.073498 4.073498 4.073498 0.026965 0.026965 0.026965
6420 4.073498 4.073498 4.073498 0.026965 0.026965 0.026965
6430 4.073498 4.073498 4.073498 0.026965 0.026965 0.026965
6440 4.073498 4.073498 4.073498 0.026965 0.026965 0.026965
6450 4.073498 4.073498 4.073498 0.026965 0.026965 0.026965
6460 4.073498 4.073498 4.073498 0.026965 0.026965 0.026965
6470 4.073498 4.073498 4.073498 0.026965 0.026965 0.026965
6480 4.073498 4.073498 4.073498 0.026965 0.026965 0.026965
6490 4.073498 4.073498 4.073498 0.026965 0.026965 0.026965
6500 4.073498 4.073498 4.073498 0.026965 0.026965 0.026965
6510 4.073498 4.073498 4.073498 0.026965 0.026965 0.026965
6520 4.073498 4.073498 4.073498 0.026965 0.026965 0.026965
6530 4.073498 4.073498 4.073498 0.026965 0.026965 0.026965
6540 4.073498 4.073498 4.073498 0.026965 0.026965 0.026965
6550 4.073498 4.073498 4.073498 0.026965 0.026965 0.026965
6560 4.073498 4.073498 4.073498 0.026965 0.026965 0.026965
6570 4.073498 4.073498 4.073498 0.026965 0.026965 0.026965
6580 4.073498 4.073498 4.073498 0.026965 0.026965 0.026965
6590 4.073498 4.073498 4.073498 0.026965 0.026965 0.026965
6600 4.073498 4.073498 4.073498 0.026965 0.026965 0.026965
6610 4.073498 4.073498 4.073498 0.026965 0.026965 0.026965
6620 4.073498 4.073498 4.073498 0.026965 0.026965 0.026965
6630 4.073498 4.073498 4.073498 0.026965 0.026965 0.026965
6640 4.073498 4.073498 4.073498 0.026965 0.026965 0.026965
6650 4.073498 4.073498 4.073498 0.026965 0.026965 0.026965
6660 4.073498 4.073498 4.073498 0.026965 0.026965 0.026965
6670 4.073498 4.073498 4.073498 0.026965 0.026965 0.026965
6680 4.073498 4.073498 4.073498 0.026965 0.026965 0.026965
6690 4.073498 4.073498 4.073498 0.026965 0.026965 0.026965
6700 4.073498 4.073498 4.073498 0.026965 0.026965 0.026965
6710 4.073498 4.073498 4.073498 0.026965 0.026965 0.026965
6720 4.073498 4.073498 4.073498 0.026965 0.026965 0.026965
6730 4.073498 4.073498 4.073498 0.026965 0.026965 0.026965
6740 4.073498 4.073498 4.073498 0.026965 0.026965 0.026965
6750 4.073498 4.073498 4.073498 0.026965 0.026965 0.026965
6760 4.073498 4.073498 4.073498 0.026965 0.026965 0.026965
6770 4.073498 4.073498 4.073498 0.026965 0.026965 0.026965
6780 4.073498 4.073498 4.073498 0.026965 0.026965 0.026965
6790 4.073498 4.073498 4.073498 0.026965 0.026965 0.026965
6800 4.073498 4.073498 4.073498 0.026965 0.026965 0.026965
6810 4.073498 4.073498 4.073498 0.026965 0.026965 0.026965
6820 4.073498 4.073498 4.073498 0.026965 0.026965 0.026965
6830 4.073498 4.073498 4.073498 0.026965 0.026965 0.026965
6840 4.073498 4.073498 4.073498 0.026965 0.026965 0.026965
6850 4.073498 4.073498 4.073498 0.026965 0.026965 0.026965
6860 4.073498 4.073498 4.073498 0.026965 0.026965 0.026965
6870 4.073498 4.073498 4.073498 0.026965 0.026965 0.026965
6880 4.073498 4.073498 4.073498 0.026965 0.026965 0.026965
6890 4.073498 4.073498 4.073498 0.026965 0.026965 0.026965
6900 4.073498 4.073498 4.073498 0.026965 0.026965 0.026965
6910 4.073498 4.073498 4.073498 0.026965 0.026965 0.026965
6920 4.073498 4.073498 4.073498 0.026965 0.026965 0.026965
6930 4.073498 4.073498 4.073498 0.026965 0.026965 0.026965
6940 4.073498 4.073498 4.073498 0.026965 0.026965 0.026965
6950 4.073498 4.073498 4.073498 0.026965 0.026965 0.026965
6960 4.073498 4.073498 4.073498 0.026965 0.026965 0.026965
6970 4.073498 4.073498 4.073498 0.026965 0.026965 0.026965
6980 4.073498 4.073498 4.073498 0.026965 0.026965 0.026965
6990 4.073498 4.073498 4.073498 0.026965 0.026965 0.026965
7000 4.073498 4.073498 4.073498 0.026965 0.026965 0.026965
7010 4.073498 4.073498 4.073498 0.026965 0.026965 0.026965
7020 4.073498 4.073498 4.073498 0.026965 0.026965 0.026965
7030 4.073498 4.073498 4.073498 0.026965 0.026965 0.026965
7040 4.073498 4.073498 4.073498 0.026965 0.026965 0.026965
7050 4.073498 4.073498 4.073498 0.026965 0.026965 0.026965
7060 4.073498 4.073498 4.073498 0.026965 0.026965 0.026965
7070 4.073498 4.073498 4.073498 0.026965 0.026965 0.026965
7080 4.073498 4.073498 4.073498 0.026965 0.026965 0.026965
7090 4.073498 4.073498 4.073498 0.026965 0.026965 0.026965
7100 4.073498 4.073498 4.073498 0.026965 0.026965 0.026965
7110 4.073498 4.073498 4.073498 0.026965 0.026965 0.026965
7120 4.073498 4.073498 4.073498 0.026965 0.026965 0.026965
7130 4.073498 4.073498 4.073498 0.026965 0.026965 0.026965
7140 4.073498 4.073498 4.073498 0.026965 0.026965 0.026965
7150 4.073498 4.073498 4.073498 0.026965 0.026965 0.026965
7160 4.073498 4.073498 4.073498 0.026965 0.026965 0.026965
7170 4.073498 4.073498 4.073498 0.026965 0.026965 0.026965
7180 4.073498 4.073498 4.073498 0.026965 0.026965 0.026965
7190 4.073498 4.073498 4.073498 0.026965 0.026965 0.026965
7200 4.073498 4.073498 4.073498 0.026965 0.026965 0.026965
7210 4.073498 4.073498 4.073498 0.026965 0.026965 0.026965
7220 4.073498 4.073498 4.073498 0.026965 0.026965 0.026965
7230 4.073498 4.073498 4.073498 0.026965 0.026965 0.026965
7240 4.073498 4.073498 4.073498 0.026965 0.026965 0.026965
7250 4.073498 4.073498 4.073498 0.026965 0.026965 0.026965
7260 4.073498 4.073498 4.073498 0.026965 0.026965 0.026965
7270 4.073498 4.073498 4.073498 0.026965 0.026965 0.026965
7280 4.073498 4.073498 4.073498 0.026965 0.026965 0.026965
7290 4.073498 4.073498 4.073498 0.026965 0.026965 0.026965
7300 4.073498 4.073498 4.073498 0.026965 0.026965 0.026965
7310 4.073498 4.073498 4.073498 0.026965 0.026965 0.026965
7320 4.073498 4.073498 4.073498 0.026965 0.026965 0.026965
7330 4.073498 4.073498 4.073498 0.026965 0.026965 0.026965
7340 4.073498 4.073498 4.073498 0.026965 0.026965 0.026965
7350 4.073498 4.073498 4.073498 0.026965 0.026965 0.026965
7360 4.073498 4.073498 4.073498 0.026965 0.026965 0.026965
7370 4.073498 4.073498 4.073498 0.026965 0.026965 0.026965
7380 4.073498 4.073498 4.073498 0.026965 0.026965 0.026965
7390 4.073498 4.073498 4.073498 0.026965 0.026965 0.026965
7400 4.073498 4.073498 4.073498 0.026965 0.026965 0.026965
7410 4.073498 4.073498 4.073498 0.026965 0.026965 0.026965
7420 4.073498 4.073498 4.073498 0.026965 0.026965 0.026965
7430 4.073498 4.073498 4.073498 0.026965 0.026965 0.026965
7440 4.073498 4.073498 4.073498 0.026965 0.026965 0.026965
7450 4.073498 4.073498 4.073498 0.026965 0.026965 0.026965
7460 4.073498 4.073498 4.073498 0.026965 0.026965 0.026965
7470 4.073498 4.073498 4.073498 0.026965 0.026965 0.026965
7480 4.073498 4.073498 4.073498 0.026965 0.026965 0.026965
7490 4.073498 4.073498 4.073498 0.026965 0.026965 0.026965
7500 4.073498 4.073498 4.073498 0.026965 0.026965 0.026965
7510 4.073498 4.073498 4.073498 0.026965 0.026965 0.026965
7520 4.073498 4.073498 4.073498 0.026965 0.026965 0.026965
7530 4.073498 4.073498 4.073498 0.026965 0.026965 0.026965
7540 4.073498 4.073498 4.073498 0.026965 0.026965 0.026965
7550 4.073498 4.073498 4.073498 0.026965 0.026965 0.026965
7560 4.073498 4.073498 4.073498 0.026965 0.026965 0.026965
7570 4.073498 4.073498 4.073498 0.026965 0.026965 0.026965
7580 4.073498 4.073498 4.073498 0.026965 0.026965 0.026965
7590 4.073498 4.073498 4.073498 0.026965 0.026965 0.026965
7600 4.073498 4.073498 4.073498 0.026965 0.026965 0.026965
7610 4.073498 4.073498 4.073498 0.026965 0.026965 0.026965
7620 4.073498 4.073498 4.073498 0.026965 0.026965 0.026965
7630 4.073498 4.073498 4.073498 0.026965 0.026965 0.026965
7640 4.073498 4.073498 4.073498 0.026965 0.026965 0.026965
7650 4.073498 4.073498 4.073498 0.026965 0.026965 0.026965
7660 4.073498 4.073498 4.073498 0.026965 0.026965 0.026965
7670 4.073498 4.073498 4.073498 0.026965 0.026965 0.026965
7680 4.073498 4.073498 4.073498 0.026965 0.026965 0.026965
7690 4.073498 4.073498 4.073498 0.026965 0.026965 0.026965
7700 4.073498 4.073498 4.073498 0.026965 0.026965 0.026965
7710 4.073498 4.073498 4.073498 0.026965 0.026965 0.026965
7720 4.073498 4.073498 4.073498 0.026965 0.026965 0.026965
7730 4.073498 4.073498 4.073498 0.026965 0.026965 0.026965
7740 4.073498 4.073498 4.073498 0.026965 0.026965 0.026965
7750 4.073498 4.073498 4.073498 0.026965 0.026965 0.026965
7760 4.073498 4.073498 4.073498 0.026965 0.026965 0.026965
7770 4.073498 4.073498 4.073498 0.026965 0.026965 0.026965
7780 4.073498 4.073498 4.073498 0.026965 0.026965 0.026965
7790 4.073498 4.073498 4.073498 0.026965 0.026965 0.026965
7800 4.073498 4.073498 4.073498 0.026965 0.026965 0.026965
7810 4.073498 4.073498 4.073498 0.026965 0.026965 0.026965
7820 4.073498 4.073498 4.073498 0.026965 0.026965 0.026965
7830 4.073498 4.073498 4.073498 0.026965 0.026965 0.026965
7840 4.073498 4.073498 4.073498 0.026965 0.026965 0.026965
7850 4.073498 4.073498 4.073498 0.026965 0.026965 0.026965
7860 4.073498 4.073498 4.073498 0.026965 0.026965 0.026965
7870 4.073498 4.073498 4.073498 0.026965 0.026965 0.026965
7880 4.073498 4.073498 4.073498 0.026965 0.026965 0.026965
7890 4.073498 4.073498 4.073498 0.026965 0.026965 0.026965
7900 4.073498 4.073498 4.073498 0.026965 0.026965 0.026965
7910 4.073498 4.073498 4.073498 0.026965 0.026965 0.026965
7920 4.073498 4.073498 4.073498 0.026965 0.026965 0.026965
7930 4.073498 4.073498 4.073498 0.026965 0.026965 0.026965
7940 4.073498 4.073498 4.073498 0.026965 0.026965 0.026965
7950 4.073498 4.073498 4.073498 0.026965 0.026965 0.026965
7960 4.073498 4.073498 4.073498 0.026965 0.026965 0.026965
7970 4.073498 4.073498 4.073498 0.026965 0.026965 0.026965
7980 4.073498 4.073498 4.073498 0.026965 0.026965 0.026965
7990 4.073498 4.073498 4.073498 0.026965 0.026965 0.026965
8000 4.073498 4.073498 4.073498 0.026965 0.026965 0.026965
8010 4.073498 4.073498 4.073498 0.026965 0.026965 0.026965
8020 4.073498 4.073498 4.073498 0.026965 0.026965 0.026965
8030 4.073498 4.073498 4.073498 0.026965 0.026965 0.026965
8040 4.073498 4.073498 4.073498 0.026965 0.026965 0.026965
8050 4.073498 4.073498 4.073498 0.026965 0.026965 0.026965
8060 4.073498 4.073498 4.073498 0.026965 0.026965 0.026965
8070 4.073498 4.073498 4.073498 0.026965 0.026965 0.026965
8080 4.073498 4.073498 4.073498 0.026965 0.026965 0.026965
8090 4.073498 4.073498 4.073498 0.026965 0.026965 0.026965
8100 4.073498 4.073498 4.073498 0.026965 0.026965 0.026965
8110 4.073498 4.073498 4.073498 0.026965 0.026965 0.026965
8120 4.073498 4.073498 4.073498 0.026965 0.026965 0.026965
8130 4.073498 4.073498 4.073498 0.026965 0.026965 0.026965
8140 4.073498 4.073498 4.073498 0.026965 0.026965 0.026965
8150 4.073498 4.073498 4.073498 0.026965 0.026965 0.026965
8160 4.073498 4.073498 4.073498 0.026965 0.026965 0.026965
8170 4.073498 4.073498 4.073498 0.026965 0.026965 0.026965
8180 4.073498 4.073498 4.073498 0.026965 0.026965 0.026965
8190 4.073498 4.073498 4.073498 0.026965 0.026965 0.026965
8200 4.073498 4.073498 4.073498 0.026965 0.026965 0.026965
8210 4.073498 4.073498 4.073498 0.026965 0.026965 0.026965
8220 4.073498 4.073498 4.073498 0.026965 0.026965 0.026965
8230 4.073498 4.073498 4.073498 0.026965 0.026965 0.026965
8240 4.073498 4.073498 4.073498 0.026965 0.026965 0.026965
8250 4.073498 4.073498 4.073498 0.026965 0.026965 0.026965
8260 4.073498 4.073498 4.073498 0.026965 0.026965 0.026965
8270 4.073498 4.073498 4.073498 0.026965 0.026965 0.026965
8280 4.073498 4.073498 4.073498 0.026965 0.026965 0.026965
8290 4.073498 4.073498 4.073498 0.026965 0.026965 0.026965
8300 4.073498 4.073498 4.073498 0.026965 0.026965 0.026965
8310 4.073498 4.073498 4.073498 0.026965 0.026965 0.026965
8320 4.073498 4.073498 4.073498 0.026965 0.026965 0.026965
8330 4.073498 4.073498 4.073498 0.026965 0.026965 0.026965
8340 4.073498 4.073498 4.073498 0.026965 0.026965 0.026965
8350 4.073498 4.073498 4.073498 0.026965 0.026965 0.026965
8360 4.073498 4.073498 4.073498 0.026965 0.026965 0.026965
8370 4.073498 4.073498 4.073498 0.026965 0.026965 0.026965
8380 4.073498 4.073498 4.073498 0.026965 0.026965 0.026965
8390 4.073498 4.073498 4.073498 0.026965 0.026965 0.026965
8400 4.073498 4.073498 4.073498 0.026965 0.026965 0.026965
8410 4.073498 4.073498 4.073498 0.026965 0.026965 0.026965
8420 4.073498 4.073498 4.073498 0.026965 0.026965 0.026965
8430 4.073498 4.073498 4.073498 0.026965 0.026965 0.026965
8440 4.073498 4.073498 4.073498 0.026965 0.026965 0.026965
8450 4.073498 4.073498 4.073498 0.026965 0.026965 0.026965
8460 4.073498 4.073498 4.073498 0.026965 0.026965 0.026965
8470 4.073498 4.073498 4.073498 0.026965 0.026965 0.026965
8480 4.073498 4.073498 4.073498 0.026965 0.026965 0.026965
8490 4.073498 4.073498 4.073498 0.026965 0.026965 0.026965
8500 4.073498 4.073498 4.073498 0.026965 0.026965 0.026965
8510 4.073498 4.073498 4.073498 0.026965 0.026965 0.026965
8520 4.073498 4.073498 4.073498 0.026965 0.026965 0.026965
8530 4.073498 4.073498 4.073498 0.026965 0.026965 0.026965
8540 4.073498 4.073498 4.073498 0.026965 0.026965 0.026965
8550 4.073498 4.073498 4.073498 0.026965 0.026965 0.026965
8560 4.073498 4.073498 4.073498 0.026965 0.026965 0.026965
8570 4.073498 4.073498 4.073498 0.026965 0.026965 0.026965
8580 4.073498 4.073498 4.073498 0.026965 0.026965 0.026965
8590 4.073498 4.073498 4.073498 0.026965 0.026965 0.026965
8600 4.073498 4.073498 4.073498 0.026965 0.026965 0.026965
8610 4.073498 4.073498 4.073498 0.026965 0.026965 0.026965
8620 4.073498 4.073498 4.073498 0.026965 0.026965 0.026965
8630 4.073498 4.073498 4.073498 0.026965 0.026965 0.026965
8640 4.073498 4.073498 4.073498 0.026965 0.026965 0.026965
8650 4.073498 4.073498 4.073498 0.026965 0.026965 0.026965
8660 4.073498 4.073498 4.073498 0.026965 0.026965 0.026965
8670 4.073498 4.073498 4.073498 0.026965 0.026965 0.026965
8680 4.073498 4.073498 4.073498 0.026965 0.026965 0.026965
8690 4.073498 4.073498 4.073498 0.026965 0.026965 0.026965
8700 4.073498 4.073498 4.073498 0.026965 0.026965 0.026965
8710 4.073498 4.073498 4.073498 0.026965 0.026965 0.026965
8720 4.073498 4.073498 4.073498 0.026965 0.026965 0.026965
8730 4.073498 4.073498 4.073498 0.026965 0.026965 0.026965
8740 4.073498 4.073498 4.073498 0.026965 0.026965 0.026965
8750 4.073498 4.073498 4.073498 0.026965 0.026965 0.026965
8760 4.073498 4.073498 4.073498 0.026965 0.026965 0.026965
8770 4.073498 4.073498 4.073498 0.026965 0.026965 0.026965
8780 4.073498 4.073498 4.073498 0.026965 0.026965 0.026965
8790 4.073498 4.073498 4.073498 0.026965 0.026965 0.026965
8800 4.073498 4.073498 4.073498 0.026965 0.026965 0.026965
8810 4.073498 4.073498 4.073498 0.026965 0.026965 0.026965
8820 4.073498 4.073498 4.073498 0.026965 0.026965 0.026965
8830 4.073498 4.073498 4.073498 0.026965 0.026965 0.026965
8840 4.073498 4.073498 4.073498 0.026965 0.026965 0.026965
8850 4.073498 4.073498 4.073498 0.026965 0.026965 0.026965
8860 4.073498 4.073498 4.073498 0.026965 0.026965 0.026965
8870 4.073498 4.073498 4.073498 0.026965 0.026965 0.026965
8880 4.073498 4.073498 4.073498 0.026965 0.026965 0.026965
8890 4.073498 4.073498 4.073498 0.026965 0.026965 0.026965
8900 4.073498 4.073498 4.073498 0.026965 0.026965 0.026965
8910 4.073498 4.073498 4.073498 0.026965 0.026965 0.026965
8920 4.073498 4.073498 4.073498 0.026965 0.026965 0.026965
8930 4.073498 4.073498 4.073498 0.026965 0.026965 0.026965
8940 4.073498 4.073498 4.073498 0.026965 0.026965 0.026965
8950 4.073498 4.073498 4.073498 0.026965 0.026965 0.026965
8960 4.073498 4.073498 4.073498 0.026965 0.026965 0.026965
8970 4.073498 4.073498 4.073498 0.026965 0.026965 0.026965
8980 4.073498 4.073498 4.073498 0.026965 0.026965 0.026965
8990 4.073498 4.073498 4.073498 0.026965 0.026965 0.026965
9000 4.073498 4.073498 4.073498 0.026965 0.026965 0.026965
9010 4.073498 4.073498 4.073498 0.026965 0.026965 0.026965
9020 4.073498 4.073498 4.073498 0.026965 0.026965 0.026965
9030 4.073498 4.073498 4.073498 0.026965 0.026965 0.026965
9040 4.073498 4.073498 4.073498 0.026965 0.026965 0.026965
9050 4.073498 4.073498 4.073498 0.026965 0.026965 0.026965
9060 4.073498 4.073498 4.073498 0.026965 0.026965 0.026965
9070 4.073498 4.073498 4.073498 0.026965 0.026965 0.026965
9080 4.073498 4.073498 4.073498 0.026965 0.026965 0.026965
9090 4.073498 4.073498 4.073498 0.026965 0.026965 0.026965
9100 4.073498 4.073498 4.073498 0.026965 0.026965 0.026965
9110 4.073498 4.073498 4.073498 0.026965 0.026965 0.026965
9120 4.073498 4.073498 4.073498 0.026965 0.026965 0.026965
9130 4.073498 4.073498 4.073498 0.026965 0.026965 0.026965
9140 4.073498 4.073498 4.073498 0.026965 0.026965 0.026965
9150 4.073498 4.073498 4.073498 0.026965 0.026965 0.026965
9160 4.073498 4.073498 4.073498 0.026965 0.026965 0.026965
9170 4.073498 4.073498 4.073498 0.026965 0.026965 0.026965
9180 4.073498 4.073498 4.073498 0.026965 0.026965 0.026965
9190 4.073498 4.073498 4.073498 0.026965 0.026965 0.026965
9200 4.073498 4.073498 4.073498 0.026965 0.026965 0.026965
9210 4.073498 4.073498 4.073498 0.026965 0.026965 0.026965
9220 4.073498 4.073498 4.073498 0.026965 0.026965 0.026965
9230 4.073498 4.073498 4.073498 0.026965 0.026965 0.026965
9240 4.073498 4.073498 4.073498 0.026965 0.026965 0.026965
9250 4.073498 4.073498 4.073498 0.026965 0.026965 0.026965
9260 4.073498 4.073498 4.073498 0.026965 0.026965 0.026965
9270 4.073498 4.073498 4.073498 0.026965 0.026965 0.026965
9280 4.073498 4.073498 4.073498 0.026965 0.026965 0.026965
9290 4.073498 4.073498 4.073498 0.026965 0.026965 0.026965
9300 4.073498 4.073498 4.073498 0.026965 0.026965 0.026965
9310 4.073498 4.073498 4.073498 0.026965 0.026965 0.026965
9320 4.073498 4.073498 4.073498 0.026965 0.026965 0.026965
9330 4.073498 4.073498 4.073498 0.026965 0.026965 0.026965
9340 4.073498 4.073498 4.073498 0.026965 0.026965 0.026965
9350 4.073498 4.073498 4.073498 0.026965 0.026965 0.026965
9360 4.073498 4.073498 4.073498 0.026965 0.026965 0.026965
9370 4.073498 4.073498 4.073498 0.026965 0.026965 0.026965
9380 4.073498 4.073498 4.073498 0.026965 0.026965 0.026965
9390 4.073498 4.073498 4.073498 0.026965 0.026965 0.026965
9400 4.073498 4.073498 4.073498 0.026965 0.026965 0.026965
9410 4.073498 4.073498 4.073498 0.026965 0.026965 0.026965
9420 4.073498 4.073498 4.073498 0.026965 0.026965 0.026965
9430 4.073498 4.073498 4.073498 0.026965 0.026965 0.026965
9440 4.073498 4.073498 4.073498 0.026965 0.026965 0.026965
9450 4.073498 4.073498 4.073498 0.026965 0.026965 0.026965
9460 4.073498 4.073498 4.073498 0.026965 0.026965 0.026965
9470 4.073498 4.073498 4.073498 0.026965 0.026965 0.026965
9480 4.073498 4.073498 4.073498 0.026965 0.026965 0.026965
9490 4.073498 4.073498 4.073498 0.026965 0.026965 0.026965
9500 4.073498 4.073498 4.073498 0.026965 0.026965 0.026965
9510 4.073498 4.073498 4.073498 0.026965 0.026965 0.026965
9520 4.073498 4.073498 4.073498 0.026965 0.026965 0.026965
9530 4.073498 4.073498 4.073498 0.026965 0.026965 0.026965
9540 4.073498 4.073498 4.073498 0.026965 0.026965 0.026965
9550 4.073498 4.073498 4.073498 0.026965 0.026965 0.026965
9560 4.073498 4.073498 4.073498 0.026965 0.026965 0.026965
9570 4.073498 4.073498 4.073498 0.026965 0.026965 0.026965
9580 4.073498 4.073498 4.073498 0.026965 0.026965 0.026965
9590 4.073498 4.073498 4.073498 0.026965 0.026965 0.026965
9600 4.073498 4.073498 4.073498 0.026965 0.026965 0.026965
9610 4.073498 4.073498 4.073498 0.026965 0.026965 0.026965
9620 4.073498 4.073498 4.073498 0.026965 0.026965 0.026965
9630 4.073498 4.073498 4.073498 0.026965 0.026965 0.026965
9640 4.073498 4.073498 4.073498 0.026965 0.026965 0.026965
9650 4.073498 4.073498 4.073498 0.026965 0.026965 0.026965
9660 4.073498 4.073498 4.073498 0.026965 0.026965 0.026965
9670 4.073498 4.073498 4.073498 0.026965 0.026965 0.026965
9680 4.073498 4.073498 4.073498 0.026965 0.026965 0.026965
9690 4.073498 4.073498 4.073498 0.026965 0.026965 0.026965
9700 4.073498 4.073498 4.073498 0.026965 0.026965 0.026965
9710 4.073498 4.073498 4.073498 0.026965 0.026965 0.026965
9720 4.073498 4.073498 4.073498 0.026965 0.026965 0.026965
9730 4.073498 4.073498 4.073498 0.026965 0.026965 0.026965
9740 4.073498 4.073498 4.073498 0.026965 0.026965 0.026965
9750 4.073498 4.073498 4.073498 0.026965 0.026965 0.026965
9760 4.073498 4.073498 4.073498 0.026965 0.026965 0.026965
9770 4.073498 4.073498 4.073498 0.026965 0.026965 0.026965
9780 4.073498 4.073498 4.073498 0.026965 0.026965 0.026965
9790 4.073498 4.073498 4.073498 0.026965 0.026965 0.026965
9800 4.073498 4.073498 4.073498 0.026965 0.026965 0.026965
9810 4.073498 4.073498 4.073498 0.026965 0.026965 0.026965
9820 4.073498 4.073498 4.073498 0.026965 0.026965 0.026965
9830 4.073498 4.073498 4.073498 0.026965 0.026965 0.026965
9840 4.073498 4.073498 4.073498 0.026965 0.026965 0.026965
9850 4.073498 4.073498 4.073498 0.026965 0.026965 0.026965
9860 4.073498 4.073498 4.073498 0.026965 0.026965 0.026965
9870 4.073498 4.073498 4.073498 0.026965 0.026965 0.026965
9880 4.073498 4.073498 4.073498 0.026965 0.026965 0.026965
9890 4.073498 4.073498 4.073498 0.026965 0.026965 0.026965
9900 4.073498 4.073498 4.073498 0.026965 0.026965 0.026965
9910 4.073498 4.073498 4.073498 0.026965 0.026965 0.026965
9920 4.073498 4.073498 4.073498 0.026965 0.026965 0.026965
9930 4.073498 4.073498 4.073498 0.026965 0.026965 0.026965
9940 4.073498 4.073498 4.073498 0.026965 0.026965 0.026965
9950 4.073498 4.073498 4.073498 0.026965 0.026965 0.026965
9960 4.073498 4.073498 4.073498 0.026965 0.026965 0.026965
9970 4.073498 4.073498 4.073498 0.026965 0.026965 0.026965
9980 4.073498 4.073498 4.073498 0.026965 0.026965 0.026965
9990 4.073498 4.073498 4.073498 0.026965 0.026965 0.026965
10000 4.361489 4.361489 4.361489 0.033341 0.033341 0.033341
