# generation power_min power_avg power_max util_min util_avg util_max
1 5.598226 6.867846 8.333852 0.162599 0.225714 0.326606
10 5.598226 6.690973 7.685661 0.162599 0.225945 0.326606
20 5.315955 6.525119 7.473635 0.162599 0.228023 0.349373
30 5.315955 6.385517 7.164871 0.162599 0.225787 0.349373
40 5.315955 6.265605 7.049574 0.162599 0.223713 0.349373
50 4.897462 6.146907 6.798292 0.175594 0.222941 0.349373
60 4.897462 6.035814 6.652994 0.166553 0.223148 0.349373
70 4.897462 5.930910 6.514796 0.166553 0.221982 0.349373
80 4.897462 5.834928 6.389730 0.166553 0.221965 0.349373
90 4.786341 5.728751 6.291387 0.166553 0.223251 0.349373
100 4.786341 5.637784 6.182671 0.166553 0.221641 0.349373
110 4.783021 5.542501 6.048785 0.166553 0.222082 0.349373
120 4.566686 5.437103 5.964099 0.166553 0.220891 0.304161
130 4.516259 5.344367 5.840357 0.173119 0.222063 0.304161
140 4.512988 5.267505 5.717239 0.173119 0.223359 0.304161
150 4.512988 5.174741 5.631555 0.173119 0.221107 0.304161
160 4.186781 5.079800 5.569863 0.173119 0.220212 0.304161
170 4.186781 4.992486 5.507436 0.173119 0.219026 0.304161
180 4.186781 4.896195 5.419961 0.162781 0.216669 0.304161
190 4.094827 4.815524 5.294751 0.162781 0.214953 0.285776
200 4.044539 4.730066 5.238853 0.162781 0.215999 0.285776
210 3.921384 4.640826 5.097160 0.162781 0.214785 0.285776
220 3.921384 4.571719 5.004787 0.161657 0.215338 0.285776
230 3.832924 4.500264 4.911997 0.161657 0.216380 0.285776
240 3.832924 4.417361 4.814513 0.161657 0.217731 0.285776
250 3.806048 4.346497 4.760740 0.160939 0.216956 0.274908
260 3.806048 4.287845 4.680457 0.160939 0.216403 0.274908
270 3.770599 4.224322 4.609457 0.160939 0.217127 0.272230
280 3.770599 4.168841 4.516259 0.160939 0.218081 0.272230
290 3.643453 4.101571 4.430099 0.160939 0.220580 0.272230
300 3.643453 4.048264 4.389035 0.171485 0.222528 0.272230
310 3.510006 3.986374 4.338791 0.182434 0.222924 0.272230
320 3.510006 3.922307 4.229753 0.182973 0.224273 0.272230
330 3.507473 3.859666 4.115648 0.182973 0.225353 0.272230
340 3.296786 3.815848 4.061633 0.182973 0.225847 0.276514
350 3.296786 3.762438 4.033361 0.182973 0.225966 0.276514
360 3.296786 3.714708 3.996102 0.182973 0.227461 0.276514
370 3.296786 3.668863 3.957248 0.182973 0.229393 0.276514
380 3.284051 3.615994 3.905212 0.186484 0.229790 0.276514
390 3.284051 3.576982 3.840815 0.186484 0.229609 0.276514
400 3.036031 3.525698 3.773946 0.186484 0.227902 0.270074
410 3.036031 3.486678 3.709224 0.192911 0.228467 0.270074
420 3.036031 3.448857 3.643453 0.192911 0.230207 0.270074
430 3.036031 3.414542 3.595382 0.192911 0.231778 0.270074
440 3.036031 3.378613 3.554786 0.199344 0.231512 0.270074
450 3.036031 3.342847 3.517917 0.199344 0.231552 0.270074
460 3.005982 3.306528 3.497354 0.199344 0.231425 0.261752
470 3.005982 3.270136 3.468299 0.199344 0.232076 0.261752
480 2.760130 3.224854 3.441558 0.199344 0.232256 0.261752
490 2.760130 3.181773 3.394653 0.199344 0.233020 0.260310
500 2.663919 3.133909 3.359699 0.201469 0.233607 0.260310
510 2.648824 3.087078 3.315468 0.205527 0.233992 0.260310
520 2.648824 3.043637 3.287917 0.205527 0.233225 0.260310
530 2.648824 3.005727 3.205995 0.205527 0.233440 0.260639
540 2.609336 2.973969 3.165503 0.205527 0.232308 0.267767
550 2.609336 2.939026 3.146171 0.208195 0.232249 0.267767
560 2.609336 2.903181 3.114506 0.208195 0.231368 0.267767
570 2.609336 2.867400 3.088440 0.208195 0.230892 0.267767
580 2.609336 2.832031 3.069918 0.208195 0.230379 0.260639
590 2.518570 2.796294 3.028407 0.208195 0.230073 0.260639
600 2.518570 2.769548 2.966887 0.208373 0.230814 0.260639
610 2.518570 2.744504 2.907286 0.208373 0.230979 0.260639
620 2.518570 2.729789 2.807138 0.208373 0.230720 0.249463
630 2.518570 2.721149 2.785020 0.208373 0.232040 0.249463
640 2.518570 2.712729 2.770991 0.221197 0.233539 0.249463
650 2.518570 2.699761 2.759613 0.224442 0.234661 0.249463
660 2.518570 2.688464 2.744768 0.224442 0.235094 0.249463
670 2.518570 2.675570 2.737510 0.224442 0.235537 0.249463
680 2.497531 2.662235 2.728907 0.221089 0.235232 0.249463
690 2.420595 2.647869 2.728907 0.221089 0.235306 0.249463
700 2.406922 2.628877 2.719570 0.221089 0.235703 0.249463
710 2.406922 2.613954 2.696754 0.221089 0.235851 0.249463
720 2.406922 2.595909 2.696754 0.221089 0.236687 0.255187
730 2.384822 2.576403 2.687783 0.221089 0.236777 0.255187
740 2.355591 2.559738 2.663919 0.221089 0.236069 0.255187
750 2.355546 2.544026 2.640642 0.221089 0.235249 0.255187
760 2.350763 2.525582 2.609336 0.221089 0.234558 0.245440
770 2.322704 2.504725 2.597317 0.221089 0.233819 0.245440
780 2.322704 2.488762 2.591402 0.221089 0.233522 0.246989
790 2.322704 2.468142 2.581415 0.221089 0.233255 0.246989
800 2.322704 2.448818 2.556064 0.221089 0.233010 0.246989
810 2.322704 2.429631 2.547234 0.221089 0.232892 0.246989
820 2.305999 2.409638 2.527833 0.221089 0.232920 0.246989
830 2.305999 2.392314 2.518570 0.221089 0.232891 0.246989
840 2.305999 2.376503 2.469248 0.221697 0.232765 0.245440
850 2.305999 2.365135 2.428056 0.225590 0.233274 0.245440
860 2.305999 2.357066 2.409762 0.226015 0.233925 0.245440
870 2.305999 2.350157 2.406922 0.226015 0.233894 0.245440
880 2.305999 2.342881 2.376036 0.226015 0.233765 0.240737
890 2.305999 2.338974 2.355546 0.227287 0.234433 0.240737
900 2.305999 2.335598 2.355433 0.227287 0.235074 0.241953
910 2.299519 2.331312 2.355433 0.227287 0.235728 0.242184
920 2.298092 2.326826 2.355388 0.227287 0.236549 0.242184
930 2.290698 2.322672 2.345229 0.228781 0.236901 0.242184
940 2.290698 2.318949 2.345071 0.228781 0.237357 0.242184
950 2.290698 2.315042 2.344757 0.229012 0.237814 0.242184
960 2.289381 2.311614 2.333239 0.233720 0.238250 0.243397
970 2.289381 2.309065 2.322704 0.235545 0.238126 0.243397
980 2.283039 2.306871 2.322659 0.235545 0.237822 0.243397
990 2.283039 2.305099 2.312342 0.235545 0.237476 0.243397
1000 2.283039 2.303464 2.312342 0.235545 0.237047 0.243397
1010 2.283039 2.301902 2.312342 0.235545 0.236667 0.243397
1020 2.283039 2.300142 2.305999 0.235545 0.236471 0.243397
1030 2.283039 2.298642 2.305999 0.235545 0.236635 0.243397
1040 2.282994 2.296805 2.305999 0.235545 0.236848 0.243397
1050 2.282994 2.294659 2.305999 0.235545 0.237089 0.243397
1060 2.282994 2.292593 2.305999 0.235545 0.237328 0.243397
1070 2.282994 2.290296 2.305999 0.235545 0.237594 0.243397
1080 2.282994 2.288000 2.305999 0.235545 0.237860 0.243397
1090 2.282994 2.286010 2.299519 0.235666 0.237949 0.243397
1100 2.282994 2.284448 2.298092 0.235666 0.238191 0.243397
1110 2.282994 2.283313 2.289381 0.238141 0.238411 0.243397
1120 2.282994 2.283038 2.283039 0.238204 0.238204 0.238204
1130 2.282994 2.283038 2.283039 0.238204 0.238204 0.238204
1140 2.282994 2.283038 2.283039 0.238204 0.238204 0.238204
1150 2.282994 2.283038 2.283039 0.238204 0.238204 0.238204
1160 2.282994 2.283038 2.283039 0.238204 0.238204 0.238204
1170 2.282994 2.283038 2.283039 0.238204 0.238204 0.238204
1180 2.282994 2.283038 2.283039 0.238204 0.238204 0.238204
1190 2.282994 2.283037 2.283039 0.238204 0.238204 0.238204
1200 2.282994 2.283037 2.283039 0.238204 0.238204 0.238204
1210 2.282994 2.283037 2.283039 0.238204 0.238204 0.238204
1220 2.282994 2.283037 2.283039 0.238204 0.238204 0.238204
1230 2.282994 2.283037 2.283039 0.238204 0.238204 0.238204
1240 2.282994 2.283036 2.283039 0.238204 0.238204 0.238204
1250 2.282994 2.283035 2.283039 0.238204 0.238204 0.238204
1260 2.282994 2.283035 2.283039 0.238204 0.238204 0.238204
1270 2.282994 2.283033 2.283039 0.238204 0.238204 0.238204
1280 2.282994 2.283031 2.283039 0.238204 0.238204 0.238204
1290 2.282994 2.283029 2.283039 0.238204 0.238204 0.238204
1300 2.282994 2.283026 2.283039 0.238204 0.238204 0.238204
1310 2.193999 2.282133 2.283039 0.238204 0.238204 0.238204
1320 2.193999 2.282129 2.283039 0.238204 0.238204 0.238204
1330 2.193999 2.281235 2.283039 0.238204 0.238204 0.238204
1340 2.193999 2.281232 2.283039 0.238204 0.238204 0.238204
1350 2.193999 2.281228 2.283039 0.238204 0.238204 0.238204
1360 2.193999 2.281223 2.283039 0.238204 0.238204 0.238204
1370 2.193999 2.281219 2.283039 0.238204 0.238204 0.238204
1380 2.193999 2.281214 2.282994 0.238204 0.238204 0.238204
1390 2.193999 2.281214 2.282994 0.238204 0.238204 0.238204
1400 2.193999 2.279434 2.282994 0.238204 0.238204 0.238204
1410 2.193999 2.278544 2.282994 0.238204 0.238204 0.238204
1420 2.193999 2.274985 2.282994 0.238204 0.238204 0.238204
1430 2.193999 2.272315 2.282994 0.238204 0.238204 0.238204
1440 2.193999 2.268755 2.282994 0.238204 0.238204 0.238204
1450 2.193999 2.265195 2.282994 0.238204 0.238204 0.238204
1460 2.193999 2.260745 2.282994 0.238204 0.238204 0.238204
1470 2.193999 2.256296 2.282994 0.238204 0.238204 0.238204
1480 2.193999 2.250066 2.282994 0.238204 0.238204 0.238204
1490 2.193999 2.242056 2.282994 0.238204 0.238204 0.238204
1500 2.193999 2.233157 2.282994 0.238204 0.238204 0.238204
1510 2.193999 2.224257 2.282994 0.238204 0.238204 0.238204
1520 2.193999 2.215358 2.282994 0.238204 0.238204 0.238204
1530 2.193999 2.206458 2.282994 0.238204 0.238204 0.238204
1540 2.193999 2.197558 2.282994 0.238204 0.238204 0.238204
1550 2.193999 2.193999 2.193999 0.238204 0.238204 0.238204
1560 2.193999 2.193999 2.193999 0.238204 0.238204 0.238204
1570 2.193999 2.193999 2.193999 0.238204 0.238204 0.238204
1580 2.193999 2.193999 2.193999 0.238204 0.238204 0.238204
1590 2.193999 2.193999 2.193999 0.238204 0.238204 0.238204
1600 2.193999 2.193999 2.193999 0.238204 0.238204 0.238204
1610 2.193999 2.193999 2.193999 0.238204 0.238204 0.238204
1620 2.193999 2.193999 2.193999 0.238204 0.238204 0.238204
1630 2.193999 2.193999 2.193999 0.238204 0.238204 0.238204
1640 2.193999 2.193999 2.193999 0.238204 0.238204 0.238204
1650 2.193999 2.193999 2.193999 0.238204 0.238204 0.238204
1660 2.193999 2.193999 2.193999 0.238204 0.238204 0.238204
1670 2.193999 2.193999 2.193999 0.238204 0.238204 0.238204
1680 2.193999 2.193999 2.193999 0.238204 0.238204 0.238204
1690 2.193999 2.193999 2.193999 0.238204 0.238204 0.238204
1700 2.193999 2.193999 2.193999 0.238204 0.238204 0.238204
1710 2.193999 2.193999 2.193999 0.238204 0.238204 0.238204
1720 2.193999 2.193999 2.193999 0.238204 0.238204 0.238204
1730 2.193999 2.193999 2.193999 0.238204 0.238204 0.238204
1740 2.193999 2.193999 2.193999 0.238204 0.238204 0.238204
1750 2.193999 2.193999 2.193999 0.238204 0.238204 0.238204
1760 2.193999 2.193999 2.193999 0.238204 0.238204 0.238204
1770 2.193999 2.193999 2.193999 0.238204 0.238204 0.238204
1780 2.193999 2.193999 2.193999 0.238204 0.238204 0.238204
1790 2.193999 2.193999 2.193999 0.238204 0.238204 0.238204
1800 2.193999 2.193999 2.193999 0.238204 0.238204 0.238204
1810 2.193999 2.193999 2.193999 0.238204 0.238204 0.238204
1820 2.193999 2.193999 2.193999 0.238204 0.238204 0.238204
1830 2.193999 2.193999 2.193999 0.238204 0.238204 0.238204
1840 2.193999 2.193999 2.193999 0.238204 0.238204 0.238204
1850 2.193999 2.193999 2.193999 0.238204 0.238204 0.238204
1860 2.193999 2.193999 2.193999 0.238204 0.238204 0.238204
1870 2.193999 2.193999 2.193999 0.238204 0.238204 0.238204
1880 2.193999 2.193999 2.193999 0.238204 0.238204 0.238204
1890 2.193999 2.193999 2.193999 0.238204 0.238204 0.238204
1900 2.193999 2.193999 2.193999 0.238204 0.238204 0.238204
1910 2.193999 2.193999 2.193999 0.238204 0.238204 0.238204
1920 2.193999 2.193999 2.193999 0.238204 0.238204 0.238204
1930 2.193999 2.193999 2.193999 0.238204 0.238204 0.238204
1940 2.193999 2.193999 2.193999 0.238204 0.238204 0.238204
1950 2.193999 2.193999 2.193999 0.238204 0.238204 0.238204
1960 2.193999 2.193999 2.193999 0.238204 0.238204 0.238204
1970 2.193999 2.193999 2.193999 0.238204 0.238204 0.238204
1980 2.193999 2.193999 2.193999 0.238204 0.238204 0.238204
1990 2.193999 2.193999 2.193999 0.238204 0.238204 0.238204
2000 2.193999 2.193999 2.193999 0.238204 0.238204 0.238204
2010 2.193999 2.193999 2.193999 0.238204 0.238204 0.238204
2020 2.193999 2.193999 2.193999 0.238204 0.238204 0.238204
2030 2.193999 2.193999 2.193999 0.238204 0.238204 0.238204
2040 2.193999 2.193999 2.193999 0.238204 0.238204 0.238204
2050 2.193999 2.193999 2.193999 0.238204 0.238204 0.238204
2060 2.193999 2.193999 2.193999 0.238204 0.238204 0.238204
2070 2.193999 2.193999 2.193999 0.238204 0.238204 0.238204
2080 2.193999 2.193999 2.193999 0.238204 0.238204 0.238204
2090 2.193999 2.193999 2.193999 0.238204 0.238204 0.238204
2100 2.193999 2.193999 2.193999 0.238204 0.238204 0.238204
2110 2.193999 2.193999 2.193999 0.238204 0.238204 0.238204
2120 2.193999 2.193999 2.193999 0.238204 0.238204 0.238204
2130 2.193999 2.193999 2.193999 0.238204 0.238204 0.238204
2140 2.193999 2.193999 2.193999 0.238204 0.238204 0.238204
2150 2.193999 2.193999 2.193999 0.238204 0.238204 0.238204
2160 2.193999 2.193999 2.193999 0.238204 0.238204 0.238204
2170 2.193999 2.193999 2.193999 0.238204 0.238204 0.238204
2180 2.193999 2.193999 2.193999 0.238204 0.238204 0.238204
2190 2.193999 2.193999 2.193999 0.238204 0.238204 0.238204
2200 2.193999 2.193999 2.193999 0.238204 0.238204 0.238204
2210 2.193999 2.193999 2.193999 0.238204 0.238204 0.238204
2220 2.193999 2.193999 2.193999 0.238204 0.238204 0.238204
2230 2.193999 2.193999 2.193999 0.238204 0.238204 0.238204
2240 2.193999 2.193999 2.193999 0.238204 0.238204 0.238204
2250 2.193999 2.193999 2.193999 0.238204 0.238204 0.238204
2260 2.193999 2.193999 2.193999 0.238204 0.238204 0.238204
2270 2.193999 2.193999 2.193999 0.238204 0.238204 0.238204
2280 2.193999 2.193999 2.193999 0.238204 0.238204 0.238204
2290 2.193999 2.193999 2.193999 0.238204 0.238204 0.238204
2300 2.193999 2.193999 2.193999 0.238204 0.238204 0.238204
2310 2.193999 2.193999 2.193999 0.238204 0.238204 0.238204
2320 2.193999 2.193999 2.193999 0.238204 0.238204 0.238204
2330 2.193999 2.193999 2.193999 0.238204 0.238204 0.238204
2340 2.193999 2.193999 2.193999 0.238204 0.238204 0.238204
2350 2.193999 2.193999 2.193999 0.238204 0.238204 0.238204
2360 2.193999 2.193999 2.193999 0.238204 0.238204 0.238204
2370 2.193999 2.193999 2.193999 0.238204 0.238204 0.238204
2380 2.193999 2.193999 2.193999 0.238204 0.238204 0.238204
2390 2.193999 2.193999 2.193999 0.238204 0.238204 0.238204
2400 2.193999 2.193999 2.193999 0.238204 0.238204 0.238204
2410 2.193999 2.193999 2.193999 0.238204 0.238204 0.238204
2420 2.193999 2.193999 2.193999 0.238204 0.238204 0.238204
2430 2.193999 2.193999 2.193999 0.238204 0.238204 0.238204
2440 2.193999 2.193999 2.193999 0.238204 0.238204 0.238204
2450 2.193999 2.193999 2.193999 0.238204 0.238204 0.238204
2460 2.193999 2.193999 2.193999 0.238204 0.238204 0.238204
2470 2.193999 2.193999 2.193999 0.238204 0.238204 0.238204
2480 2.193999 2.193999 2.193999 0.238204 0.238204 0.238204
2490 2.193999 2.193999 2.193999 0.238204 0.238204 0.238204
2500 2.193999 2.193999 2.193999 0.238204 0.238204 0.238204
2510 2.193999 2.193999 2.193999 0.238204 0.238204 0.238204
2520 2.193999 2.193999 2.193999 0.238204 0.238204 0.238204
2530 2.193999 2.193999 2.193999 0.238204 0.238204 0.238204
2540 2.193999 2.193999 2.193999 0.238204 0.238204 0.238204
2550 2.193999 2.193999 2.193999 0.238204 0.238204 0.238204
2560 2.193999 2.193999 2.193999 0.238204 0.238204 0.238204
2570 2.193999 2.193999 2.193999 0.238204 0.238204 0.238204
2580 2.193999 2.193999 2.193999 0.238204 0.238204 0.238204
2590 2.193999 2.193999 2.193999 0.238204 0.238204 0.238204
2600 2.193999 2.193999 2.193999 0.238204 0.238204 0.238204
2610 2.193999 2.193999 2.193999 0.238204 0.238204 0.238204
2620 2.193999 2.193999 2.193999 0.238204 0.238204 0.238204
2630 2.193999 2.193999 2.193999 0.238204 0.238204 0.238204
2640 2.193999 2.193999 2.193999 0.238204 0.238204 0.238204
2650 2.193999 2.193999 2.193999 0.238204 0.238204 0.238204
2660 2.193999 2.193999 2.193999 0.238204 0.238204 0.238204
2670 2.193999 2.193999 2.193999 0.238204 0.238204 0.238204
2680 2.193999 2.193999 2.193999 0.238204 0.238204 0.238204
2690 2.193999 2.193999 2.193999 0.238204 0.238204 0.238204
2700 2.193999 2.193999 2.193999 0.238204 0.238204 0.238204
2710 2.193999 2.193999 2.193999 0.238204 0.238204 0.238204
2720 2.193999 2.193999 2.193999 0.238204 0.238204 0.238204
2730 2.193999 2.193999 2.193999 0.238204 0.238204 0.238204
2740 2.193999 2.193999 2.193999 0.238204 0.238204 0.238204
2750 2.193999 2.193999 2.193999 0.238204 0.238204 0.238204
2760 2.193999 2.193999 2.193999 0.238204 0.238204 0.238204
2770 2.193999 2.193999 2.193999 0.238204 0.238204 0.238204
2780 2.193999 2.193999 2.193999 0.238204 0.238204 0.238204
2790 2.193999 2.193999 2.193999 0.238204 0.238204 0.238204
2800 2.193999 2.193999 2.193999 0.238204 0.238204 0.238204
2810 2.193999 2.193999 2.193999 0.238204 0.238204 0.238204
2820 2.193999 2.193999 2.193999 0.238204 0.238204 0.238204
2830 2.193999 2.193999 2.193999 0.238204 0.238204 0.238204
2840 2.193999 2.193999 2.193999 0.238204 0.238204 0.238204
2850 2.193999 2.193999 2.193999 0.238204 0.238204 0.238204
2860 2.193999 2.193999 2.193999 0.238204 0.238204 0.238204
2870 2.193999 2.193999 2.193999 0.238204 0.238204 0.238204
2880 2.193999 2.193999 2.193999 0.238204 0.238204 0.238204
2890 2.193999 2.193999 2.193999 0.238204 0.238204 0.238204
2900 2.193999 2.193999 2.193999 0.238204 0.238204 0.238204
2910 2.193999 2.193999 2.193999 0.238204 0.238204 0.238204
2920 2.193999 2.193999 2.193999 0.238204 0.238204 0.238204
2930 2.193999 2.193999 2.193999 0.238204 0.238204 0.238204
2940 2.193999 2.193999 2.193999 0.238204 0.238204 0.238204
2950 2.193999 2.193999 2.193999 0.238204 0.238204 0.238204
2960 2.193999 2.193999 2.193999 0.238204 0.238204 0.238204
2970 2.193999 2.193999 2.193999 0.238204 0.238204 0.238204
2980 2.193999 2.193999 2.193999 0.238204 0.238204 0.238204
2990 2.193999 2.193999 2.193999 0.238204 0.238204 0.238204
3000 2.193999 2.193999 2.193999 0.238204 0.238204 0.238204
3010 2.193999 2.193999 2.193999 0.238204 0.238204 0.238204
3020 2.193999 2.193999 2.193999 0.238204 0.238204 0.238204
3030 2.193999 2.193999 2.193999 0.238204 0.238204 0.238204
3040 2.193999 2.193999 2.193999 0.238204 0.238204 0.238204
3050 2.193999 2.193999 2.193999 0.238204 0.238204 0.238204
3060 2.193999 2.193999 2.193999 0.238204 0.238204 0.238204
3070 2.193999 2.193999 2.193999 0.238204 0.238204 0.238204
3080 2.193999 2.193999 2.193999 0.238204 0.238204 0.238204
3090 2.193999 2.193999 2.193999 0.238204 0.238204 0.238204
3100 2.193999 2.193999 2.193999 0.238204 0.238204 0.238204
3110 2.193999 2.193999 2.193999 0.238204 0.238204 0.238204
3120 2.193999 2.193999 2.193999 0.238204 0.238204 0.238204
3130 2.193999 2.193999 2.193999 0.238204 0.238204 0.238204
3140 2.193999 2.193999 2.193999 0.238204 0.238204 0.238204
3150 2.193999 2.193999 2.193999 0.238204 0.238204 0.238204
3160 2.193999 2.193999 2.193999 0.238204 0.238204 0.238204
3170 2.193999 2.193999 2.193999 0.238204 0.238204 0.238204
3180 2.193999 2.193999 2.193999 0.238204 0.238204 0.238204
3190 2.193999 2.193999 2.193999 0.238204 0.238204 0.238204
3200 2.193999 2.193999 2.193999 0.238204 0.238204 0.238204
3210 2.193999 2.193999 2.193999 0.238204 0.238204 0.238204
3220 2.193999 2.193999 2.193999 0.238204 0.238204 0.238204
3230 2.193999 2.193999 2.193999 0.238204 0.238204 0.238204
3240 2.193999 2.193999 2.193999 0.238204 0.238204 0.238204
3250 2.193999 2.193999 2.193999 0.238204 0.238204 0.238204
3260 2.193999 2.193999 2.193999 0.238204 0.238204 0.238204
3270 2.193999 2.193999 2.193999 0.238204 0.238204 0.238204
3280 2.193999 2.193999 2.193999 0.238204 0.238204 0.238204
3290 2.193999 2.193999 2.193999 0.238204 0.238204 0.238204
3300 2.193999 2.193999 2.193999 0.238204 0.238204 0.238204
3310 2.193999 2.193999 2.193999 0.238204 0.238204 0.238204
3320 2.193999 2.193999 2.193999 0.238204 0.238204 0.238204
3330 2.193999 2.193999 2.193999 0.238204 0.238204 0.238204
3340 2.193999 2.193999 2.193999 0.238204 0.238204 0.238204
3350 2.193999 2.193999 2.193999 0.238204 0.238204 0.238204
3360 2.193999 2.193999 2.193999 0.238204 0.238204 0.238204
3370 2.193999 2.193999 2.193999 0.238204 0.238204 0.238204
3380 2.193999 2.193999 2.193999 0.238204 0.238204 0.238204
3390 2.193999 2.193999 2.193999 0.238204 0.238204 0.238204
3400 2.193999 2.193999 2.193999 0.238204 0.238204 0.238204
3410 2.193999 2.193999 2.193999 0.238204 0.238204 0.238204
3420 2.193999 2.193999 2.193999 0.238204 0.238204 0.238204
3430 2.193999 2.193999 2.193999 0.238204 0.238204 0.238204
3440 2.193999 2.193999 2.193999 0.238204 0.238204 0.238204
3450 2.193999 2.193999 2.193999 0.238204 0.238204 0.238204
3460 2.193999 2.193999 2.193999 0.238204 0.238204 0.238204
3470 2.193999 2.193999 2.193999 0.238204 0.238204 0.238204
3480 2.193999 2.193999 2.193999 0.238204 0.238204 0.238204
3490 2.193999 2.193999 2.193999 0.238204 0.238204 0.238204
3500 2.193999 2.193999 2.193999 0.238204 0.238204 0.238204
3510 2.193999 2.193999 2.193999 0.238204 0.238204 0.238204
3520 2.193999 2.193999 2.193999 0.238204 0.238204 0.238204
3530 2.193999 2.193999 2.193999 0.238204 0.238204 0.238204
3540 2.193999 2.193999 2.193999 0.238204 0.238204 0.238204
3550 2.193999 2.193999 2.193999 0.238204 0.238204 0.238204
3560 2.193999 2.193999 2.193999 0.238204 0.238204 0.238204
3570 2.193999 2.193999 2.193999 0.238204 0.238204 0.238204
3580 2.193999 2.193999 2.193999 0.238204 0.238204 0.238204
3590 2.193999 2.193999 2.193999 0.238204 0.238204 0.238204
3600 2.193999 2.193999 2.193999 0.238204 0.238204 0.238204
3610 2.193999 2.193999 2.193999 0.238204 0.238204 0.238204
3620 2.193999 2.193999 2.193999 0.238204 0.238204 0.238204
3630 2.193999 2.193999 2.193999 0.238204 0.238204 0.238204
3640 2.193999 2.193999 2.193999 0.238204 0.238204 0.238204
3650 2.193999 2.193999 2.193999 0.238204 0.238204 0.238204
3660 2.193999 2.193999 2.193999 0.238204 0.238204 0.238204
3670 2.193999 2.193999 2.193999 0.238204 0.238204 0.238204
3680 2.193999 2.193999 2.193999 0.238204 0.238204 0.238204
3690 2.193999 2.193999 2.193999 0.238204 0.238204 0.238204
3700 2.193999 2.193999 2.193999 0.238204 0.238204 0.238204
3710 2.193999 2.193999 2.193999 0.238204 0.238204 0.238204
3720 2.193999 2.193999 2.193999 0.238204 0.238204 0.238204
3730 2.193999 2.193999 2.193999 0.238204 0.238204 0.238204
3740 2.193999 2.193999 2.193999 0.238204 0.238204 0.238204
3750 2.193999 2.193999 2.193999 0.238204 0.238204 0.238204
3760 2.193999 2.193999 2.193999 0.238204 0.238204 0.238204
3770 2.193999 2.193999 2.193999 0.238204 0.238204 0.238204
3780 2.193999 2.193999 2.193999 0.238204 0.238204 0.238204
3790 2.193999 2.193999 2.193999 0.238204 0.238204 0.238204
3800 2.193999 2.193999 2.193999 0.238204 0.238204 0.238204
3810 2.193999 2.193999 2.193999 0.238204 0.238204 0.238204
3820 2.193999 2.193999 2.193999 0.238204 0.238204 0.238204
3830 2.193999 2.193999 2.193999 0.238204 0.238204 0.238204
3840 2.193999 2.193999 2.193999 0.238204 0.238204 0.238204
3850 2.193999 2.193999 2.193999 0.238204 0.238204 0.238204
3860 2.193999 2.193999 2.193999 0.238204 0.238204 0.238204
3870 2.193999 2.193999 2.193999 0.238204 0.238204 0.238204
3880 2.193999 2.193999 2.193999 0.238204 0.238204 0.238204
3890 2.193999 2.193999 2.193999 0.238204 0.238204 0.238204
3900 2.193999 2.193999 2.193999 0.238204 0.238204 0.238204
3910 2.193999 2.193999 2.193999 0.238204 0.238204 0.238204
3920 2.193999 2.193999 2.193999 0.238204 0.238204 0.238204
3930 2.193999 2.193999 2.193999 0.238204 0.238204 0.238204
3940 2.193999 2.193999 2.193999 0.238204 0.238204 0.238204
3950 2.193999 2.193999 2.193999 0.238204 0.238204 0.238204
3960 2.193999 2.193999 2.193999 0.238204 0.238204 0.238204
3970 2.193999 2.193999 2.193999 0.238204 0.238204 0.238204
3980 2.193999 2.193999 2.193999 0.238204 0.238204 0.238204
3990 2.193999 2.193999 2.193999 0.238204 0.238204 0.238204
4000 2.193999 2.193999 2.193999 0.238204 0.238204 0.238204
4010 2.193999 2.193999 2.193999 0.238204 0.238204 0.238204
4020 2.193999 2.193999 2.193999 0.238204 0.238204 0.238204
4030 2.193999 2.193999 2.193999 0.238204 0.238204 0.238204
4040 2.193999 2.193999 2.193999 0.238204 0.238204 0.238204
4050 2.193999 2.193999 2.193999 0.238204 0.238204 0.238204
4060 2.193999 2.193999 2.193999 0.238204 0.238204 0.238204
4070 2.193999 2.193999 2.193999 0.238204 0.238204 0.238204
4080 2.193999 2.193999 2.193999 0.238204 0.238204 0.238204
4090 2.193999 2.193999 2.193999 0.238204 0.238204 0.238204
4100 2.193999 2.193999 2.193999 0.238204 0.238204 0.238204
4110 2.193999 2.193999 2.193999 0.238204 0.238204 0.238204
4120 2.193999 2.193999 2.193999 0.238204 0.238204 0.238204
4130 2.193999 2.193999 2.193999 0.238204 0.238204 0.238204
4140 2.193999 2.193999 2.193999 0.238204 0.238204 0.238204
4150 2.193999 2.193999 2.193999 0.238204 0.238204 0.238204
4160 2.193999 2.193999 2.193999 0.238204 0.238204 0.238204
4170 2.193999 2.193999 2.193999 0.238204 0.238204 0.238204
4180 2.193999 2.193999 2.193999 0.238204 0.238204 0.238204
4190 2.193999 2.193999 2.193999 0.238204 0.238204 0.238204
4200 2.193999 2.193999 2.193999 0.238204 0.238204 0.238204
4210 2.193999 2.193999 2.193999 0.238204 0.238204 0.238204
4220 2.193999 2.193999 2.193999 0.238204 0.238204 0.238204
4230 2.193999 2.193999 2.193999 0.238204 0.238204 0.238204
4240 2.193999 2.193999 2.193999 0.238204 0.238204 0.238204
4250 2.193999 2.193999 2.193999 0.238204 0.238204 0.238204
4260 2.193999 2.193999 2.193999 0.238204 0.238204 0.238204
4270 2.193999 2.193999 2.193999 0.238204 0.238204 0.238204
4280 2.193999 2.193999 2.193999 0.238204 0.238204 0.238204
4290 2.193999 2.193999 2.193999 0.238204 0.238204 0.238204
4300 2.193999 2.193999 2.193999 0.238204 0.238204 0.238204
4310 2.193999 2.193999 2.193999 0.238204 0.238204 0.238204
4320 2.193999 2.193999 2.193999 0.238204 0.238204 0.238204
4330 2.193999 2.193999 2.193999 0.238204 0.238204 0.238204
4340 2.193999 2.193999 2.193999 0.238204 0.238204 0.238204
4350 2.193999 2.193999 2.193999 0.238204 0.238204 0.238204
4360 2.193999 2.193999 2.193999 0.238204 0.238204 0.238204
4370 2.193999 2.193999 2.193999 0.238204 0.238204 0.238204
4380 2.193999 2.193999 2.193999 0.238204 0.238204 0.238204
4390 2.193999 2.193999 2.193999 0.238204 0.238204 0.238204
4400 2.193999 2.193999 2.193999 0.238204 0.238204 0.238204
4410 2.193999 2.193999 2.193999 0.238204 0.238204 0.238204
4420 2.193999 2.193999 2.193999 0.238204 0.238204 0.238204
4430 2.193999 2.193999 2.193999 0.238204 0.238204 0.238204
4440 2.193999 2.193999 2.193999 0.238204 0.238204 0.238204
4450 2.193999 2.193999 2.193999 0.238204 0.238204 0.238204
4460 2.193999 2.193999 2.193999 0.238204 0.238204 0.238204
4470 2.193999 2.193999 2.193999 0.238204 0.238204 0.238204
4480 2.193999 2.193999 2.193999 0.238204 0.238204 0.238204
4490 2.193999 2.193999 2.193999 0.238204 0.238204 0.238204
4500 2.193999 2.193999 2.193999 0.238204 0.238204 0.238204
4510 2.193999 2.193999 2.193999 0.238204 0.238204 0.238204
4520 2.193999 2.193999 2.193999 0.238204 0.238204 0.238204
4530 2.193999 2.193999 2.193999 0.238204 0.238204 0.238204
4540 2.193999 2.193999 2.193999 0.238204 0.238204 0.238204
4550 2.193999 2.193999 2.193999 0.238204 0.238204 0.238204
4560 2.193999 2.193999 2.193999 0.238204 0.238204 0.238204
4570 2.193999 2.193999 2.193999 0.238204 0.238204 0.238204
4580 2.193999 2.193999 2.193999 0.238204 0.238204 0.238204
4590 2.193999 2.193999 2.193999 0.238204 0.238204 0.238204
4600 2.193999 2.193999 2.193999 0.238204 0.238204 0.238204
4610 2.193999 2.193999 2.193999 0.238204 0.238204 0.238204
4620 2.193999 2.193999 2.193999 0.238204 0.238204 0.238204
4630 2.193999 2.193999 2.193999 0.238204 0.238204 0.238204
4640 2.193999 2.193999 2.193999 0.238204 0.238204 0.238204
4650 2.193999 2.193999 2.193999 0.238204 0.238204 0.238204
4660 2.193999 2.193999 2.193999 0.238204 0.238204 0.238204
4670 2.193999 2.193999 2.193999 0.238204 0.238204 0.238204
4680 2.193999 2.193999 2.193999 0.238204 0.238204 0.238204
4690 2.193999 2.193999 2.193999 0.238204 0.238204 0.238204
4700 2.193999 2.193999 2.193999 0.238204 0.238204 0.238204
4710 2.193999 2.193999 2.193999 0.238204 0.238204 0.238204
4720 2.193999 2.193999 2.193999 0.238204 0.238204 0.238204
4730 2.193999 2.193999 2.193999 0.238204 0.238204 0.238204
4740 2.193999 2.193999 2.193999 0.238204 0.238204 0.238204
4750 2.193999 2.193999 2.193999 0.238204 0.238204 0.238204
4760 2.193999 2.193999 2.193999 0.238204 0.238204 0.238204
4770 2.193999 2.193999 2.193999 0.238204 0.238204 0.238204
4780 2.193999 2.193999 2.193999 0.238204 0.238204 0.238204
4790 2.193999 2.193999 2.193999 0.238204 0.238204 0.238204
4800 2.193999 2.193999 2.193999 0.238204 0.238204 0.238204
4810 2.193999 2.193999 2.193999 0.238204 0.238204 0.238204
4820 2.193999 2.193999 2.193999 0.238204 0.238204 0.238204
4830 2.193999 2.193999 2.193999 0.238204 0.238204 0.238204
4840 2.193999 2.193999 2.193999 0.238204 0.238204 0.238204
4850 2.193999 2.193999 2.193999 0.238204 0.238204 0.238204
4860 2.193999 2.193999 2.193999 0.238204 0.238204 0.238204
4870 2.193999 2.193999 2.193999 0.238204 0.238204 0.238204
4880 2.193999 2.193999 2.193999 0.238204 0.238204 0.238204
4890 2.193999 2.193999 2.193999 0.238204 0.238204 0.238204
4900 2.193999 2.193999 2.193999 0.238204 0.238204 0.238204
4910 2.193999 2.193999 2.193999 0.238204 0.238204 0.238204
4920 2.193999 2.193999 2.193999 0.238204 0.238204 0.238204
4930 2.193999 2.193999 2.193999 0.238204 0.238204 0.238204
4940 2.193999 2.193999 2.193999 0.238204 0.238204 0.238204
4950 2.193999 2.193999 2.193999 0.238204 0.238204 0.238204
4960 2.193999 2.193999 2.193999 0.238204 0.238204 0.238204
4970 2.193999 2.193999 2.193999 0.238204 0.238204 0.238204
4980 2.193999 2.193999 2.193999 0.238204 0.238204 0.238204
4990 2.193999 2.193999 2.193999 0.238204 0.238204 0.238204
5000 2.193999 2.193999 2.193999 0.238204 0.238204 0.238204
5010 2.193999 2.193999 2.193999 0.238204 0.238204 0.238204
5020 2.193999 2.193999 2.193999 0.238204 0.238204 0.238204
5030 2.193999 2.193999 2.193999 0.238204 0.238204 0.238204
5040 2.193999 2.193999 2.193999 0.238204 0.238204 0.238204
5050 2.193999 2.193999 2.193999 0.238204 0.238204 0.238204
5060 2.193999 2.193999 2.193999 0.238204 0.238204 0.238204
5070 2.193999 2.193999 2.193999 0.238204 0.238204 0.238204
5080 2.193999 2.193999 2.193999 0.238204 0.238204 0.238204
5090 2.193999 2.193999 2.193999 0.238204 0.238204 0.238204
5100 2.193999 2.193999 2.193999 0.238204 0.238204 0.238204
5110 2.193999 2.193999 2.193999 0.238204 0.238204 0.238204
5120 2.193999 2.193999 2.193999 0.238204 0.238204 0.238204
5130 2.193999 2.193999 2.193999 0.238204 0.238204 0.238204
5140 2.193999 2.193999 2.193999 0.238204 0.238204 0.238204
5150 2.193999 2.193999 2.193999 0.238204 0.238204 0.238204
5160 2.193999 2.193999 2.193999 0.238204 0.238204 0.238204
5170 2.193999 2.193999 2.193999 0.238204 0.238204 0.238204
5180 2.193999 2.193999 2.193999 0.238204 0.238204 0.238204
5190 2.193999 2.193999 2.193999 0.238204 0.238204 0.238204
5200 2.193999 2.193999 2.193999 0.238204 0.238204 0.238204
5210 2.193999 2.193999 2.193999 0.238204 0.238204 0.238204
5220 2.193999 2.193999 2.193999 0.238204 0.238204 0.238204
5230 2.193999 2.193999 2.193999 0.238204 0.238204 0.238204
5240 2.193999 2.193999 2.193999 0.238204 0.238204 0.238204
5250 2.193999 2.193999 2.193999 0.238204 0.238204 0.238204
5260 2.193999 2.193999 2.193999 0.238204 0.238204 0.238204
5270 2.193999 2.193999 2.193999 0.238204 0.238204 0.238204
5280 2.193999 2.193999 2.193999 0.238204 0.238204 0.238204
5290 2.193999 2.193999 2.193999 0.238204 0.238204 0.238204
5300 2.193999 2.193999 2.193999 0.238204 0.238204 0.238204
5310 2.193999 2.193999 2.193999 0.238204 0.238204 0.238204
5320 2.193999 2.193999 2.193999 0.238204 0.238204 0.238204
5330 2.193999 2.193999 2.193999 0.238204 0.238204 0.238204
5340 2.193999 2.193999 2.193999 0.238204 0.238204 0.238204
5350 2.193999 2.193999 2.193999 0.238204 0.238204 0.238204
5360 2.193999 2.193999 2.193999 0.238204 0.238204 0.238204
5370 2.193999 2.193999 2.193999 0.238204 0.238204 0.238204
5380 2.193999 2.193999 2.193999 0.238204 0.238204 0.238204
5390 2.193999 2.193999 2.193999 0.238204 0.238204 0.238204
5400 2.193999 2.193999 2.193999 0.238204 0.238204 0.238204
5410 2.193999 2.193999 2.193999 0.238204 0.238204 0.238204
5420 2.193999 2.193999 2.193999 0.238204 0.238204 0.238204
5430 2.193999 2.193999 2.193999 0.238204 0.238204 0.238204
5440 2.193999 2.193999 2.193999 0.238204 0.238204 0.238204
5450 2.193999 2.193999 2.193999 0.238204 0.238204 0.238204
5460 2.193999 2.193999 2.193999 0.238204 0.238204 0.238204
5470 2.193999 2.193999 2.193999 0.238204 0.238204 0.238204
5480 2.193999 2.193999 2.193999 0.238204 0.238204 0.238204
5490 2.193999 2.193999 2.193999 0.238204 0.238204 0.238204
5500 2.193999 2.193999 2.193999 0.238204 0.238204 0.238204
5510 2.193999 2.193999 2.193999 0.238204 0.238204 0.238204
5520 2.193999 2.193999 2.193999 0.238204 0.238204 0.238204
5530 2.193999 2.193999 2.193999 0.238204 0.238204 0.238204
5540 2.193999 2.193999 2.193999 0.238204 0.238204 0.238204
5550 2.193999 2.193999 2.193999 0.238204 0.238204 0.238204
5560 2.193999 2.193999 2.193999 0.238204 0.238204 0.238204
5570 2.193999 2.193999 2.193999 0.238204 0.238204 0.238204
5580 2.193999 2.193999 2.193999 0.238204 0.238204 0.238204
5590 2.193999 2.193999 2.193999 0.238204 0.238204 0.238204
5600 2.193999 2.193999 2.193999 0.238204 0.238204 0.238204
5610 2.193999 2.193999 2.193999 0.238204 0.238204 0.238204
5620 2.193999 2.193999 2.193999 0.238204 0.238204 0.238204
5630 2.193999 2.193999 2.193999 0.238204 0.238204 0.238204
5640 2.193999 2.193999 2.193999 0.238204 0.238204 0.238204
5650 2.193999 2.193999 2.193999 0.238204 0.238204 0.238204
5660 2.193999 2.193999 2.193999 0.238204 0.238204 0.238204
5670 2.193999 2.193999 2.193999 0.238204 0.238204 0.238204
5680 2.193999 2.193999 2.193999 0.238204 0.238204 0.238204
5690 2.193999 2.193999 2.193999 0.238204 0.238204 0.238204
5700 2.193999 2.193999 2.193999 0.238204 0.238204 0.238204
5710 2.193999 2.193999 2.193999 0.238204 0.238204 0.238204
5720 2.193999 2.193999 2.193999 0.238204 0.238204 0.238204
5730 2.193999 2.193999 2.193999 0.238204 0.238204 0.238204
5740 2.193999 2.193999 2.193999 0.238204 0.238204 0.238204
5750 2.193999 2.193999 2.193999 0.238204 0.238204 0.238204
5760 2.193999 2.193999 2.193999 0.238204 0.238204 0.238204
5770 2.193999 2.193999 2.193999 0.238204 0.238204 0.238204
5780 2.193999 2.193999 2.193999 0.238204 0.238204 0.238204
5790 2.193999 2.193999 2.193999 0.238204 0.238204 0.238204
5800 2.193999 2.193999 2.193999 0.238204 0.238204 0.238204
5810 2.193999 2.193999 2.193999 0.238204 0.238204 0.238204
5820 2.193999 2.193999 2.193999 0.238204 0.238204 0.238204
5830 2.193999 2.193999 2.193999 0.238204 0.238204 0.238204
5840 2.193999 2.193999 2.193999 0.238204 0.238204 0.238204
5850 2.193999 2.193999 2.193999 0.238204 0.238204 0.238204
5860 2.193999 2.193999 2.193999 0.238204 0.238204 0.238204
5870 2.193999 2.193999 2.193999 0.238204 0.238204 0.238204
5880 2.193999 2.193999 2.193999 0.238204 0.238204 0.238204
5890 2.193999 2.193999 2.193999 0.238204 0.238204 0.238204
5900 2.193999 2.193999 2.193999 0.238204 0.238204 0.238204
5910 2.193999 2.193999 2.193999 0.238204 0.238204 0.238204
5920 2.193999 2.193999 2.193999 0.238204 0.238204 0.238204
5930 2.193999 2.193999 2.193999 0.238204 0.238204 0.238204
5940 2.193999 2.193999 2.193999 0.238204 0.238204 0.238204
5950 2.193999 2.193999 2.193999 0.238204 0.238204 0.238204
5960 2.193999 2.193999 2.193999 0.238204 0.238204 0.238204
5970 2.193999 2.193999 2.193999 0.238204 0.238204 0.238204
5980 2.193999 2.193999 2.193999 0.238204 0.238204 0.238204
5990 2.193999 2.193999 2.193999 0.238204 0.238204 0.238204
6000 2.193999 2.193999 2.193999 0.238204 0.238204 0.238204
6010 2.193999 2.193999 2.193999 0.238204 0.238204 0.238204
6020 2.193999 2.193999 2.193999 0.238204 0.238204 0.238204
6030 2.193999 2.193999 2.193999 0.238204 0.238204 0.238204
6040 2.193999 2.193999 2.193999 0.238204 0.238204 0.238204
6050 2.193999 2.193999 2.193999 0.238204 0.238204 0.238204
6060 2.193999 2.193999 2.193999 0.238204 0.238204 0.238204
6070 2.193999 2.193999 2.193999 0.238204 0.238204 0.238204
6080 2.193999 2.193999 2.193999 0.238204 0.238204 0.238204
6090 2.193999 2.193999 2.193999 0.238204 0.238204 0.238204
6100 2.193999 2.193999 2.193999 0.238204 0.238204 0.238204
6110 2.193999 2.193999 2.193999 0.238204 0.238204 0.238204
6120 2.193999 2.193999 2.193999 0.238204 0.238204 0.238204
6130 2.193999 2.193999 2.193999 0.238204 0.238204 0.238204
6140 2.193999 2.193999 2.193999 0.238204 0.238204 0.238204
6150 2.193999 2.193999 2.193999 0.238204 0.238204 0.238204
6160 2.193999 2.193999 2.193999 0.238204 0.238204 0.238204
6170 2.193999 2.193999 2.193999 0.238204 0.238204 0.238204
6180 2.193999 2.193999 2.193999 0.238204 0.238204 0.238204
6190 2.193999 2.193999 2.193999 0.238204 0.238204 0.238204
6200 2.193999 2.193999 2.193999 0.238204 0.238204 0.238204
6210 2.193999 2.193999 2.193999 0.238204 0.238204 0.238204
6220 2.193999 2.193999 2.193999 0.238204 0.238204 0.238204
6230 2.193999 2.193999 2.193999 0.238204 0.238204 0.238204
6240 2.193999 2.193999 2.193999 0.238204 0.238204 0.238204
6250 2.193999 2.193999 2.193999 0.238204 0.238204 0.238204
6260 2.193999 2.193999 2.193999 0.238204 0.238204 0.238204
6270 2.193999 2.193999 2.193999 0.238204 0.238204 0.238204
6280 2.193999 2.193999 2.193999 0.238204 0.238204 0.238204
6290 2.193999 2.193999 2.193999 0.238204 0.238204 0.238204
6300 2.193999 2.193999 2.193999 0.238204 0.238204 0.238204
6310 2.193999 2.193999 2.193999 0.238204 0.238204 0.238204
6320 2.193999 2.193999 2.193999 0.238204 0.238204 0.238204
6330 2.193999 2.193999 2.193999 0.238204 0.238204 0.238204
6340 2.193999 2.193999 2.193999 0.238204 0.238204 0.238204
6350 2.193999 2.193999 2.193999 0.238204 0.238204 0.238204
6360 2.193999 2.193999 2.193999 0.238204 0.238204 0.238204
6370 2.193999 2.193999 2.193999 0.238204 0.238204 0.238204
6380 2.193999 2.193999 2.193999 0.238204 0.238204 0.238204
6390 2.193999 2.193999 2.193999 0.238204 0.238204 0.238204
6400 2.193999 2.193999 2.193999 0.238204 0.238204 0.238204
6410 2.193999 2.193999 2.193999 0.238204 0.238204 0.238204
6420 2.193999 2.193999 2.193999 0.238204 0.238204 0.238204
6430 2.193999 2.193999 2.193999 0.238204 0.238204 0.238204
6440 2.193999 2.193999 2.193999 0.238204 0.238204 0.238204
6450 2.193999 2.193999 2.193999 0.238204 0.238204 0.238204
6460 2.193999 2.193999 2.193999 0.238204 0.238204 0.238204
6470 2.193999 2.193999 2.193999 0.238204 0.238204 0.238204
6480 2.193999 2.193999 2.193999 0.238204 0.238204 0.238204
6490 2.193999 2.193999 2.193999 0.238204 0.238204 0.238204
6500 2.193999 2.193999 2.193999 0.238204 0.238204 0.238204
6510 2.193999 2.193999 2.193999 0.238204 0.238204 0.238204
6520 2.193999 2.193999 2.193999 0.238204 0.238204 0.238204
6530 2.193999 2.193999 2.193999 0.238204 0.238204 0.238204
6540 2.193999 2.193999 2.193999 0.238204 0.238204 0.238204
6550 2.193999 2.193999 2.193999 0.238204 0.238204 0.238204
6560 2.193999 2.193999 2.193999 0.238204 0.238204 0.238204
6570 2.193999 2.193999 2.193999 0.238204 0.238204 0.238204
6580 2.193999 2.193999 2.193999 0.238204 0.238204 0.238204
6590 2.193999 2.193999 2.193999 0.238204 0.238204 0.238204
6600 2.193999 2.193999 2.193999 0.238204 0.238204 0.238204
6610 2.193999 2.193999 2.193999 0.238204 0.238204 0.238204
6620 2.193999 2.193999 2.193999 0.238204 0.238204 0.238204
6630 2.193999 2.193999 2.193999 0.238204 0.238204 0.238204
6640 2.193999 2.193999 2.193999 0.238204 0.238204 0.238204
6650 2.193999 2.193999 2.193999 0.238204 0.238204 0.238204
6660 2.193999 2.193999 2.193999 0.238204 0.238204 0.238204
6670 2.193999 2.193999 2.193999 0.238204 0.238204 0.238204
6680 2.193999 2.193999 2.193999 0.238204 0.238204 0.238204
6690 2.193999 2.193999 2.193999 0.238204 0.238204 0.238204
6700 2.193999 2.193999 2.193999 0.238204 0.238204 0.238204
6710 2.193999 2.193999 2.193999 0.238204 0.238204 0.238204
6720 2.193999 2.193999 2.193999 0.238204 0.238204 0.238204
6730 2.193999 2.193999 2.193999 0.238204 0.238204 0.238204
6740 2.193999 2.193999 2.193999 0.238204 0.238204 0.238204
6750 2.193999 2.193999 2.193999 0.238204 0.238204 0.238204
6760 2.193999 2.193999 2.193999 0.238204 0.238204 0.238204
6770 2.193999 2.193999 2.193999 0.238204 0.238204 0.238204
6780 2.193999 2.193999 2.193999 0.238204 0.238204 0.238204
6790 2.193999 2.193999 2.193999 0.238204 0.238204 0.238204
6800 2.193999 2.193999 2.193999 0.238204 0.238204 0.238204
6810 2.193999 2.193999 2.193999 0.238204 0.238204 0.238204
6820 2.193999 2.193999 2.193999 0.238204 0.238204 0.238204
6830 2.193999 2.193999 2.193999 0.238204 0.238204 0.238204
6840 2.193999 2.193999 2.193999 0.238204 0.238204 0.238204
6850 2.193999 2.193999 2.193999 0.238204 0.238204 0.238204
6860 2.193999 2.193999 2.193999 0.238204 0.238204 0.238204
6870 2.193999 2.193999 2.193999 0.238204 0.238204 0.238204
6880 2.193999 2.193999 2.193999 0.238204 0.238204 0.238204
6890 2.193999 2.193999 2.193999 0.238204 0.238204 0.238204
6900 2.193999 2.193999 2.193999 0.238204 0.238204 0.238204
6910 2.193999 2.193999 2.193999 0.238204 0.238204 0.238204
6920 2.193999 2.193999 2.193999 0.238204 0.238204 0.238204
6930 2.193999 2.193999 2.193999 0.238204 0.238204 0.238204
6940 2.193999 2.193999 2.193999 0.238204 0.238204 0.238204
6950 2.193999 2.193999 2.193999 0.238204 0.238204 0.238204
6960 2.193999 2.193999 2.193999 0.238204 0.238204 0.238204
6970 2.193999 2.193999 2.193999 0.238204 0.238204 0.238204
6980 2.193999 2.193999 2.193999 0.238204 0.238204 0.238204
6990 2.193999 2.193999 2.193999 0.238204 0.238204 0.238204
7000 2.193999 2.193999 2.193999 0.238204 0.238204 0.238204
7010 2.193999 2.193999 2.193999 0.238204 0.238204 0.238204
7020 2.193999 2.193999 2.193999 0.238204 0.238204 0.238204
7030 2.193999 2.193999 2.193999 0.238204 0.238204 0.238204
7040 2.193999 2.193999 2.193999 0.238204 0.238204 0.238204
7050 2.193999 2.193999 2.193999 0.238204 0.238204 0.238204
7060 2.193999 2.193999 2.193999 0.238204 0.238204 0.238204
7070 2.193999 2.193999 2.193999 0.238204 0.238204 0.238204
7080 2.193999 2.193999 2.193999 0.238204 0.238204 0.238204
7090 2.193999 2.193999 2.193999 0.238204 0.238204 0.238204
7100 2.193999 2.193999 2.193999 0.238204 0.238204 0.238204
7110 2.193999 2.193999 2.193999 0.238204 0.238204 0.238204
7120 2.193999 2.193999 2.193999 0.238204 0.238204 0.238204
7130 2.193999 2.193999 2.193999 0.238204 0.238204 0.238204
7140 2.193999 2.193999 2.193999 0.238204 0.238204 0.238204
7150 2.193999 2.193999 2.193999 0.238204 0.238204 0.238204
7160 2.193999 2.193999 2.193999 0.238204 0.238204 0.238204
7170 2.193999 2.193999 2.193999 0.238204 0.238204 0.238204
7180 2.193999 2.193999 2.193999 0.238204 0.238204 0.238204
7190 2.193999 2.193999 2.193999 0.238204 0.238204 0.238204
7200 2.193999 2.193999 2.193999 0.238204 0.238204 0.238204
7210 2.193999 2.193999 2.193999 0.238204 0.238204 0.238204
7220 2.193999 2.193999 2.193999 0.238204 0.238204 0.238204
7230 2.193999 2.193999 2.193999 0.238204 0.238204 0.238204
7240 2.193999 2.193999 2.193999 0.238204 0.238204 0.238204
7250 2.193999 2.193999 2.193999 0.238204 0.238204 0.238204
7260 2.193999 2.193999 2.193999 0.238204 0.238204 0.238204
7270 2.193999 2.193999 2.193999 0.238204 0.238204 0.238204
7280 2.193999 2.193999 2.193999 0.238204 0.238204 0.238204
7290 2.193999 2.193999 2.193999 0.238204 0.238204 0.238204
7300 2.193999 2.193999 2.193999 0.238204 0.238204 0.238204
7310 2.193999 2.193999 2.193999 0.238204 0.238204 0.238204
7320 2.193999 2.193999 2.193999 0.238204 0.238204 0.238204
7330 2.193999 2.193999 2.193999 0.238204 0.238204 0.238204
7340 2.193999 2.193999 2.193999 0.238204 0.238204 0.238204
7350 2.193999 2.193999 2.193999 0.238204 0.238204 0.238204
7360 2.193999 2.193999 2.193999 0.238204 0.238204 0.238204
7370 2.193999 2.193999 2.193999 0.238204 0.238204 0.238204
7380 2.193999 2.193999 2.193999 0.238204 0.238204 0.238204
7390 2.193999 2.193999 2.193999 0.238204 0.238204 0.238204
7400 2.193999 2.193999 2.193999 0.238204 0.238204 0.238204
7410 2.193999 2.193999 2.193999 0.238204 0.238204 0.238204
7420 2.193999 2.193999 2.193999 0.238204 0.238204 0.238204
7430 2.193999 2.193999 2.193999 0.238204 0.238204 0.238204
7440 2.193999 2.193999 2.193999 0.238204 0.238204 0.238204
7450 2.193999 2.193999 2.193999 0.238204 0.238204 0.238204
7460 2.193999 2.193999 2.193999 0.238204 0.238204 0.238204
7470 2.193999 2.193999 2.193999 0.238204 0.238204 0.238204
7480 2.193999 2.193999 2.193999 0.238204 0.238204 0.238204
7490 2.193999 2.193999 2.193999 0.238204 0.238204 0.238204
7500 2.193999 2.193999 2.193999 0.238204 0.238204 0.238204
7510 2.193999 2.193999 2.193999 0.238204 0.238204 0.238204
7520 2.193999 2.193999 2.193999 0.238204 0.238204 0.238204
7530 2.193999 2.193999 2.193999 0.238204 0.238204 0.238204
7540 2.193999 2.193999 2.193999 0.238204 0.238204 0.238204
7550 2.193999 2.193999 2.193999 0.238204 0.238204 0.238204
7560 2.193999 2.193999 2.193999 0.238204 0.238204 0.238204
7570 2.193999 2.193999 2.193999 0.238204 0.238204 0.238204
7580 2.193999 2.193999 2.193999 0.238204 0.238204 0.238204
7590 2.193999 2.193999 2.193999 0.238204 0.238204 0.238204
7600 2.193999 2.193999 2.193999 0.238204 0.238204 0.238204
7610 2.193999 2.193999 2.193999 0.238204 0.238204 0.238204
7620 2.193999 2.193999 2.193999 0.238204 0.238204 0.238204
7630 2.193999 2.193999 2.193999 0.238204 0.238204 0.238204
7640 2.193999 2.193999 2.193999 0.238204 0.238204 0.238204
7650 2.193999 2.193999 2.193999 0.238204 0.238204 0.238204
7660 2.193999 2.193999 2.193999 0.238204 0.238204 0.238204
7670 2.193999 2.193999 2.193999 0.238204 0.238204 0.238204
7680 2.193999 2.193999 2.193999 0.238204 0.238204 0.238204
7690 2.193999 2.193999 2.193999 0.238204 0.238204 0.238204
7700 2.193999 2.193999 2.193999 0.238204 0.238204 0.238204
7710 2.193999 2.193999 2.193999 0.238204 0.238204 0.238204
7720 2.193999 2.193999 2.193999 0.238204 0.238204 0.238204
7730 2.193999 2.193999 2.193999 0.238204 0.238204 0.238204
7740 2.193999 2.193999 2.193999 0.238204 0.238204 0.238204
7750 2.193999 2.193999 2.193999 0.238204 0.238204 0.238204
7760 2.193999 2.193999 2.193999 0.238204 0.238204 0.238204
7770 2.193999 2.193999 2.193999 0.238204 0.238204 0.238204
7780 2.193999 2.193999 2.193999 0.238204 0.238204 0.238204
7790 2.193999 2.193999 2.193999 0.238204 0.238204 0.238204
7800 2.193999 2.193999 2.193999 0.238204 0.238204 0.238204
7810 2.193999 2.193999 2.193999 0.238204 0.238204 0.238204
7820 2.193999 2.193999 2.193999 0.238204 0.238204 0.238204
7830 2.193999 2.193999 2.193999 0.238204 0.238204 0.238204
7840 2.193999 2.193999 2.193999 0.238204 0.238204 0.238204
7850 2.193999 2.193999 2.193999 0.238204 0.238204 0.238204
7860 2.193999 2.193999 2.193999 0.238204 0.238204 0.238204
7870 2.193999 2.193999 2.193999 0.238204 0.238204 0.238204
7880 2.193999 2.193999 2.193999 0.238204 0.238204 0.238204
7890 2.193999 2.193999 2.193999 0.238204 0.238204 0.238204
7900 2.193999 2.193999 2.193999 0.238204 0.238204 0.238204
7910 2.193999 2.193999 2.193999 0.238204 0.238204 0.238204
7920 2.193999 2.193999 2.193999 0.238204 0.238204 0.238204
7930 2.193999 2.193999 2.193999 0.238204 0.238204 0.238204
7940 2.193999 2.193999 2.193999 0.238204 0.238204 0.238204
7950 2.193999 2.193999 2.193999 0.238204 0.238204 0.238204
7960 2.193999 2.193999 2.193999 0.238204 0.238204 0.238204
7970 2.193999 2.193999 2.193999 0.238204 0.238204 0.238204
7980 2.193999 2.193999 2.193999 0.238204 0.238204 0.238204
7990 2.193999 2.193999 2.193999 0.238204 0.238204 0.238204
8000 2.193999 2.193999 2.193999 0.238204 0.238204 0.238204
8010 2.193999 2.193999 2.193999 0.238204 0.238204 0.238204
8020 2.193999 2.193999 2.193999 0.238204 0.238204 0.238204
8030 2.193999 2.193999 2.193999 0.238204 0.238204 0.238204
8040 2.193999 2.193999 2.193999 0.238204 0.238204 0.238204
8050 2.193999 2.193999 2.193999 0.238204 0.238204 0.238204
8060 2.193999 2.193999 2.193999 0.238204 0.238204 0.238204
8070 2.193999 2.193999 2.193999 0.238204 0.238204 0.238204
8080 2.193999 2.193999 2.193999 0.238204 0.238204 0.238204
8090 2.193999 2.193999 2.193999 0.238204 0.238204 0.238204
8100 2.193999 2.193999 2.193999 0.238204 0.238204 0.238204
8110 2.193999 2.193999 2.193999 0.238204 0.238204 0.238204
8120 2.193999 2.193999 2.193999 0.238204 0.238204 0.238204
8130 2.193999 2.193999 2.193999 0.238204 0.238204 0.238204
8140 2.193999 2.193999 2.193999 0.238204 0.238204 0.238204
8150 2.193999 2.193999 2.193999 0.238204 0.238204 0.238204
8160 2.193999 2.193999 2.193999 0.238204 0.238204 0.238204
8170 2.193999 2.193999 2.193999 0.238204 0.238204 0.238204
8180 2.193999 2.193999 2.193999 0.238204 0.238204 0.238204
8190 2.193999 2.193999 2.193999 0.238204 0.238204 0.238204
8200 2.193999 2.193999 2.193999 0.238204 0.238204 0.238204
8210 2.193999 2.193999 2.193999 0.238204 0.238204 0.238204
8220 2.193999 2.193999 2.193999 0.238204 0.238204 0.238204
8230 2.193999 2.193999 2.193999 0.238204 0.238204 0.238204
8240 2.193999 2.193999 2.193999 0.238204 0.238204 0.238204
8250 2.193999 2.193999 2.193999 0.238204 0.238204 0.238204
8260 2.193999 2.193999 2.193999 0.238204 0.238204 0.238204
8270 2.193999 2.193999 2.193999 0.238204 0.238204 0.238204
8280 2.193999 2.193999 2.193999 0.238204 0.238204 0.238204
8290 2.193999 2.193999 2.193999 0.238204 0.238204 0.238204
8300 2.193999 2.193999 2.193999 0.238204 0.238204 0.238204
8310 2.193999 2.193999 2.193999 0.238204 0.238204 0.238204
8320 2.193999 2.193999 2.193999 0.238204 0.238204 0.238204
8330 2.193999 2.193999 2.193999 0.238204 0.238204 0.238204
8340 2.193999 2.193999 2.193999 0.238204 0.238204 0.238204
8350 2.193999 2.193999 2.193999 0.238204 0.238204 0.238204
8360 2.193999 2.193999 2.193999 0.238204 0.238204 0.238204
8370 2.193999 2.193999 2.193999 0.238204 0.238204 0.238204
8380 2.193999 2.193999 2.193999 0.238204 0.238204 0.238204
8390 2.193999 2.193999 2.193999 0.238204 0.238204 0.238204
8400 2.193999 2.193999 2.193999 0.238204 0.238204 0.238204
8410 2.193999 2.193999 2.193999 0.238204 0.238204 0.238204
8420 2.193999 2.193999 2.193999 0.238204 0.238204 0.238204
8430 2.193999 2.193999 2.193999 0.238204 0.238204 0.238204
8440 2.193999 2.193999 2.193999 0.238204 0.238204 0.238204
8450 2.193999 2.193999 2.193999 0.238204 0.238204 0.238204
8460 2.193999 2.193999 2.193999 0.238204 0.238204 0.238204
8470 2.193999 2.193999 2.193999 0.238204 0.238204 0.238204
8480 2.193999 2.193999 2.193999 0.238204 0.238204 0.238204
8490 2.193999 2.193999 2.193999 0.238204 0.238204 0.238204
8500 2.193999 2.193999 2.193999 0.238204 0.238204 0.238204
8510 2.193999 2.193999 2.193999 0.238204 0.238204 0.238204
8520 2.193999 2.193999 2.193999 0.238204 0.238204 0.238204
8530 2.193999 2.193999 2.193999 0.238204 0.238204 0.238204
8540 2.193999 2.193999 2.193999 0.238204 0.238204 0.238204
8550 2.193999 2.193999 2.193999 0.238204 0.238204 0.238204
8560 2.193999 2.193999 2.193999 0.238204 0.238204 0.238204
8570 2.193999 2.193999 2.193999 0.238204 0.238204 0.238204
8580 2.193999 2.193999 2.193999 0.238204 0.238204 0.238204
8590 2.193999 2.193999 2.193999 0.238204 0.238204 0.238204
8600 2.193999 2.193999 2.193999 0.238204 0.238204 0.238204
8610 2.193999 2.193999 2.193999 0.238204 0.238204 0.238204
8620 2.193999 2.193999 2.193999 0.238204 0.238204 0.238204
8630 2.193999 2.193999 2.193999 0.238204 0.238204 0.238204
8640 2.193999 2.193999 2.193999 0.238204 0.238204 0.238204
8650 2.193999 2.193999 2.193999 0.238204 0.238204 0.238204
8660 2.193999 2.193999 2.193999 0.238204 0.238204 0.238204
8670 2.193999 2.193999 2.193999 0.238204 0.238204 0.238204
8680 2.193999 2.193999 2.193999 0.238204 0.238204 0.238204
8690 2.193999 2.193999 2.193999 0.238204 0.238204 0.238204
8700 2.193999 2.193999 2.193999 0.238204 0.238204 0.238204
8710 2.193999 2.193999 2.193999 0.238204 0.238204 0.238204
8720 2.193999 2.193999 2.193999 0.238204 0.238204 0.238204
8730 2.193999 2.193999 2.193999 0.238204 0.238204 0.238204
8740 2.193999 2.193999 2.193999 0.238204 0.238204 0.238204
8750 2.193999 2.193999 2.193999 0.238204 0.238204 0.238204
8760 2.193999 2.193999 2.193999 0.238204 0.238204 0.238204
8770 2.193999 2.193999 2.193999 0.238204 0.238204 0.238204
8780 2.193999 2.193999 2.193999 0.238204 0.238204 0.238204
8790 2.193999 2.193999 2.193999 0.238204 0.238204 0.238204
8800 2.193999 2.193999 2.193999 0.238204 0.238204 0.238204
8810 2.193999 2.193999 2.193999 0.238204 0.238204 0.238204
8820 2.193999 2.193999 2.193999 0.238204 0.238204 0.238204
8830 2.193999 2.193999 2.193999 0.238204 0.238204 0.238204
8840 2.193999 2.193999 2.193999 0.238204 0.238204 0.238204
8850 2.193999 2.193999 2.193999 0.238204 0.238204 0.238204
8860 2.193999 2.193999 2.193999 0.238204 0.238204 0.238204
8870 2.193999 2.193999 2.193999 0.238204 0.238204 0.238204
8880 2.193999 2.193999 2.193999 0.238204 0.238204 0.238204
8890 2.193999 2.193999 2.193999 0.238204 0.238204 0.238204
8900 2.193999 2.193999 2.193999 0.238204 0.238204 0.238204
8910 2.193999 2.193999 2.193999 0.238204 0.238204 0.238204
8920 2.193999 2.193999 2.193999 0.238204 0.238204 0.238204
8930 2.193999 2.193999 2.193999 0.238204 0.238204 0.238204
8940 2.193999 2.193999 2.193999 0.238204 0.238204 0.238204
8950 2.193999 2.193999 2.193999 0.238204 0.238204 0.238204
8960 2.193999 2.193999 2.193999 0.238204 0.238204 0.238204
8970 2.193999 2.193999 2.193999 0.238204 0.238204 0.238204
8980 2.193999 2.193999 2.193999 0.238204 0.238204 0.238204
8990 2.193999 2.193999 2.193999 0.238204 0.238204 0.238204
9000 2.193999 2.193999 2.193999 0.238204 0.238204 0.238204
9010 2.193999 2.193999 2.193999 0.238204 0.238204 0.238204
9020 2.193999 2.193999 2.193999 0.238204 0.238204 0.238204
9030 2.193999 2.193999 2.193999 0.238204 0.238204 0.238204
9040 2.193999 2.193999 2.193999 0.238204 0.238204 0.238204
9050 2.193999 2.193999 2.193999 0.238204 0.238204 0.238204
9060 2.193999 2.193999 2.193999 0.238204 0.238204 0.238204
9070 2.193999 2.193999 2.193999 0.238204 0.238204 0.238204
9080 2.193999 2.193999 2.193999 0.238204 0.238204 0.238204
9090 2.193999 2.193999 2.193999 0.238204 0.238204 0.238204
9100 2.193999 2.193999 2.193999 0.238204 0.238204 0.238204
9110 2.193999 2.193999 2.193999 0.238204 0.238204 0.238204
9120 2.193999 2.193999 2.193999 0.238204 0.238204 0.238204
9130 2.193999 2.193999 2.193999 0.238204 0.238204 0.238204
9140 2.193999 2.193999 2.193999 0.238204 0.238204 0.238204
9150 2.193999 2.193999 2.193999 0.238204 0.238204 0.238204
9160 2.193999 2.193999 2.193999 0.238204 0.238204 0.238204
9170 2.193999 2.193999 2.193999 0.238204 0.238204 0.238204
9180 2.193999 2.193999 2.193999 0.238204 0.238204 0.238204
9190 2.193999 2.193999 2.193999 0.238204 0.238204 0.238204
9200 2.193999 2.193999 2.193999 0.238204 0.238204 0.238204
9210 2.193999 2.193999 2.193999 0.238204 0.238204 0.238204
9220 2.193999 2.193999 2.193999 0.238204 0.238204 0.238204
9230 2.193999 2.193999 2.193999 0.238204 0.238204 0.238204
9240 2.193999 2.193999 2.193999 0.238204 0.238204 0.238204
9250 2.193999 2.193999 2.193999 0.238204 0.238204 0.238204
9260 2.193999 2.193999 2.193999 0.238204 0.238204 0.238204
9270 2.193999 2.193999 2.193999 0.238204 0.238204 0.238204
9280 2.193999 2.193999 2.193999 0.238204 0.238204 0.238204
9290 2.193999 2.193999 2.193999 0.238204 0.238204 0.238204
9300 2.193999 2.193999 2.193999 0.238204 0.238204 0.238204
9310 2.193999 2.193999 2.193999 0.238204 0.238204 0.238204
9320 2.193999 2.193999 2.193999 0.238204 0.238204 0.238204
9330 2.193999 2.193999 2.193999 0.238204 0.238204 0.238204
9340 2.193999 2.193999 2.193999 0.238204 0.238204 0.238204
9350 2.193999 2.193999 2.193999 0.238204 0.238204 0.238204
9360 2.193999 2.193999 2.193999 0.238204 0.238204 0.238204
9370 2.193999 2.193999 2.193999 0.238204 0.238204 0.238204
9380 2.193999 2.193999 2.193999 0.238204 0.238204 0.238204
9390 2.193999 2.193999 2.193999 0.238204 0.238204 0.238204
9400 2.193999 2.193999 2.193999 0.238204 0.238204 0.238204
9410 2.193999 2.193999 2.193999 0.238204 0.238204 0.238204
9420 2.193999 2.193999 2.193999 0.238204 0.238204 0.238204
9430 2.193999 2.193999 2.193999 0.238204 0.238204 0.238204
9440 2.193999 2.193999 2.193999 0.238204 0.238204 0.238204
9450 2.193999 2.193999 2.193999 0.238204 0.238204 0.238204
9460 2.193999 2.193999 2.193999 0.238204 0.238204 0.238204
9470 2.193999 2.193999 2.193999 0.238204 0.238204 0.238204
9480 2.193999 2.193999 2.193999 0.238204 0.238204 0.238204
9490 2.193999 2.193999 2.193999 0.238204 0.238204 0.238204
9500 2.193999 2.193999 2.193999 0.238204 0.238204 0.238204
9510 2.193999 2.193999 2.193999 0.238204 0.238204 0.238204
9520 2.193999 2.193999 2.193999 0.238204 0.238204 0.238204
9530 2.193999 2.193999 2.193999 0.238204 0.238204 0.238204
9540 2.193999 2.193999 2.193999 0.238204 0.238204 0.238204
9550 2.193999 2.193999 2.193999 0.238204 0.238204 0.238204
9560 2.193999 2.193999 2.193999 0.238204 0.238204 0.238204
9570 2.193999 2.193999 2.193999 0.238204 0.238204 0.238204
9580 2.193999 2.193999 2.193999 0.238204 0.238204 0.238204
9590 2.193999 2.193999 2.193999 0.238204 0.238204 0.238204
9600 2.193999 2.193999 2.193999 0.238204 0.238204 0.238204
9610 2.193999 2.193999 2.193999 0.238204 0.238204 0.238204
9620 2.193999 2.193999 2.193999 0.238204 0.238204 0.238204
9630 2.193999 2.193999 2.193999 0.238204 0.238204 0.238204
9640 2.193999 2.193999 2.193999 0.238204 0.238204 0.238204
9650 2.193999 2.193999 2.193999 0.238204 0.238204 0.238204
9660 2.193999 2.193999 2.193999 0.238204 0.238204 0.238204
9670 2.193999 2.193999 2.193999 0.238204 0.238204 0.238204
9680 2.193999 2.193999 2.193999 0.238204 0.238204 0.238204
9690 2.193999 2.193999 2.193999 0.238204 0.238204 0.238204
9700 2.193999 2.193999 2.193999 0.238204 0.238204 0.238204
9710 2.193999 2.193999 2.193999 0.238204 0.238204 0.238204
9720 2.193999 2.193999 2.193999 0.238204 0.238204 0.238204
9730 2.193999 2.193999 2.193999 0.238204 0.238204 0.238204
9740 2.193999 2.193999 2.193999 0.238204 0.238204 0.238204
9750 2.193999 2.193999 2.193999 0.238204 0.238204 0.238204
9760 2.193999 2.193999 2.193999 0.238204 0.238204 0.238204
9770 2.193999 2.193999 2.193999 0.238204 0.238204 0.238204
9780 2.193999 2.193999 2.193999 0.238204 0.238204 0.238204
9790 2.193999 2.193999 2.193999 0.238204 0.238204 0.238204
9800 2.193999 2.193999 2.193999 0.238204 0.238204 0.238204
9810 2.193999 2.193999 2.193999 0.238204 0.238204 0.238204
9820 2.193999 2.193999 2.193999 0.238204 0.238204 0.238204
9830 2.193999 2.193999 2.193999 0.238204 0.238204 0.238204
9840 2.193999 2.193999 2.193999 0.238204 0.238204 0.238204
9850 2.193999 2.193999 2.193999 0.238204 0.238204 0.238204
9860 2.193999 2.193999 2.193999 0.238204 0.238204 0.238204
9870 2.193999 2.193999 2.193999 0.238204 0.238204 0.238204
9880 2.193999 2.193999 2.193999 0.238204 0.238204 0.238204
9890 2.193999 2.193999 2.193999 0.238204 0.238204 0.238204
9900 2.193999 2.193999 2.193999 0.238204 0.238204 0.238204
9910 2.193999 2.193999 2.193999 0.238204 0.238204 0.238204
9920 2.193999 2.193999 2.193999 0.238204 0.238204 0.238204
9930 2.193999 2.193999 2.193999 0.238204 0.238204 0.238204
9940 2.193999 2.193999 2.193999 0.238204 0.238204 0.238204
9950 2.193999 2.193999 2.193999 0.238204 0.238204 0.238204
9960 2.193999 2.193999 2.193999 0.238204 0.238204 0.238204
9970 2.193999 2.193999 2.193999 0.238204 0.238204 0.238204
9980 2.193999 2.193999 2.193999 0.238204 0.238204 0.238204
9990 2.193999 2.193999 2.193999 0.238204 0.238204 0.238204
10000 2.193999 2.193999 2.193999 0.238204 0.238204 0.238204
