# generation power_min power_avg power_max util_min util_avg util_max
1 6.991146 8.058327 9.647443 0.309225 0.396231 0.492802
10 6.951099 7.882707 8.880277 0.314844 0.401621 0.492802
20 6.546648 7.723087 8.443729 0.314844 0.405957 0.463186
30 6.546648 7.614818 8.372298 0.346303 0.409446 0.463186
40 6.546648 7.490928 8.158749 0.346303 0.412993 0.471586
50 6.447396 7.355167 8.022928 0.346303 0.417029 0.476573
60 6.310851 7.228036 7.923065 0.346303 0.421311 0.482497
70 6.310851 7.108321 7.801938 0.346303 0.426829 0.482497
80 6.289354 6.989031 7.661580 0.369060 0.431091 0.482497
90 6.030667 6.872299 7.515339 0.373270 0.436107 0.482497
100 5.989697 6.765183 7.401285 0.386045 0.438380 0.499586
110 5.989697 6.661984 7.162036 0.395166 0.441286 0.499586
120 5.989697 6.570046 7.086031 0.395166 0.443732 0.499586
130 5.944021 6.474721 6.987326 0.395166 0.447462 0.499586
140 5.830359 6.379239 6.841321 0.395166 0.451050 0.515194
150 5.760515 6.298692 6.778798 0.395836 0.453276 0.515194
160 5.722330 6.219709 6.703492 0.395836 0.455460 0.515194
170 5.693549 6.143468 6.545369 0.395836 0.458659 0.515194
180 5.522966 6.071550 6.447191 0.395836 0.461596 0.515194
190 5.522966 5.999435 6.390038 0.413643 0.465230 0.515194
200 5.505943 5.939913 6.295263 0.413643 0.467610 0.525564
210 5.446182 5.882430 6.228080 0.413643 0.470277 0.525564
220 5.446182 5.824260 6.143694 0.424464 0.474576 0.525564
230 5.423234 5.771186 6.043035 0.424464 0.476293 0.525564
240 5.391171 5.725682 5.981473 0.424464 0.477678 0.525564
250 5.197732 5.673266 5.933986 0.424464 0.479628 0.525564
260 4.905236 5.613555 5.896988 0.424464 0.483817 0.525564
270 4.905236 5.570870 5.836334 0.431343 0.486781 0.526176
280 4.844856 5.517823 5.768566 0.431343 0.490209 0.528348
290 4.732645 5.461153 5.724964 0.431343 0.492271 0.528348
300 4.732645 5.420588 5.688821 0.431343 0.492595 0.528348
310 4.732645 5.374870 5.628913 0.431343 0.494901 0.535189
320 4.732645 5.322382 5.597290 0.431343 0.496390 0.535189
330 4.732645 5.281841 5.522966 0.431343 0.497433 0.535189
340 4.620055 5.225549 5.482963 0.431343 0.498523 0.535189
350 4.620055 5.172510 5.457095 0.431343 0.501731 0.535189
360 4.594075 5.124769 5.425577 0.445486 0.505056 0.535189
370 4.594075 5.070143 5.396076 0.445486 0.507138 0.541530
380 4.205520 5.004541 5.349254 0.445486 0.509543 0.547356
390 4.198072 4.943694 5.281934 0.465554 0.512739 0.547356
400 4.198072 4.888510 5.189618 0.483843 0.513965 0.547356
410 4.198072 4.829357 5.137605 0.483843 0.515386 0.547356
420 4.198072 4.782972 5.072685 0.485422 0.516319 0.547356
430 4.198072 4.721515 5.011768 0.485422 0.516178 0.547356
440 4.154728 4.669244 4.965035 0.485422 0.516270 0.549609
450 4.092590 4.612474 4.932567 0.484222 0.517124 0.549609
460 4.004619 4.555646 4.870175 0.484222 0.517384 0.549609
470 3.980402 4.494018 4.808557 0.484222 0.517454 0.549609
480 3.942270 4.436015 4.763797 0.484222 0.517193 0.549609
490 3.878995 4.372867 4.697260 0.484222 0.518095 0.570567
500 3.878995 4.307214 4.620055 0.484222 0.518613 0.570567
510 3.878995 4.247088 4.570130 0.484222 0.520405 0.570567
520 3.737886 4.194153 4.521593 0.484222 0.521906 0.572084
530 3.737886 4.137539 4.476314 0.484222 0.525257 0.572084
540 3.737886 4.084065 4.411262 0.484222 0.527574 0.572084
550 3.737886 4.033031 4.327436 0.484222 0.529641 0.572084
560 3.737886 3.988576 4.270458 0.484222 0.532311 0.572359
570 3.482351 3.938697 4.198072 0.503683 0.535719 0.580040
580 3.482351 3.909750 4.120757 0.503683 0.537750 0.580040
590 3.482351 3.881531 4.041691 0.503683 0.540249 0.580040
600 3.482351 3.858634 4.003190 0.503683 0.543155 0.580040
610 3.482351 3.836306 3.961015 0.503683 0.545345 0.580040
620 3.473794 3.811988 3.917829 0.506433 0.547247 0.581096
630 3.473794 3.795473 3.894396 0.506433 0.547695 0.581096
640 3.473794 3.777722 3.885822 0.506433 0.550498 0.581096
650 3.473794 3.756344 3.875008 0.506433 0.552642 0.581939
660 3.473794 3.734088 3.866435 0.506433 0.554788 0.581939
670 3.468307 3.704253 3.854153 0.515673 0.556722 0.584304
680 3.468307 3.678786 3.817142 0.515673 0.558356 0.584304
690 3.364758 3.650325 3.786237 0.515673 0.560326 0.584304
700 3.364680 3.621130 3.778827 0.522709 0.561553 0.584304
710 3.346209 3.596329 3.737807 0.522709 0.562600 0.584304
720 3.336725 3.569862 3.718420 0.532808 0.564341 0.584304
730 3.336725 3.545972 3.702557 0.532808 0.565422 0.584304
740 3.311926 3.520796 3.658654 0.534897 0.566027 0.584304
750 3.311926 3.496768 3.633916 0.534897 0.566676 0.584304
760 3.311926 3.471126 3.622238 0.543232 0.569557 0.584304
770 3.311926 3.448406 3.566111 0.545248 0.570734 0.584304
780 3.311926 3.429936 3.542321 0.545248 0.572010 0.584304
790 3.311926 3.409612 3.533538 0.545248 0.573317 0.584304
800 3.311926 3.391128 3.493581 0.545248 0.574633 0.584304
810 3.311926 3.376634 3.473794 0.545248 0.575131 0.584304
820 3.311926 3.363734 3.454396 0.545248 0.575147 0.583892
830 3.311926 3.351265 3.446732 0.545248 0.575052 0.583892
840 3.311926 3.339081 3.431591 0.550400 0.576711 0.583892
850 3.311926 3.329634 3.364758 0.571606 0.578332 0.583892
860 3.311926 3.324855 3.364680 0.571606 0.578313 0.583892
870 3.311926 3.321137 3.336725 0.576165 0.578990 0.582395
880 3.311926 3.318858 3.336725 0.576165 0.579517 0.582395
890 3.311926 3.316981 3.321979 0.577561 0.579964 0.582395
900 3.311926 3.315981 3.321979 0.577561 0.580445 0.582395
910 3.311926 3.314976 3.321979 0.577561 0.580928 0.582395
920 3.311926 3.314071 3.321979 0.577561 0.581363 0.582395
930 3.311926 3.313066 3.321979 0.577561 0.581847 0.582395
940 3.311926 3.312060 3.321979 0.577561 0.582330 0.582395
950 3.311926 3.311926 3.311926 0.582395 0.582395 0.582395
960 3.311926 3.311926 3.311926 0.582395 0.582395 0.582395
970 3.311926 3.311926 3.311926 0.582395 0.582395 0.582395
980 3.311926 3.311926 3.311926 0.582395 0.582395 0.582395
990 3.311926 3.311926 3.311926 0.582395 0.582395 0.582395
1000 3.311926 3.311926 3.311926 0.582395 0.582395 0.582395
1010 3.311926 3.311926 3.311926 0.582395 0.582395 0.582395
1020 3.311926 3.311926 3.311926 0.582395 0.582395 0.582395
1030 3.311926 3.311926 3.311926 0.582395 0.582395 0.582395
1040 3.311926 3.311926 3.311926 0.582395 0.582395 0.582395
1050 3.311926 3.311926 3.311926 0.582395 0.582395 0.582395
1060 3.311926 3.311926 3.311926 0.582395 0.582395 0.582395
1070 3.311926 3.311926 3.311926 0.582395 0.582395 0.582395
1080 3.311926 3.311926 3.311926 0.582395 0.582395 0.582395
1090 3.311926 3.311926 3.311926 0.582395 0.582395 0.582395
1100 3.311926 3.311926 3.311926 0.582395 0.582395 0.582395
1110 3.311926 3.311926 3.311926 0.582395 0.582395 0.582395
1120 3.311926 3.311926 3.311926 0.582395 0.582395 0.582395
1130 3.311926 3.311926 3.311926 0.582395 0.582395 0.582395
1140 3.311926 3.311926 3.311926 0.582395 0.582395 0.582395
1150 3.311926 3.311926 3.311926 0.582395 0.582395 0.582395
1160 3.311926 3.311926 3.311926 0.582395 0.582395 0.582395
1170 3.311926 3.311926 3.311926 0.582395 0.582395 0.582395
1180 3.311926 3.311926 3.311926 0.582395 0.582395 0.582395
1190 3.311926 3.311926 3.311926 0.582395 0.582395 0.582395
1200 3.311926 3.311926 3.311926 0.582395 0.582395 0.582395
1210 3.311926 3.311926 3.311926 0.582395 0.582395 0.582395
1220 3.311926 3.311926 3.311926 0.582395 0.582395 0.582395
1230 3.311926 3.311926 3.311926 0.582395 0.582395 0.582395
1240 3.311926 3.311926 3.311926 0.582395 0.582395 0.582395
1250 3.311926 3.311926 3.311926 0.582395 0.582395 0.582395
1260 3.311926 3.311926 3.311926 0.582395 0.582395 0.582395
1270 3.311926 3.311926 3.311926 0.582395 0.582395 0.582395
1280 3.311926 3.311926 3.311926 0.582395 0.582395 0.582395
1290 3.311926 3.311926 3.311926 0.582395 0.582395 0.582395
1300 3.311926 3.311926 3.311926 0.582395 0.582395 0.582395
1310 3.311926 3.311926 3.311926 0.582395 0.582395 0.582395
1320 3.311926 3.311926 3.311926 0.582395 0.582395 0.582395
1330 3.311926 3.311926 3.311926 0.582395 0.582395 0.582395
1340 3.311926 3.311926 3.311926 0.582395 0.582395 0.582395
1350 3.311926 3.311926 3.311926 0.582395 0.582395 0.582395
1360 3.311926 3.311926 3.311926 0.582395 0.582395 0.582395
1370 3.311926 3.311926 3.311926 0.582395 0.582395 0.582395
1380 3.311926 3.311926 3.311926 0.582395 0.582395 0.582395
1390 3.311926 3.311926 3.311926 0.582395 0.582395 0.582395
1400 3.311926 3.311926 3.311926 0.582395 0.582395 0.582395
1410 3.311926 3.311926 3.311926 0.582395 0.582395 0.582395
1420 3.311926 3.311926 3.311926 0.582395 0.582395 0.582395
1430 3.311926 3.311926 3.311926 0.582395 0.582395 0.582395
1440 3.311926 3.311926 3.311926 0.582395 0.582395 0.582395
1450 3.311926 3.311926 3.311926 0.582395 0.582395 0.582395
1460 3.311926 3.311926 3.311926 0.582395 0.582395 0.582395
1470 3.311926 3.311926 3.311926 0.582395 0.582395 0.582395
1480 3.311926 3.311926 3.311926 0.582395 0.582395 0.582395
1490 3.311926 3.311926 3.311926 0.582395 0.582395 0.582395
1500 3.311926 3.311926 3.311926 0.582395 0.582395 0.582395
1510 3.311926 3.311926 3.311926 0.582395 0.582395 0.582395
1520 3.311926 3.311926 3.311926 0.582395 0.582395 0.582395
1530 3.311926 3.311926 3.311926 0.582395 0.582395 0.582395
1540 3.311926 3.311926 3.311926 0.582395 0.582395 0.582395
1550 3.311926 3.311926 3.311926 0.582395 0.582395 0.582395
1560 3.311926 3.311926 3.311926 0.582395 0.582395 0.582395
1570 3.311926 3.311926 3.311926 0.582395 0.582395 0.582395
1580 3.311926 3.311926 3.311926 0.582395 0.582395 0.582395
1590 3.311926 3.311926 3.311926 0.582395 0.582395 0.582395
1600 3.311926 3.311926 3.311926 0.582395 0.582395 0.582395
1610 3.311926 3.311926 3.311926 0.582395 0.582395 0.582395
1620 3.311926 3.311926 3.311926 0.582395 0.582395 0.582395
1630 3.311926 3.311926 3.311926 0.582395 0.582395 0.582395
1640 3.311926 3.311926 3.311926 0.582395 0.582395 0.582395
1650 3.311926 3.311926 3.311926 0.582395 0.582395 0.582395
1660 3.311926 3.311926 3.311926 0.582395 0.582395 0.582395
1670 3.311926 3.311926 3.311926 0.582395 0.582395 0.582395
1680 3.311926 3.311926 3.311926 0.582395 0.582395 0.582395
1690 3.311926 3.311926 3.311926 0.582395 0.582395 0.582395
1700 3.311926 3.311926 3.311926 0.582395 0.582395 0.582395
1710 3.311926 3.311926 3.311926 0.582395 0.582395 0.582395
1720 3.311926 3.311926 3.311926 0.582395 0.582395 0.582395
1730 3.311926 3.311926 3.311926 0.582395 0.582395 0.582395
1740 3.311926 3.311926 3.311926 0.582395 0.582395 0.582395
1750 3.311926 3.311926 3.311926 0.582395 0.582395 0.582395
1760 3.311926 3.311926 3.311926 0.582395 0.582395 0.582395
1770 3.311926 3.311926 3.311926 0.582395 0.582395 0.582395
1780 3.311926 3.311926 3.311926 0.582395 0.582395 0.582395
1790 3.311926 3.311926 3.311926 0.582395 0.582395 0.582395
1800 3.311926 3.311926 3.311926 0.582395 0.582395 0.582395
1810 3.311926 3.311926 3.311926 0.582395 0.582395 0.582395
1820 3.311926 3.311926 3.311926 0.582395 0.582395 0.582395
1830 3.311926 3.311926 3.311926 0.582395 0.582395 0.582395
1840 3.311926 3.311926 3.311926 0.582395 0.582395 0.582395
1850 3.311926 3.311926 3.311926 0.582395 0.582395 0.582395
1860 3.311926 3.311926 3.311926 0.582395 0.582395 0.582395
1870 3.311926 3.311926 3.311926 0.582395 0.582395 0.582395
1880 3.311926 3.311926 3.311926 0.582395 0.582395 0.582395
1890 3.311926 3.311926 3.311926 0.582395 0.582395 0.582395
1900 3.311926 3.311926 3.311926 0.582395 0.582395 0.582395
1910 3.311926 3.311926 3.311926 0.582395 0.582395 0.582395
1920 3.311926 3.311926 3.311926 0.582395 0.582395 0.582395
1930 3.311926 3.311926 3.311926 0.582395 0.582395 0.582395
1940 3.311926 3.311926 3.311926 0.582395 0.582395 0.582395
1950 3.311926 3.311926 3.311926 0.582395 0.582395 0.582395
1960 3.311926 3.311926 3.311926 0.582395 0.582395 0.582395
1970 3.311926 3.311926 3.311926 0.582395 0.582395 0.582395
1980 3.311926 3.311926 3.311926 0.582395 0.582395 0.582395
1990 3.311926 3.311926 3.311926 0.582395 0.582395 0.582395
2000 3.311926 3.311926 3.311926 0.582395 0.582395 0.582395
2010 3.311926 3.311926 3.311926 0.582395 0.582395 0.582395
2020 3.311926 3.311926 3.311926 0.582395 0.582395 0.582395
2030 3.311926 3.311926 3.311926 0.582395 0.582395 0.582395
2040 3.311926 3.311926 3.311926 0.582395 0.582395 0.582395
2050 3.311926 3.311926 3.311926 0.582395 0.582395 0.582395
2060 3.311926 3.311926 3.311926 0.582395 0.582395 0.582395
2070 3.311926 3.311926 3.311926 0.582395 0.582395 0.582395
2080 3.311926 3.311926 3.311926 0.582395 0.582395 0.582395
2090 3.311926 3.311926 3.311926 0.582395 0.582395 0.582395
2100 3.311926 3.311926 3.311926 0.582395 0.582395 0.582395
2110 3.311926 3.311926 3.311926 0.582395 0.582395 0.582395
2120 3.311926 3.311926 3.311926 0.582395 0.582395 0.582395
2130 3.311926 3.311926 3.311926 0.582395 0.582395 0.582395
2140 3.311926 3.311926 3.311926 0.582395 0.582395 0.582395
2150 3.311926 3.311926 3.311926 0.582395 0.582395 0.582395
2160 3.311926 3.311926 3.311926 0.582395 0.582395 0.582395
2170 3.311926 3.311926 3.311926 0.582395 0.582395 0.582395
2180 3.311926 3.311926 3.311926 0.582395 0.582395 0.582395
2190 3.311926 3.311926 3.311926 0.582395 0.582395 0.582395
2200 3.311926 3.311926 3.311926 0.582395 0.582395 0.582395
2210 3.311926 3.311926 3.311926 0.582395 0.582395 0.582395
2220 3.311926 3.311926 3.311926 0.582395 0.582395 0.582395
2230 3.311926 3.311926 3.311926 0.582395 0.582395 0.582395
2240 3.311926 3.311926 3.311926 0.582395 0.582395 0.582395
2250 3.311926 3.311926 3.311926 0.582395 0.582395 0.582395
2260 3.311926 3.311926 3.311926 0.582395 0.582395 0.582395
2270 3.311926 3.311926 3.311926 0.582395 0.582395 0.582395
2280 3.311926 3.311926 3.311926 0.582395 0.582395 0.582395
2290 3.311926 3.311926 3.311926 0.582395 0.582395 0.582395
2300 3.311926 3.311926 3.311926 0.582395 0.582395 0.582395
2310 3.311926 3.311926 3.311926 0.582395 0.582395 0.582395
2320 3.311926 3.311926 3.311926 0.582395 0.582395 0.582395
2330 3.311926 3.311926 3.311926 0.582395 0.582395 0.582395
2340 3.311926 3.311926 3.311926 0.582395 0.582395 0.582395
2350 3.311926 3.311926 3.311926 0.582395 0.582395 0.582395
2360 3.311926 3.311926 3.311926 0.582395 0.582395 0.582395
2370 3.311926 3.311926 3.311926 0.582395 0.582395 0.582395
2380 3.311926 3.311926 3.311926 0.582395 0.582395 0.582395
2390 3.311926 3.311926 3.311926 0.582395 0.582395 0.582395
2400 3.311926 3.311926 3.311926 0.582395 0.582395 0.582395
2410 3.311926 3.311926 3.311926 0.582395 0.582395 0.582395
2420 3.311926 3.311926 3.311926 0.582395 0.582395 0.582395
2430 3.311926 3.311926 3.311926 0.582395 0.582395 0.582395
2440 3.311926 3.311926 3.311926 0.582395 0.582395 0.582395
2450 3.311926 3.311926 3.311926 0.582395 0.582395 0.582395
2460 3.311926 3.311926 3.311926 0.582395 0.582395 0.582395
2470 3.311926 3.311926 3.311926 0.582395 0.582395 0.582395
2480 3.311926 3.311926 3.311926 0.582395 0.582395 0.582395
2490 3.311926 3.311926 3.311926 0.582395 0.582395 0.582395
2500 3.311926 3.311926 3.311926 0.582395 0.582395 0.582395
2510 3.311926 3.311926 3.311926 0.582395 0.582395 0.582395
2520 3.311926 3.311926 3.311926 0.582395 0.582395 0.582395
2530 3.311926 3.311926 3.311926 0.582395 0.582395 0.582395
2540 3.311926 3.311926 3.311926 0.582395 0.582395 0.582395
2550 3.311926 3.311926 3.311926 0.582395 0.582395 0.582395
2560 3.311926 3.311926 3.311926 0.582395 0.582395 0.582395
2570 3.311926 3.311926 3.311926 0.582395 0.582395 0.582395
2580 3.311926 3.311926 3.311926 0.582395 0.582395 0.582395
2590 3.311926 3.311926 3.311926 0.582395 0.582395 0.582395
2600 3.311926 3.311926 3.311926 0.582395 0.582395 0.582395
2610 3.311926 3.311926 3.311926 0.582395 0.582395 0.582395
2620 3.311926 3.311926 3.311926 0.582395 0.582395 0.582395
2630 3.311926 3.311926 3.311926 0.582395 0.582395 0.582395
2640 3.311926 3.311926 3.311926 0.582395 0.582395 0.582395
2650 3.311926 3.311926 3.311926 0.582395 0.582395 0.582395
2660 3.311926 3.311926 3.311926 0.582395 0.582395 0.582395
2670 3.311926 3.311926 3.311926 0.582395 0.582395 0.582395
2680 3.311926 3.311926 3.311926 0.582395 0.582395 0.582395
2690 3.311926 3.311926 3.311926 0.582395 0.582395 0.582395
2700 3.311926 3.311926 3.311926 0.582395 0.582395 0.582395
2710 3.311926 3.311926 3.311926 0.582395 0.582395 0.582395
2720 3.311926 3.311926 3.311926 0.582395 0.582395 0.582395
2730 3.311926 3.311926 3.311926 0.582395 0.582395 0.582395
2740 3.311926 3.311926 3.311926 0.582395 0.582395 0.582395
2750 3.311926 3.311926 3.311926 0.582395 0.582395 0.582395
2760 3.311926 3.311926 3.311926 0.582395 0.582395 0.582395
2770 3.311926 3.311926 3.311926 0.582395 0.582395 0.582395
2780 3.311926 3.311926 3.311926 0.582395 0.582395 0.582395
2790 3.311926 3.311926 3.311926 0.582395 0.582395 0.582395
2800 3.311926 3.311926 3.311926 0.582395 0.582395 0.582395
2810 3.311926 3.311926 3.311926 0.582395 0.582395 0.582395
2820 3.311926 3.311926 3.311926 0.582395 0.582395 0.582395
2830 3.311926 3.311926 3.311926 0.582395 0.582395 0.582395
2840 3.311926 3.311926 3.311926 0.582395 0.582395 0.582395
2850 3.311926 3.311926 3.311926 0.582395 0.582395 0.582395
2860 3.311926 3.311926 3.311926 0.582395 0.582395 0.582395
2870 3.311926 3.311926 3.311926 0.582395 0.582395 0.582395
2880 3.311926 3.311926 3.311926 0.582395 0.582395 0.582395
2890 3.311926 3.311926 3.311926 0.582395 0.582395 0.582395
2900 3.311926 3.311926 3.311926 0.582395 0.582395 0.582395
2910 3.311926 3.311926 3.311926 0.582395 0.582395 0.582395
2920 3.311926 3.311926 3.311926 0.582395 0.582395 0.582395
2930 3.311926 3.311926 3.311926 0.582395 0.582395 0.582395
2940 3.311926 3.311926 3.311926 0.582395 0.582395 0.582395
2950 3.311926 3.311926 3.311926 0.582395 0.582395 0.582395
2960 3.311926 3.311926 3.311926 0.582395 0.582395 0.582395
2970 3.311926 3.311926 3.311926 0.582395 0.582395 0.582395
2980 3.311926 3.311926 3.311926 0.582395 0.582395 0.582395
2990 3.311926 3.311926 3.311926 0.582395 0.582395 0.582395
3000 3.311926 3.311926 3.311926 0.582395 0.582395 0.582395
3010 3.311926 3.311926 3.311926 0.582395 0.582395 0.582395
3020 3.311926 3.311926 3.311926 0.582395 0.582395 0.582395
3030 3.311926 3.311926 3.311926 0.582395 0.582395 0.582395
3040 3.311926 3.311926 3.311926 0.582395 0.582395 0.582395
3050 3.311926 3.311926 3.311926 0.582395 0.582395 0.582395
3060 3.311926 3.311926 3.311926 0.582395 0.582395 0.582395
3070 3.311926 3.311926 3.311926 0.582395 0.582395 0.582395
3080 3.311926 3.311926 3.311926 0.582395 0.582395 0.582395
3090 3.311926 3.311926 3.311926 0.582395 0.582395 0.582395
3100 3.311926 3.311926 3.311926 0.582395 0.582395 0.582395
3110 3.311926 3.311926 3.311926 0.582395 0.582395 0.582395
3120 3.311926 3.311926 3.311926 0.582395 0.582395 0.582395
3130 3.311926 3.311926 3.311926 0.582395 0.582395 0.582395
3140 3.311926 3.311926 3.311926 0.582395 0.582395 0.582395
3150 3.311926 3.311926 3.311926 0.582395 0.582395 0.582395
3160 3.311926 3.311926 3.311926 0.582395 0.582395 0.582395
3170 3.311926 3.311926 3.311926 0.582395 0.582395 0.582395
3180 3.311926 3.311926 3.311926 0.582395 0.582395 0.582395
3190 3.311926 3.311926 3.311926 0.582395 0.582395 0.582395
3200 3.311926 3.311926 3.311926 0.582395 0.582395 0.582395
3210 3.311926 3.311926 3.311926 0.582395 0.582395 0.582395
3220 3.311926 3.311926 3.311926 0.582395 0.582395 0.582395
3230 3.311926 3.311926 3.311926 0.582395 0.582395 0.582395
3240 3.311926 3.311926 3.311926 0.582395 0.582395 0.582395
3250 3.311926 3.311926 3.311926 0.582395 0.582395 0.582395
3260 3.311926 3.311926 3.311926 0.582395 0.582395 0.582395
3270 3.311926 3.311926 3.311926 0.582395 0.582395 0.582395
3280 3.311926 3.311926 3.311926 0.582395 0.582395 0.582395
3290 3.311926 3.311926 3.311926 0.582395 0.582395 0.582395
3300 3.311926 3.311926 3.311926 0.582395 0.582395 0.582395
3310 3.311926 3.311926 3.311926 0.582395 0.582395 0.582395
3320 3.311926 3.311926 3.311926 0.582395 0.582395 0.582395
3330 3.311926 3.311926 3.311926 0.582395 0.582395 0.582395
3340 3.311926 3.311926 3.311926 0.582395 0.582395 0.582395
3350 3.311926 3.311926 3.311926 0.582395 0.582395 0.582395
3360 3.311926 3.311926 3.311926 0.582395 0.582395 0.582395
3370 3.311926 3.311926 3.311926 0.582395 0.582395 0.582395
3380 3.311926 3.311926 3.311926 0.582395 0.582395 0.582395
3390 3.311926 3.311926 3.311926 0.582395 0.582395 0.582395
3400 3.311926 3.311926 3.311926 0.582395 0.582395 0.582395
3410 3.311926 3.311926 3.311926 0.582395 0.582395 0.582395
3420 3.311926 3.311926 3.311926 0.582395 0.582395 0.582395
3430 3.311926 3.311926 3.311926 0.582395 0.582395 0.582395
3440 3.311926 3.311926 3.311926 0.582395 0.582395 0.582395
3450 3.311926 3.311926 3.311926 0.582395 0.582395 0.582395
3460 3.311926 3.311926 3.311926 0.582395 0.582395 0.582395
3470 3.311926 3.311926 3.311926 0.582395 0.582395 0.582395
3480 3.311926 3.311926 3.311926 0.582395 0.582395 0.582395
3490 3.311926 3.311926 3.311926 0.582395 0.582395 0.582395
3500 3.311926 3.311926 3.311926 0.582395 0.582395 0.582395
3510 3.311926 3.311926 3.311926 0.582395 0.582395 0.582395
3520 3.311926 3.311926 3.311926 0.582395 0.582395 0.582395
3530 3.311926 3.311926 3.311926 0.582395 0.582395 0.582395
3540 3.311926 3.311926 3.311926 0.582395 0.582395 0.582395
3550 3.311926 3.311926 3.311926 0.582395 0.582395 0.582395
3560 3.311926 3.311926 3.311926 0.582395 0.582395 0.582395
3570 3.311926 3.311926 3.311926 0.582395 0.582395 0.582395
3580 3.311926 3.311926 3.311926 0.582395 0.582395 0.582395
3590 3.311926 3.311926 3.311926 0.582395 0.582395 0.582395
3600 3.311926 3.311926 3.311926 0.582395 0.582395 0.582395
3610 3.311926 3.311926 3.311926 0.582395 0.582395 0.582395
3620 3.311926 3.311926 3.311926 0.582395 0.582395 0.582395
3630 3.311926 3.311926 3.311926 0.582395 0.582395 0.582395
3640 3.311926 3.311926 3.311926 0.582395 0.582395 0.582395
3650 3.311926 3.311926 3.311926 0.582395 0.582395 0.582395
3660 3.311926 3.311926 3.311926 0.582395 0.582395 0.582395
3670 3.311926 3.311926 3.311926 0.582395 0.582395 0.582395
3680 3.311926 3.311926 3.311926 0.582395 0.582395 0.582395
3690 3.311926 3.311926 3.311926 0.582395 0.582395 0.582395
3700 3.311926 3.311926 3.311926 0.582395 0.582395 0.582395
3710 3.311926 3.311926 3.311926 0.582395 0.582395 0.582395
3720 3.311926 3.311926 3.311926 0.582395 0.582395 0.582395
3730 3.311926 3.311926 3.311926 0.582395 0.582395 0.582395
3740 3.311926 3.311926 3.311926 0.582395 0.582395 0.582395
3750 3.311926 3.311926 3.311926 0.582395 0.582395 0.582395
3760 3.311926 3.311926 3.311926 0.582395 0.582395 0.582395
3770 3.311926 3.311926 3.311926 0.582395 0.582395 0.582395
3780 3.311926 3.311926 3.311926 0.582395 0.582395 0.582395
3790 3.311926 3.311926 3.311926 0.582395 0.582395 0.582395
3800 3.311926 3.311926 3.311926 0.582395 0.582395 0.582395
3810 3.311926 3.311926 3.311926 0.582395 0.582395 0.582395
3820 3.311926 3.311926 3.311926 0.582395 0.582395 0.582395
3830 3.311926 3.311926 3.311926 0.582395 0.582395 0.582395
3840 3.311926 3.311926 3.311926 0.582395 0.582395 0.582395
3850 3.311926 3.311926 3.311926 0.582395 0.582395 0.582395
3860 3.311926 3.311926 3.311926 0.582395 0.582395 0.582395
3870 3.311926 3.311926 3.311926 0.582395 0.582395 0.582395
3880 3.311926 3.311926 3.311926 0.582395 0.582395 0.582395
3890 3.311926 3.311926 3.311926 0.582395 0.582395 0.582395
3900 3.311926 3.311926 3.311926 0.582395 0.582395 0.582395
3910 3.311926 3.311926 3.311926 0.582395 0.582395 0.582395
3920 3.311926 3.311926 3.311926 0.582395 0.582395 0.582395
3930 3.311926 3.311926 3.311926 0.582395 0.582395 0.582395
3940 3.311926 3.311926 3.311926 0.582395 0.582395 0.582395
3950 3.311926 3.311926 3.311926 0.582395 0.582395 0.582395
3960 3.311926 3.311926 3.311926 0.582395 0.582395 0.582395
3970 3.311926 3.311926 3.311926 0.582395 0.582395 0.582395
3980 3.311926 3.311926 3.311926 0.582395 0.582395 0.582395
3990 3.311926 3.311926 3.311926 0.582395 0.582395 0.582395
4000 3.311926 3.311926 3.311926 0.582395 0.582395 0.582395
4010 3.311926 3.311926 3.311926 0.582395 0.582395 0.582395
4020 3.311926 3.311926 3.311926 0.582395 0.582395 0.582395
4030 3.311926 3.311926 3.311926 0.582395 0.582395 0.582395
4040 3.311926 3.311926 3.311926 0.582395 0.582395 0.582395
4050 3.311926 3.311926 3.311926 0.582395 0.582395 0.582395
4060 3.311926 3.311926 3.311926 0.582395 0.582395 0.582395
4070 3.311926 3.311926 3.311926 0.582395 0.582395 0.582395
4080 3.311926 3.311926 3.311926 0.582395 0.582395 0.582395
4090 3.311926 3.311926 3.311926 0.582395 0.582395 0.582395
4100 3.311926 3.311926 3.311926 0.582395 0.582395 0.582395
4110 3.311926 3.311926 3.311926 0.582395 0.582395 0.582395
4120 3.311926 3.311926 3.311926 0.582395 0.582395 0.582395
4130 3.311926 3.311926 3.311926 0.582395 0.582395 0.582395
4140 3.311926 3.311926 3.311926 0.582395 0.582395 0.582395
4150 3.311926 3.311926 3.311926 0.582395 0.582395 0.582395
4160 3.311926 3.311926 3.311926 0.582395 0.582395 0.582395
4170 3.311926 3.311926 3.311926 0.582395 0.582395 0.582395
4180 3.311926 3.311926 3.311926 0.582395 0.582395 0.582395
4190 3.311926 3.311926 3.311926 0.582395 0.582395 0.582395
4200 3.311926 3.311926 3.311926 0.582395 0.582395 0.582395
4210 3.311926 3.311926 3.311926 0.582395 0.582395 0.582395
4220 3.311926 3.311926 3.311926 0.582395 0.582395 0.582395
4230 3.311926 3.311926 3.311926 0.582395 0.582395 0.582395
4240 3.311926 3.311926 3.311926 0.582395 0.582395 0.582395
4250 3.311926 3.311926 3.311926 0.582395 0.582395 0.582395
4260 3.311926 3.311926 3.311926 0.582395 0.582395 0.582395
4270 3.311926 3.311926 3.311926 0.582395 0.582395 0.582395
4280 3.311926 3.311926 3.311926 0.582395 0.582395 0.582395
4290 3.311926 3.311926 3.311926 0.582395 0.582395 0.582395
4300 3.311926 3.311926 3.311926 0.582395 0.582395 0.582395
4310 3.311926 3.311926 3.311926 0.582395 0.582395 0.582395
4320 3.311926 3.311926 3.311926 0.582395 0.582395 0.582395
4330 3.311926 3.311926 3.311926 0.582395 0.582395 0.582395
4340 3.311926 3.311926 3.311926 0.582395 0.582395 0.582395
4350 3.311926 3.311926 3.311926 0.582395 0.582395 0.582395
4360 3.311926 3.311926 3.311926 0.582395 0.582395 0.582395
4370 3.311926 3.311926 3.311926 0.582395 0.582395 0.582395
4380 3.311926 3.311926 3.311926 0.582395 0.582395 0.582395
4390 3.311926 3.311926 3.311926 0.582395 0.582395 0.582395
4400 3.311926 3.311926 3.311926 0.582395 0.582395 0.582395
4410 3.311926 3.311926 3.311926 0.582395 0.582395 0.582395
4420 3.311926 3.311926 3.311926 0.582395 0.582395 0.582395
4430 3.311926 3.311926 3.311926 0.582395 0.582395 0.582395
4440 3.311926 3.311926 3.311926 0.582395 0.582395 0.582395
4450 3.311926 3.311926 3.311926 0.582395 0.582395 0.582395
4460 3.311926 3.311926 3.311926 0.582395 0.582395 0.582395
4470 3.311926 3.311926 3.311926 0.582395 0.582395 0.582395
4480 3.311926 3.311926 3.311926 0.582395 0.582395 0.582395
4490 3.311926 3.311926 3.311926 0.582395 0.582395 0.582395
4500 3.311926 3.311926 3.311926 0.582395 0.582395 0.582395
4510 3.311926 3.311926 3.311926 0.582395 0.582395 0.582395
4520 3.311926 3.311926 3.311926 0.582395 0.582395 0.582395
4530 3.311926 3.311926 3.311926 0.582395 0.582395 0.582395
4540 3.311926 3.311926 3.311926 0.582395 0.582395 0.582395
4550 3.311926 3.311926 3.311926 0.582395 0.582395 0.582395
4560 3.311926 3.311926 3.311926 0.582395 0.582395 0.582395
4570 3.311926 3.311926 3.311926 0.582395 0.582395 0.582395
4580 3.311926 3.311926 3.311926 0.582395 0.582395 0.582395
4590 3.311926 3.311926 3.311926 0.582395 0.582395 0.582395
4600 3.311926 3.311926 3.311926 0.582395 0.582395 0.582395
4610 3.311926 3.311926 3.311926 0.582395 0.582395 0.582395
4620 3.311926 3.311926 3.311926 0.582395 0.582395 0.582395
4630 3.311926 3.311926 3.311926 0.582395 0.582395 0.582395
4640 3.311926 3.311926 3.311926 0.582395 0.582395 0.582395
4650 3.311926 3.311926 3.311926 0.582395 0.582395 0.582395
4660 3.311926 3.311926 3.311926 0.582395 0.582395 0.582395
4670 3.311926 3.311926 3.311926 0.582395 0.582395 0.582395
4680 3.311926 3.311926 3.311926 0.582395 0.582395 0.582395
4690 3.311926 3.311926 3.311926 0.582395 0.582395 0.582395
4700 3.311926 3.311926 3.311926 0.582395 0.582395 0.582395
4710 3.311926 3.311926 3.311926 0.582395 0.582395 0.582395
4720 3.311926 3.311926 3.311926 0.582395 0.582395 0.582395
4730 3.311926 3.311926 3.311926 0.582395 0.582395 0.582395
4740 3.311926 3.311926 3.311926 0.582395 0.582395 0.582395
4750 3.311926 3.311926 3.311926 0.582395 0.582395 0.582395
4760 3.311926 3.311926 3.311926 0.582395 0.582395 0.582395
4770 3.311926 3.311926 3.311926 0.582395 0.582395 0.582395
4780 3.311926 3.311926 3.311926 0.582395 0.582395 0.582395
4790 3.311926 3.311926 3.311926 0.582395 0.582395 0.582395
4800 3.311926 3.311926 3.311926 0.582395 0.582395 0.582395
4810 3.311926 3.311926 3.311926 0.582395 0.582395 0.582395
4820 3.311926 3.311926 3.311926 0.582395 0.582395 0.582395
4830 3.311926 3.311926 3.311926 0.582395 0.582395 0.582395
4840 3.311926 3.311926 3.311926 0.582395 0.582395 0.582395
4850 3.311926 3.311926 3.311926 0.582395 0.582395 0.582395
4860 3.311926 3.311926 3.311926 0.582395 0.582395 0.582395
4870 3.311926 3.311926 3.311926 0.582395 0.582395 0.582395
4880 3.311926 3.311926 3.311926 0.582395 0.582395 0.582395
4890 3.311926 3.311926 3.311926 0.582395 0.582395 0.582395
4900 3.311926 3.311926 3.311926 0.582395 0.582395 0.582395
4910 3.311926 3.311926 3.311926 0.582395 0.582395 0.582395
4920 3.311926 3.311926 3.311926 0.582395 0.582395 0.582395
4930 3.311926 3.311926 3.311926 0.582395 0.582395 0.582395
4940 3.311926 3.311926 3.311926 0.582395 0.582395 0.582395
4950 3.311926 3.311926 3.311926 0.582395 0.582395 0.582395
4960 3.311926 3.311926 3.311926 0.582395 0.582395 0.582395
4970 3.311926 3.311926 3.311926 0.582395 0.582395 0.582395
4980 3.311926 3.311926 3.311926 0.582395 0.582395 0.582395
4990 3.311926 3.311926 3.311926 0.582395 0.582395 0.582395
5000 3.311926 3.311926 3.311926 0.582395 0.582395 0.582395
5010 3.311926 3.311926 3.311926 0.582395 0.582395 0.582395
5020 3.311926 3.311926 3.311926 0.582395 0.582395 0.582395
5030 3.311926 3.311926 3.311926 0.582395 0.582395 0.582395
5040 3.311926 3.311926 3.311926 0.582395 0.582395 0.582395
5050 3.311926 3.311926 3.311926 0.582395 0.582395 0.582395
5060 3.311926 3.311926 3.311926 0.582395 0.582395 0.582395
5070 3.311926 3.311926 3.311926 0.582395 0.582395 0.582395
5080 3.311926 3.311926 3.311926 0.582395 0.582395 0.582395
5090 3.311926 3.311926 3.311926 0.582395 0.582395 0.582395
5100 3.311926 3.311926 3.311926 0.582395 0.582395 0.582395
5110 3.311926 3.311926 3.311926 0.582395 0.582395 0.582395
5120 3.311926 3.311926 3.311926 0.582395 0.582395 0.582395
5130 3.311926 3.311926 3.311926 0.582395 0.582395 0.582395
5140 3.311926 3.311926 3.311926 0.582395 0.582395 0.582395
5150 3.311926 3.311926 3.311926 0.582395 0.582395 0.582395
5160 3.311926 3.311926 3.311926 0.582395 0.582395 0.582395
5170 3.311926 3.311926 3.311926 0.582395 0.582395 0.582395
5180 3.311926 3.311926 3.311926 0.582395 0.582395 0.582395
5190 3.311926 3.311926 3.311926 0.582395 0.582395 0.582395
5200 3.311926 3.311926 3.311926 0.582395 0.582395 0.582395
5210 3.311926 3.311926 3.311926 0.582395 0.582395 0.582395
5220 3.311926 3.311926 3.311926 0.582395 0.582395 0.582395
5230 3.311926 3.311926 3.311926 0.582395 0.582395 0.582395
5240 3.311926 3.311926 3.311926 0.582395 0.582395 0.582395
5250 3.311926 3.311926 3.311926 0.582395 0.582395 0.582395
5260 3.311926 3.311926 3.311926 0.582395 0.582395 0.582395
5270 3.311926 3.311926 3.311926 0.582395 0.582395 0.582395
5280 3.311926 3.311926 3.311926 0.582395 0.582395 0.582395
5290 3.311926 3.311926 3.311926 0.582395 0.582395 0.582395
5300 3.311926 3.311926 3.311926 0.582395 0.582395 0.582395
5310 3.311926 3.311926 3.311926 0.582395 0.582395 0.582395
5320 3.311926 3.311926 3.311926 0.582395 0.582395 0.582395
5330 3.311926 3.311926 3.311926 0.582395 0.582395 0.582395
5340 3.311926 3.311926 3.311926 0.582395 0.582395 0.582395
5350 3.311926 3.311926 3.311926 0.582395 0.582395 0.582395
5360 3.311926 3.311926 3.311926 0.582395 0.582395 0.582395
5370 3.311926 3.311926 3.311926 0.582395 0.582395 0.582395
5380 3.311926 3.311926 3.311926 0.582395 0.582395 0.582395
5390 3.311926 3.311926 3.311926 0.582395 0.582395 0.582395
5400 3.311926 3.311926 3.311926 0.582395 0.582395 0.582395
5410 3.311926 3.311926 3.311926 0.582395 0.582395 0.582395
5420 3.311926 3.311926 3.311926 0.582395 0.582395 0.582395
5430 3.311926 3.311926 3.311926 0.582395 0.582395 0.582395
5440 3.311926 3.311926 3.311926 0.582395 0.582395 0.582395
5450 3.311926 3.311926 3.311926 0.582395 0.582395 0.582395
5460 3.311926 3.311926 3.311926 0.582395 0.582395 0.582395
5470 3.311926 3.311926 3.311926 0.582395 0.582395 0.582395
5480 3.311926 3.311926 3.311926 0.582395 0.582395 0.582395
5490 3.311926 3.311926 3.311926 0.582395 0.582395 0.582395
5500 3.311926 3.311926 3.311926 0.582395 0.582395 0.582395
5510 3.311926 3.311926 3.311926 0.582395 0.582395 0.582395
5520 3.311926 3.311926 3.311926 0.582395 0.582395 0.582395
5530 3.311926 3.311926 3.311926 0.582395 0.582395 0.582395
5540 3.311926 3.311926 3.311926 0.582395 0.582395 0.582395
5550 3.311926 3.311926 3.311926 0.582395 0.582395 0.582395
5560 3.311926 3.311926 3.311926 0.582395 0.582395 0.582395
5570 3.311926 3.311926 3.311926 0.582395 0.582395 0.582395
5580 3.311926 3.311926 3.311926 0.582395 0.582395 0.582395
5590 3.311926 3.311926 3.311926 0.582395 0.582395 0.582395
5600 3.311926 3.311926 3.311926 0.582395 0.582395 0.582395
5610 3.311926 3.311926 3.311926 0.582395 0.582395 0.582395
5620 3.311926 3.311926 3.311926 0.582395 0.582395 0.582395
5630 3.311926 3.311926 3.311926 0.582395 0.582395 0.582395
5640 3.311926 3.311926 3.311926 0.582395 0.582395 0.582395
5650 3.311926 3.311926 3.311926 0.582395 0.582395 0.582395
5660 3.311926 3.311926 3.311926 0.582395 0.582395 0.582395
5670 3.311926 3.311926 3.311926 0.582395 0.582395 0.582395
5680 3.311926 3.311926 3.311926 0.582395 0.582395 0.582395
5690 3.311926 3.311926 3.311926 0.582395 0.582395 0.582395
5700 3.311926 3.311926 3.311926 0.582395 0.582395 0.582395
5710 3.311926 3.311926 3.311926 0.582395 0.582395 0.582395
5720 3.311926 3.311926 3.311926 0.582395 0.582395 0.582395
5730 3.311926 3.311926 3.311926 0.582395 0.582395 0.582395
5740 3.311926 3.311926 3.311926 0.582395 0.582395 0.582395
5750 3.311926 3.311926 3.311926 0.582395 0.582395 0.582395
5760 3.311926 3.311926 3.311926 0.582395 0.582395 0.582395
5770 3.311926 3.311926 3.311926 0.582395 0.582395 0.582395
5780 3.311926 3.311926 3.311926 0.582395 0.582395 0.582395
5790 3.311926 3.311926 3.311926 0.582395 0.582395 0.582395
5800 3.311926 3.311926 3.311926 0.582395 0.582395 0.582395
5810 3.311926 3.311926 3.311926 0.582395 0.582395 0.582395
5820 3.311926 3.311926 3.311926 0.582395 0.582395 0.582395
5830 3.311926 3.311926 3.311926 0.582395 0.582395 0.582395
5840 3.311926 3.311926 3.311926 0.582395 0.582395 0.582395
5850 3.311926 3.311926 3.311926 0.582395 0.582395 0.582395
5860 3.311926 3.311926 3.311926 0.582395 0.582395 0.582395
5870 3.311926 3.311926 3.311926 0.582395 0.582395 0.582395
5880 3.311926 3.311926 3.311926 0.582395 0.582395 0.582395
5890 3.311926 3.311926 3.311926 0.582395 0.582395 0.582395
5900 3.311926 3.311926 3.311926 0.582395 0.582395 0.582395
5910 3.311926 3.311926 3.311926 0.582395 0.582395 0.582395
5920 3.311926 3.311926 3.311926 0.582395 0.582395 0.582395
5930 3.311926 3.311926 3.311926 0.582395 0.582395 0.582395
5940 3.311926 3.311926 3.311926 0.582395 0.582395 0.582395
5950 3.311926 3.311926 3.311926 0.582395 0.582395 0.582395
5960 3.311926 3.311926 3.311926 0.582395 0.582395 0.582395
5970 3.311926 3.311926 3.311926 0.582395 0.582395 0.582395
5980 3.311926 3.311926 3.311926 0.582395 0.582395 0.582395
5990 3.311926 3.311926 3.311926 0.582395 0.582395 0.582395
6000 3.311926 3.311926 3.311926 0.582395 0.582395 0.582395
6010 3.311926 3.311926 3.311926 0.582395 0.582395 0.582395
6020 3.311926 3.311926 3.311926 0.582395 0.582395 0.582395
6030 3.311926 3.311926 3.311926 0.582395 0.582395 0.582395
6040 3.311926 3.311926 3.311926 0.582395 0.582395 0.582395
6050 3.311926 3.311926 3.311926 0.582395 0.582395 0.582395
6060 3.311926 3.311926 3.311926 0.582395 0.582395 0.582395
6070 3.311926 3.311926 3.311926 0.582395 0.582395 0.582395
6080 3.311926 3.311926 3.311926 0.582395 0.582395 0.582395
6090 3.311926 3.311926 3.311926 0.582395 0.582395 0.582395
6100 3.311926 3.311926 3.311926 0.582395 0.582395 0.582395
6110 3.311926 3.311926 3.311926 0.582395 0.582395 0.582395
6120 3.311926 3.311926 3.311926 0.582395 0.582395 0.582395
6130 3.311926 3.311926 3.311926 0.582395 0.582395 0.582395
6140 3.311926 3.311926 3.311926 0.582395 0.582395 0.582395
6150 3.311926 3.311926 3.311926 0.582395 0.582395 0.582395
6160 3.311926 3.311926 3.311926 0.582395 0.582395 0.582395
6170 3.311926 3.311926 3.311926 0.582395 0.582395 0.582395
6180 3.311926 3.311926 3.311926 0.582395 0.582395 0.582395
6190 3.311926 3.311926 3.311926 0.582395 0.582395 0.582395
6200 3.311926 3.311926 3.311926 0.582395 0.582395 0.582395
6210 3.311926 3.311926 3.311926 0.582395 0.582395 0.582395
6220 3.311926 3.311926 3.311926 0.582395 0.582395 0.582395
6230 3.311926 3.311926 3.311926 0.582395 0.582395 0.582395
6240 3.311926 3.311926 3.311926 0.582395 0.582395 0.582395
6250 3.311926 3.311926 3.311926 0.582395 0.582395 0.582395
6260 3.311926 3.311926 3.311926 0.582395 0.582395 0.582395
6270 3.311926 3.311926 3.311926 0.582395 0.582395 0.582395
6280 3.311926 3.311926 3.311926 0.582395 0.582395 0.582395
6290 3.311926 3.311926 3.311926 0.582395 0.582395 0.582395
6300 3.311926 3.311926 3.311926 0.582395 0.582395 0.582395
6310 3.311926 3.311926 3.311926 0.582395 0.582395 0.582395
6320 3.311926 3.311926 3.311926 0.582395 0.582395 0.582395
6330 3.311926 3.311926 3.311926 0.582395 0.582395 0.582395
6340 3.311926 3.311926 3.311926 0.582395 0.582395 0.582395
6350 3.311926 3.311926 3.311926 0.582395 0.582395 0.582395
6360 3.311926 3.311926 3.311926 0.582395 0.582395 0.582395
6370 3.311926 3.311926 3.311926 0.582395 0.582395 0.582395
6380 3.311926 3.311926 3.311926 0.582395 0.582395 0.582395
6390 3.311926 3.311926 3.311926 0.582395 0.582395 0.582395
6400 3.311926 3.311926 3.311926 0.582395 0.582395 0.582395
6410 3.311926 3.311926 3.311926 0.582395 0.582395 0.582395
6420 3.311926 3.311926 3.311926 0.582395 0.582395 0.582395
6430 3.311926 3.311926 3.311926 0.582395 0.582395 0.582395
6440 3.311926 3.311926 3.311926 0.582395 0.582395 0.582395
6450 3.311926 3.311926 3.311926 0.582395 0.582395 0.582395
6460 3.311926 3.311926 3.311926 0.582395 0.582395 0.582395
6470 3.311926 3.311926 3.311926 0.582395 0.582395 0.582395
6480 3.311926 3.311926 3.311926 0.582395 0.582395 0.582395
6490 3.311926 3.311926 3.311926 0.582395 0.582395 0.582395
6500 3.311926 3.311926 3.311926 0.582395 0.582395 0.582395
6510 3.311926 3.311926 3.311926 0.582395 0.582395 0.582395
6520 3.311926 3.311926 3.311926 0.582395 0.582395 0.582395
6530 3.311926 3.311926 3.311926 0.582395 0.582395 0.582395
6540 3.311926 3.311926 3.311926 0.582395 0.582395 0.582395
6550 3.311926 3.311926 3.311926 0.582395 0.582395 0.582395
6560 3.311926 3.311926 3.311926 0.582395 0.582395 0.582395
6570 3.311926 3.311926 3.311926 0.582395 0.582395 0.582395
6580 3.311926 3.311926 3.311926 0.582395 0.582395 0.582395
6590 3.311926 3.311926 3.311926 0.582395 0.582395 0.582395
6600 3.311926 3.311926 3.311926 0.582395 0.582395 0.582395
6610 3.311926 3.311926 3.311926 0.582395 0.582395 0.582395
6620 3.311926 3.311926 3.311926 0.582395 0.582395 0.582395
6630 3.311926 3.311926 3.311926 0.582395 0.582395 0.582395
6640 3.311926 3.311926 3.311926 0.582395 0.582395 0.582395
6650 3.311926 3.311926 3.311926 0.582395 0.582395 0.582395
6660 3.311926 3.311926 3.311926 0.582395 0.582395 0.582395
6670 3.311926 3.311926 3.311926 0.582395 0.582395 0.582395
6680 3.311926 3.311926 3.311926 0.582395 0.582395 0.582395
6690 3.311926 3.311926 3.311926 0.582395 0.582395 0.582395
6700 3.311926 3.311926 3.311926 0.582395 0.582395 0.582395
6710 3.311926 3.311926 3.311926 0.582395 0.582395 0.582395
6720 3.311926 3.311926 3.311926 0.582395 0.582395 0.582395
6730 3.311926 3.311926 3.311926 0.582395 0.582395 0.582395
6740 3.311926 3.311926 3.311926 0.582395 0.582395 0.582395
6750 3.311926 3.311926 3.311926 0.582395 0.582395 0.582395
6760 3.311926 3.311926 3.311926 0.582395 0.582395 0.582395
6770 3.311926 3.311926 3.311926 0.582395 0.582395 0.582395
6780 3.311926 3.311926 3.311926 0.582395 0.582395 0.582395
6790 3.311926 3.311926 3.311926 0.582395 0.582395 0.582395
6800 3.311926 3.311926 3.311926 0.582395 0.582395 0.582395
6810 3.311926 3.311926 3.311926 0.582395 0.582395 0.582395
6820 3.311926 3.311926 3.311926 0.582395 0.582395 0.582395
6830 3.311926 3.311926 3.311926 0.582395 0.582395 0.582395
6840 3.311926 3.311926 3.311926 0.582395 0.582395 0.582395
6850 3.311926 3.311926 3.311926 0.582395 0.582395 0.582395
6860 3.311926 3.311926 3.311926 0.582395 0.582395 0.582395
6870 3.311926 3.311926 3.311926 0.582395 0.582395 0.582395
6880 3.311926 3.311926 3.311926 0.582395 0.582395 0.582395
6890 3.311926 3.311926 3.311926 0.582395 0.582395 0.582395
6900 3.311926 3.311926 3.311926 0.582395 0.582395 0.582395
6910 3.311926 3.311926 3.311926 0.582395 0.582395 0.582395
6920 3.311926 3.311926 3.311926 0.582395 0.582395 0.582395
6930 3.311926 3.311926 3.311926 0.582395 0.582395 0.582395
6940 3.311926 3.311926 3.311926 0.582395 0.582395 0.582395
6950 3.311926 3.311926 3.311926 0.582395 0.582395 0.582395
6960 3.311926 3.311926 3.311926 0.582395 0.582395 0.582395
6970 3.311926 3.311926 3.311926 0.582395 0.582395 0.582395
6980 3.311926 3.311926 3.311926 0.582395 0.582395 0.582395
6990 3.311926 3.311926 3.311926 0.582395 0.582395 0.582395
7000 3.311926 3.311926 3.311926 0.582395 0.582395 0.582395
7010 3.311926 3.311926 3.311926 0.582395 0.582395 0.582395
7020 3.311926 3.311926 3.311926 0.582395 0.582395 0.582395
7030 3.311926 3.311926 3.311926 0.582395 0.582395 0.582395
7040 3.311926 3.311926 3.311926 0.582395 0.582395 0.582395
7050 3.311926 3.311926 3.311926 0.582395 0.582395 0.582395
7060 3.311926 3.311926 3.311926 0.582395 0.582395 0.582395
7070 3.311926 3.311926 3.311926 0.582395 0.582395 0.582395
7080 3.311926 3.311926 3.311926 0.582395 0.582395 0.582395
7090 3.311926 3.311926 3.311926 0.582395 0.582395 0.582395
7100 3.311926 3.311926 3.311926 0.582395 0.582395 0.582395
7110 3.311926 3.311926 3.311926 0.582395 0.582395 0.582395
7120 3.311926 3.311926 3.311926 0.582395 0.582395 0.582395
7130 3.311926 3.311926 3.311926 0.582395 0.582395 0.582395
7140 3.311926 3.311926 3.311926 0.582395 0.582395 0.582395
7150 3.311926 3.311926 3.311926 0.582395 0.582395 0.582395
7160 3.311926 3.311926 3.311926 0.582395 0.582395 0.582395
7170 3.311926 3.311926 3.311926 0.582395 0.582395 0.582395
7180 3.311926 3.311926 3.311926 0.582395 0.582395 0.582395
7190 3.311926 3.311926 3.311926 0.582395 0.582395 0.582395
7200 3.311926 3.311926 3.311926 0.582395 0.582395 0.582395
7210 3.311926 3.311926 3.311926 0.582395 0.582395 0.582395
7220 3.311926 3.311926 3.311926 0.582395 0.582395 0.582395
7230 3.311926 3.311926 3.311926 0.582395 0.582395 0.582395
7240 3.311926 3.311926 3.311926 0.582395 0.582395 0.582395
7250 3.311926 3.311926 3.311926 0.582395 0.582395 0.582395
7260 3.311926 3.311926 3.311926 0.582395 0.582395 0.582395
7270 3.311926 3.311926 3.311926 0.582395 0.582395 0.582395
7280 3.311926 3.311926 3.311926 0.582395 0.582395 0.582395
7290 3.311926 3.311926 3.311926 0.582395 0.582395 0.582395
7300 3.311926 3.311926 3.311926 0.582395 0.582395 0.582395
7310 3.311926 3.311926 3.311926 0.582395 0.582395 0.582395
7320 3.311926 3.311926 3.311926 0.582395 0.582395 0.582395
7330 3.311926 3.311926 3.311926 0.582395 0.582395 0.582395
7340 3.311926 3.311926 3.311926 0.582395 0.582395 0.582395
7350 3.311926 3.311926 3.311926 0.582395 0.582395 0.582395
7360 3.311926 3.311926 3.311926 0.582395 0.582395 0.582395
7370 3.311926 3.311926 3.311926 0.582395 0.582395 0.582395
7380 3.311926 3.311926 3.311926 0.582395 0.582395 0.582395
7390 3.311926 3.311926 3.311926 0.582395 0.582395 0.582395
7400 3.311926 3.311926 3.311926 0.582395 0.582395 0.582395
7410 3.311926 3.311926 3.311926 0.582395 0.582395 0.582395
7420 3.311926 3.311926 3.311926 0.582395 0.582395 0.582395
7430 3.311926 3.311926 3.311926 0.582395 0.582395 0.582395
7440 3.311926 3.311926 3.311926 0.582395 0.582395 0.582395
7450 3.311926 3.311926 3.311926 0.582395 0.582395 0.582395
7460 3.311926 3.311926 3.311926 0.582395 0.582395 0.582395
7470 3.311926 3.311926 3.311926 0.582395 0.582395 0.582395
7480 3.311926 3.311926 3.311926 0.582395 0.582395 0.582395
7490 3.311926 3.311926 3.311926 0.582395 0.582395 0.582395
7500 3.311926 3.311926 3.311926 0.582395 0.582395 0.582395
7510 3.311926 3.311926 3.311926 0.582395 0.582395 0.582395
7520 3.311926 3.311926 3.311926 0.582395 0.582395 0.582395
7530 3.311926 3.311926 3.311926 0.582395 0.582395 0.582395
7540 3.311926 3.311926 3.311926 0.582395 0.582395 0.582395
7550 3.311926 3.311926 3.311926 0.582395 0.582395 0.582395
7560 3.311926 3.311926 3.311926 0.582395 0.582395 0.582395
7570 3.311926 3.311926 3.311926 0.582395 0.582395 0.582395
7580 3.311926 3.311926 3.311926 0.582395 0.582395 0.582395
7590 3.311926 3.311926 3.311926 0.582395 0.582395 0.582395
7600 3.311926 3.311926 3.311926 0.582395 0.582395 0.582395
7610 3.311926 3.311926 3.311926 0.582395 0.582395 0.582395
7620 3.311926 3.311926 3.311926 0.582395 0.582395 0.582395
7630 3.311926 3.311926 3.311926 0.582395 0.582395 0.582395
7640 3.311926 3.311926 3.311926 0.582395 0.582395 0.582395
7650 3.311926 3.311926 3.311926 0.582395 0.582395 0.582395
7660 3.311926 3.311926 3.311926 0.582395 0.582395 0.582395
7670 3.311926 3.311926 3.311926 0.582395 0.582395 0.582395
7680 3.311926 3.311926 3.311926 0.582395 0.582395 0.582395
7690 3.311926 3.311926 3.311926 0.582395 0.582395 0.582395
7700 3.311926 3.311926 3.311926 0.582395 0.582395 0.582395
7710 3.311926 3.311926 3.311926 0.582395 0.582395 0.582395
7720 3.311926 3.311926 3.311926 0.582395 0.582395 0.582395
7730 3.311926 3.311926 3.311926 0.582395 0.582395 0.582395
7740 3.311926 3.311926 3.311926 0.582395 0.582395 0.582395
7750 3.311926 3.311926 3.311926 0.582395 0.582395 0.582395
7760 3.311926 3.311926 3.311926 0.582395 0.582395 0.582395
7770 3.311926 3.311926 3.311926 0.582395 0.582395 0.582395
7780 3.311926 3.311926 3.311926 0.582395 0.582395 0.582395
7790 3.311926 3.311926 3.311926 0.582395 0.582395 0.582395
7800 3.311926 3.311926 3.311926 0.582395 0.582395 0.582395
7810 3.311926 3.311926 3.311926 0.582395 0.582395 0.582395
7820 3.311926 3.311926 3.311926 0.582395 0.582395 0.582395
7830 3.311926 3.311926 3.311926 0.582395 0.582395 0.582395
7840 3.311926 3.311926 3.311926 0.582395 0.582395 0.582395
7850 3.311926 3.311926 3.311926 0.582395 0.582395 0.582395
7860 3.311926 3.311926 3.311926 0.582395 0.582395 0.582395
7870 3.311926 3.311926 3.311926 0.582395 0.582395 0.582395
7880 3.311926 3.311926 3.311926 0.582395 0.582395 0.582395
7890 3.311926 3.311926 3.311926 0.582395 0.582395 0.582395
7900 3.311926 3.311926 3.311926 0.582395 0.582395 0.582395
7910 3.311926 3.311926 3.311926 0.582395 0.582395 0.582395
7920 3.311926 3.311926 3.311926 0.582395 0.582395 0.582395
7930 3.311926 3.311926 3.311926 0.582395 0.582395 0.582395
7940 3.311926 3.311926 3.311926 0.582395 0.582395 0.582395
7950 3.311926 3.311926 3.311926 0.582395 0.582395 0.582395
7960 3.311926 3.311926 3.311926 0.582395 0.582395 0.582395
7970 3.311926 3.311926 3.311926 0.582395 0.582395 0.582395
7980 3.311926 3.311926 3.311926 0.582395 0.582395 0.582395
7990 3.311926 3.311926 3.311926 0.582395 0.582395 0.582395
8000 3.311926 3.311926 3.311926 0.582395 0.582395 0.582395
8010 3.311926 3.311926 3.311926 0.582395 0.582395 0.582395
8020 3.311926 3.311926 3.311926 0.582395 0.582395 0.582395
8030 3.311926 3.311926 3.311926 0.582395 0.582395 0.582395
8040 3.311926 3.311926 3.311926 0.582395 0.582395 0.582395
8050 3.311926 3.311926 3.311926 0.582395 0.582395 0.582395
8060 3.311926 3.311926 3.311926 0.582395 0.582395 0.582395
8070 3.311926 3.311926 3.311926 0.582395 0.582395 0.582395
8080 3.311926 3.311926 3.311926 0.582395 0.582395 0.582395
8090 3.311926 3.311926 3.311926 0.582395 0.582395 0.582395
8100 3.311926 3.311926 3.311926 0.582395 0.582395 0.582395
8110 3.311926 3.311926 3.311926 0.582395 0.582395 0.582395
8120 3.311926 3.311926 3.311926 0.582395 0.582395 0.582395
8130 3.311926 3.311926 3.311926 0.582395 0.582395 0.582395
8140 3.311926 3.311926 3.311926 0.582395 0.582395 0.582395
8150 3.311926 3.311926 3.311926 0.582395 0.582395 0.582395
8160 3.311926 3.311926 3.311926 0.582395 0.582395 0.582395
8170 3.311926 3.311926 3.311926 0.582395 0.582395 0.582395
8180 3.311926 3.311926 3.311926 0.582395 0.582395 0.582395
8190 3.311926 3.311926 3.311926 0.582395 0.582395 0.582395
8200 3.311926 3.311926 3.311926 0.582395 0.582395 0.582395
8210 3.311926 3.311926 3.311926 0.582395 0.582395 0.582395
8220 3.311926 3.311926 3.311926 0.582395 0.582395 0.582395
8230 3.311926 3.311926 3.311926 0.582395 0.582395 0.582395
8240 3.311926 3.311926 3.311926 0.582395 0.582395 0.582395
8250 3.311926 3.311926 3.311926 0.582395 0.582395 0.582395
8260 3.311926 3.311926 3.311926 0.582395 0.582395 0.582395
8270 3.311926 3.311926 3.311926 0.582395 0.582395 0.582395
8280 3.311926 3.311926 3.311926 0.582395 0.582395 0.582395
8290 3.311926 3.311926 3.311926 0.582395 0.582395 0.582395
8300 3.311926 3.311926 3.311926 0.582395 0.582395 0.582395
8310 3.311926 3.311926 3.311926 0.582395 0.582395 0.582395
8320 3.311926 3.311926 3.311926 0.582395 0.582395 0.582395
8330 3.311926 3.311926 3.311926 0.582395 0.582395 0.582395
8340 3.311926 3.311926 3.311926 0.582395 0.582395 0.582395
8350 3.311926 3.311926 3.311926 0.582395 0.582395 0.582395
8360 3.311926 3.311926 3.311926 0.582395 0.582395 0.582395
8370 3.311926 3.311926 3.311926 0.582395 0.582395 0.582395
8380 3.311926 3.311926 3.311926 0.582395 0.582395 0.582395
8390 3.311926 3.311926 3.311926 0.582395 0.582395 0.582395
8400 3.311926 3.311926 3.311926 0.582395 0.582395 0.582395
8410 3.311926 3.311926 3.311926 0.582395 0.582395 0.582395
8420 3.311926 3.311926 3.311926 0.582395 0.582395 0.582395
8430 3.311926 3.311926 3.311926 0.582395 0.582395 0.582395
8440 3.311926 3.311926 3.311926 0.582395 0.582395 0.582395
8450 3.311926 3.311926 3.311926 0.582395 0.582395 0.582395
8460 3.311926 3.311926 3.311926 0.582395 0.582395 0.582395
8470 3.311926 3.311926 3.311926 0.582395 0.582395 0.582395
8480 3.311926 3.311926 3.311926 0.582395 0.582395 0.582395
8490 3.311926 3.311926 3.311926 0.582395 0.582395 0.582395
8500 3.311926 3.311926 3.311926 0.582395 0.582395 0.582395
8510 3.311926 3.311926 3.311926 0.582395 0.582395 0.582395
8520 3.311926 3.311926 3.311926 0.582395 0.582395 0.582395
8530 3.311926 3.311926 3.311926 0.582395 0.582395 0.582395
8540 3.311926 3.311926 3.311926 0.582395 0.582395 0.582395
8550 3.311926 3.311926 3.311926 0.582395 0.582395 0.582395
8560 3.311926 3.311926 3.311926 0.582395 0.582395 0.582395
8570 3.311926 3.311926 3.311926 0.582395 0.582395 0.582395
8580 3.311926 3.311926 3.311926 0.582395 0.582395 0.582395
8590 3.311926 3.311926 3.311926 0.582395 0.582395 0.582395
8600 3.311926 3.311926 3.311926 0.582395 0.582395 0.582395
8610 3.311926 3.311926 3.311926 0.582395 0.582395 0.582395
8620 3.311926 3.311926 3.311926 0.582395 0.582395 0.582395
8630 3.311926 3.311926 3.311926 0.582395 0.582395 0.582395
8640 3.311926 3.311926 3.311926 0.582395 0.582395 0.582395
8650 3.311926 3.311926 3.311926 0.582395 0.582395 0.582395
8660 3.311926 3.311926 3.311926 0.582395 0.582395 0.582395
8670 3.311926 3.311926 3.311926 0.582395 0.582395 0.582395
8680 3.311926 3.311926 3.311926 0.582395 0.582395 0.582395
8690 3.311926 3.311926 3.311926 0.582395 0.582395 0.582395
8700 3.311926 3.311926 3.311926 0.582395 0.582395 0.582395
8710 3.311926 3.311926 3.311926 0.582395 0.582395 0.582395
8720 3.311926 3.311926 3.311926 0.582395 0.582395 0.582395
8730 3.311926 3.311926 3.311926 0.582395 0.582395 0.582395
8740 3.311926 3.311926 3.311926 0.582395 0.582395 0.582395
8750 3.311926 3.311926 3.311926 0.582395 0.582395 0.582395
8760 3.311926 3.311926 3.311926 0.582395 0.582395 0.582395
8770 3.311926 3.311926 3.311926 0.582395 0.582395 0.582395
8780 3.311926 3.311926 3.311926 0.582395 0.582395 0.582395
8790 3.311926 3.311926 3.311926 0.582395 0.582395 0.582395
8800 3.311926 3.311926 3.311926 0.582395 0.582395 0.582395
8810 3.311926 3.311926 3.311926 0.582395 0.582395 0.582395
8820 3.311926 3.311926 3.311926 0.582395 0.582395 0.582395
8830 3.311926 3.311926 3.311926 0.582395 0.582395 0.582395
8840 3.311926 3.311926 3.311926 0.582395 0.582395 0.582395
8850 3.311926 3.311926 3.311926 0.582395 0.582395 0.582395
8860 3.311926 3.311926 3.311926 0.582395 0.582395 0.582395
8870 3.311926 3.311926 3.311926 0.582395 0.582395 0.582395
8880 3.311926 3.311926 3.311926 0.582395 0.582395 0.582395
8890 3.311926 3.311926 3.311926 0.582395 0.582395 0.582395
8900 3.311926 3.311926 3.311926 0.582395 0.582395 0.582395
8910 3.311926 3.311926 3.311926 0.582395 0.582395 0.582395
8920 3.311926 3.311926 3.311926 0.582395 0.582395 0.582395
8930 3.311926 3.311926 3.311926 0.582395 0.582395 0.582395
8940 3.311926 3.311926 3.311926 0.582395 0.582395 0.582395
8950 3.311926 3.311926 3.311926 0.582395 0.582395 0.582395
8960 3.311926 3.311926 3.311926 0.582395 0.582395 0.582395
8970 3.311926 3.311926 3.311926 0.582395 0.582395 0.582395
8980 3.311926 3.311926 3.311926 0.582395 0.582395 0.582395
8990 3.311926 3.311926 3.311926 0.582395 0.582395 0.582395
9000 3.311926 3.311926 3.311926 0.582395 0.582395 0.582395
9010 3.311926 3.311926 3.311926 0.582395 0.582395 0.582395
9020 3.311926 3.311926 3.311926 0.582395 0.582395 0.582395
9030 3.311926 3.311926 3.311926 0.582395 0.582395 0.582395
9040 3.311926 3.311926 3.311926 0.582395 0.582395 0.582395
9050 3.311926 3.311926 3.311926 0.582395 0.582395 0.582395
9060 3.311926 3.311926 3.311926 0.582395 0.582395 0.582395
9070 3.311926 3.311926 3.311926 0.582395 0.582395 0.582395
9080 3.311926 3.311926 3.311926 0.582395 0.582395 0.582395
9090 3.311926 3.311926 3.311926 0.582395 0.582395 0.582395
9100 3.311926 3.311926 3.311926 0.582395 0.582395 0.582395
9110 3.311926 3.311926 3.311926 0.582395 0.582395 0.582395
9120 3.311926 3.311926 3.311926 0.582395 0.582395 0.582395
9130 3.311926 3.311926 3.311926 0.582395 0.582395 0.582395
9140 3.311926 3.311926 3.311926 0.582395 0.582395 0.582395
9150 3.311926 3.311926 3.311926 0.582395 0.582395 0.582395
9160 3.311926 3.311926 3.311926 0.582395 0.582395 0.582395
9170 3.311926 3.311926 3.311926 0.582395 0.582395 0.582395
9180 3.311926 3.311926 3.311926 0.582395 0.582395 0.582395
9190 3.311926 3.311926 3.311926 0.582395 0.582395 0.582395
9200 3.311926 3.311926 3.311926 0.582395 0.582395 0.582395
9210 3.311926 3.311926 3.311926 0.582395 0.582395 0.582395
9220 3.311926 3.311926 3.311926 0.582395 0.582395 0.582395
9230 3.311926 3.311926 3.311926 0.582395 0.582395 0.582395
9240 3.311926 3.311926 3.311926 0.582395 0.582395 0.582395
9250 3.311926 3.311926 3.311926 0.582395 0.582395 0.582395
9260 3.311926 3.311926 3.311926 0.582395 0.582395 0.582395
9270 3.311926 3.311926 3.311926 0.582395 0.582395 0.582395
9280 3.311926 3.311926 3.311926 0.582395 0.582395 0.582395
9290 3.311926 3.311926 3.311926 0.582395 0.582395 0.582395
9300 3.311926 3.311926 3.311926 0.582395 0.582395 0.582395
9310 3.311926 3.311926 3.311926 0.582395 0.582395 0.582395
9320 3.311926 3.311926 3.311926 0.582395 0.582395 0.582395
9330 3.311926 3.311926 3.311926 0.582395 0.582395 0.582395
9340 3.311926 3.311926 3.311926 0.582395 0.582395 0.582395
9350 3.311926 3.311926 3.311926 0.582395 0.582395 0.582395
9360 3.311926 3.311926 3.311926 0.582395 0.582395 0.582395
9370 3.311926 3.311926 3.311926 0.582395 0.582395 0.582395
9380 3.311926 3.311926 3.311926 0.582395 0.582395 0.582395
9390 3.311926 3.311926 3.311926 0.582395 0.582395 0.582395
9400 3.311926 3.311926 3.311926 0.582395 0.582395 0.582395
9410 3.311926 3.311926 3.311926 0.582395 0.582395 0.582395
9420 3.311926 3.311926 3.311926 0.582395 0.582395 0.582395
9430 3.311926 3.311926 3.311926 0.582395 0.582395 0.582395
9440 3.311926 3.311926 3.311926 0.582395 0.582395 0.582395
9450 3.311926 3.311926 3.311926 0.582395 0.582395 0.582395
9460 3.311926 3.311926 3.311926 0.582395 0.582395 0.582395
9470 3.311926 3.311926 3.311926 0.582395 0.582395 0.582395
9480 3.311926 3.311926 3.311926 0.582395 0.582395 0.582395
9490 3.311926 3.311926 3.311926 0.582395 0.582395 0.582395
9500 3.311926 3.311926 3.311926 0.582395 0.582395 0.582395
9510 3.311926 3.311926 3.311926 0.582395 0.582395 0.582395
9520 3.311926 3.311926 3.311926 0.582395 0.582395 0.582395
9530 3.311926 3.311926 3.311926 0.582395 0.582395 0.582395
9540 3.311926 3.311926 3.311926 0.582395 0.582395 0.582395
9550 3.311926 3.311926 3.311926 0.582395 0.582395 0.582395
9560 3.311926 3.311926 3.311926 0.582395 0.582395 0.582395
9570 3.311926 3.311926 3.311926 0.582395 0.582395 0.582395
9580 3.311926 3.311926 3.311926 0.582395 0.582395 0.582395
9590 3.311926 3.311926 3.311926 0.582395 0.582395 0.582395
9600 3.311926 3.311926 3.311926 0.582395 0.582395 0.582395
9610 3.311926 3.311926 3.311926 0.582395 0.582395 0.582395
9620 3.311926 3.311926 3.311926 0.582395 0.582395 0.582395
9630 3.311926 3.311926 3.311926 0.582395 0.582395 0.582395
9640 3.311926 3.311926 3.311926 0.582395 0.582395 0.582395
9650 3.311926 3.311926 3.311926 0.582395 0.582395 0.582395
9660 3.311926 3.311926 3.311926 0.582395 0.582395 0.582395
9670 3.311926 3.311926 3.311926 0.582395 0.582395 0.582395
9680 3.311926 3.311926 3.311926 0.582395 0.582395 0.582395
9690 3.311926 3.311926 3.311926 0.582395 0.582395 0.582395
9700 3.311926 3.311926 3.311926 0.582395 0.582395 0.582395
9710 3.311926 3.311926 3.311926 0.582395 0.582395 0.582395
9720 3.311926 3.311926 3.311926 0.582395 0.582395 0.582395
9730 3.311926 3.311926 3.311926 0.582395 0.582395 0.582395
9740 3.311926 3.311926 3.311926 0.582395 0.582395 0.582395
9750 3.311926 3.311926 3.311926 0.582395 0.582395 0.582395
9760 3.311926 3.311926 3.311926 0.582395 0.582395 0.582395
9770 3.311926 3.311926 3.311926 0.582395 0.582395 0.582395
9780 3.311926 3.311926 3.311926 0.582395 0.582395 0.582395
9790 3.311926 3.311926 3.311926 0.582395 0.582395 0.582395
9800 3.311926 3.311926 3.311926 0.582395 0.582395 0.582395
9810 3.311926 3.311926 3.311926 0.582395 0.582395 0.582395
9820 3.311926 3.311926 3.311926 0.582395 0.582395 0.582395
9830 3.311926 3.311926 3.311926 0.582395 0.582395 0.582395
9840 3.311926 3.311926 3.311926 0.582395 0.582395 0.582395
9850 3.311926 3.311926 3.311926 0.582395 0.582395 0.582395
9860 3.311926 3.311926 3.311926 0.582395 0.582395 0.582395
9870 3.311926 3.311926 3.311926 0.582395 0.582395 0.582395
9880 3.311926 3.311926 3.311926 0.582395 0.582395 0.582395
9890 3.311926 3.311926 3.311926 0.582395 0.582395 0.582395
9900 3.311926 3.311926 3.311926 0.582395 0.582395 0.582395
9910 3.311926 3.311926 3.311926 0.582395 0.582395 0.582395
9920 3.311926 3.311926 3.311926 0.582395 0.582395 0.582395
9930 3.311926 3.311926 3.311926 0.582395 0.582395 0.582395
9940 3.311926 3.311926 3.311926 0.582395 0.582395 0.582395
9950 3.311926 3.311926 3.311926 0.582395 0.582395 0.582395
9960 3.311926 3.311926 3.311926 0.582395 0.582395 0.582395
9970 3.311926 3.311926 3.311926 0.582395 0.582395 0.582395
9980 3.311926 3.311926 3.311926 0.582395 0.582395 0.582395
9990 3.311926 3.311926 3.311926 0.582395 0.582395 0.582395
10000 3.311926 3.311926 3.311926 0.582395 0.582395 0.582395
