666 74492 9 0.082900 5777 3087 3918 1
134 16358 8 0.104300 4243 2424 3091 1
528 56861 14 0.197000 5392 2783 2376 1
766 62158 9 0.053300 5985 2179 3878 1
854 118300 13 0.158600 5594 3683 3594 1
940 123424 10 0.046800 5538 3689 2833 1
864 83576 6 0.163200 5707 2333 3998 1
240 29234 14 0.064600 5880 2801 3733 1
682 70147 11 0.076300 5723 2896 2477 1
865 115392 9 0.098800 4043 3956 2854 1
195 20865 10 0.195300 5312 2794 3580 1
717 71715 12 0.133100 4661 3574 3997 1
200 24197 10 0.090100 4379 3747 2675 1
648 77475 10 0.089900 4137 3902 2702 1
946 114360 9 0.064900 5788 3059 2433 1
372 54419 10 0.122700 4502 3028 3155 1
869 128670 14 0.170200 4277 3552 2109 1
847 114779 10 0.022700 4693 2644 3633 1
457 55036 9 0.174000 4655 2785 2037 1
135 10454 10 0.021100 5345 2502 3503 1
160 21646 12 0.177600 4673 2410 3568 1
903 101964 9 0.141400 4462 3013 2318 1
851 119210 9 0.101300 5754 3434 3753 1
115 11464 6 0.115700 5435 2677 3269 1
277 23282 7 0.109500 4438 3393 3482 1
923 60880 6 0.185600 4611 2531 3230 0
910 123957 12 0.140200 5787 3177 2949 1
457 45438 12 0.033200 5874 2388 2855 1
379 31204 8 0.111000 5320 3389 3195 1
252 17132 8 0.094500 5848 2811 2257 1
745 100678 11 0.019000 5418 3271 3296 0
613 76443 11 0.019600 4732 2398 3415 1
412 39729 8 0.133200 4480 3705 3415 1
994 96525 9 0.082500 5922 3769 2955 1
694 73200 10 0.029300 5314 3495 2475 1
923 127445 9 0.114700 5605 3974 2126 1
937 112549 11 0.161300 4682 2233 2647 1
855 81443 12 0.125800 4526 3961 2146 1
114 15385 9 0.167200 5675 3960 2119 1
214 23917 10 0.143700 5271 3624 3201 1
679 59639 8 0.165500 5801 3411 3883 0
491 51402 12 0.105800 4768 2169 2941 1
210 31186 13 0.056900 5151 3811 3395 1
327 44222 9 0.134000 4040 2719 3525 1
630 93485 12 0.071000 4946 3557 3386 1
370 37309 12 0.108900 4160 3361 2828 1
930 99476 10 0.187500 4612 3827 2519 1
703 62969 12 0.133900 4130 3651 3090 1
923 115623 7 0.118700 5705 2753 2229 1
927 124201 12 0.046700 4547 3723 3372 1
146 18644 11 0.181700 4368 2393 3719 1
354 50887 10 0.062000 5878 2320 3009 1
307 25915 9 0.103600 5714 3282 3552 1
268 27017 8 0.104300 5336 3728 3978 1
366 47382 6 0.098600 4661 3445 3475 1
571 82483 11 0.095500 5214 3323 3233 1
459 53140 8 0.135100 4426 2856 3050 1
465 74827 10 0.048200 4276 3974 3973 1
121 14030 14 0.177000 5254 3236 3682 1
381 35914 13 0.156000 4843 2914 3114 1
194 19368 7 0.148700 5248 2650 2086 1
355 55699 12 0.136600 4624 2957 2231 1
339 43332 7 0.104500 5997 3268 2467 1
214 19442 13 0.093000 5631 2422 3830 1
559 68152 9 0.101000 5610 3792 3664 1
791 83278 6 0.115900 4716 3957 3550 1
992 139097 11 0.079200 4165 2973 2119 1
186 23809 7 0.103800 5956 2213 3856 1
324 40342 8 0.101800 5751 2945 2872 1
238 27994 8 0.139700 5462 3761 2111 1
770 84279 8 0.075900 5829 2676 2829 1
614 50319 10 0.152800 5280 2773 3924 1
392 54483 12 0.080400 5009 2833 2560 1
429 55852 6 0.041400 5714 3023 2431 1
651 90492 10 0.109200 5994 3486 2334 1
956 105524 10 0.098900 4312 3957 3287 0
884 78443 9 0.157000 4538 3183 3634 1
128 11018 12 0.026200 5826 2462 2502 1
627 62745 12 0.089500 5028 3522 3700 1
112 9434 8 0.073400 5536 2768 2894 1
937 97507 11 0.179500 5121 2266 3112 1
744 109264 8 0.128800 5407 3764 2720 1
949 107605 6 0.027700 5145 2245 3996 1
436 57487 10 0.047600 5131 2071 2921 1
253 25098 12 0.086600 4883 3087 3345 1
786 93797 10 0.137800 5531 3115 3459 1
157 13832 6 0.130900 4022 3156 3838 1
851 100156 10 0.071900 4497 2769 3729 1
737 60310 6 0.069600 4087 3756 3020 1
972 118202 7 0.102900 5420 2678 3156 1
309 25330 7 0.081100 4780 3080 2116 1
581 86856 8 0.041500 5433 3679 3968 1
446 52872 7 0.105000 4315 3437 3518 1
714 77761 8 0.141900 4615 2286 3916 1
559 43958 10 0.053000 4550 2911 3161 0
450 47122 11 0.086800 5944 2128 3890 1
486 48329 10 0.097900 4245 3582 2621 1
188 17333 14 0.127100 4799 3861 2057 1
325 34774 10 0.012800 4825 3584 3844 1
656 96370 11 0.111300 5321 3769 2073 1
