# generation power_min power_avg power_max util_min util_avg util_max
1 25.215727 29.655837 35.890407 0.375371 0.487090 0.619021
10 25.215727 29.057939 32.036537 0.375371 0.473486 0.554632
20 24.866016 28.564260 31.203070 0.375371 0.463666 0.541991
30 22.474602 28.091744 30.453265 0.352604 0.453231 0.517806
40 22.279822 27.613491 30.000106 0.324541 0.444675 0.509574
50 22.199028 27.113109 29.684148 0.324541 0.433370 0.499491
60 21.971381 26.599742 29.168605 0.321234 0.423070 0.495322
70 21.425153 26.151403 28.788718 0.312245 0.413371 0.483775
80 21.425153 25.677934 28.507858 0.312245 0.403385 0.483714
90 21.425153 25.221315 27.906646 0.312245 0.393429 0.470021
100 21.007444 24.887783 27.182264 0.302409 0.386157 0.461653
110 20.794072 24.393335 26.812407 0.299399 0.376746 0.445483
120 20.440693 23.947253 26.189802 0.287399 0.367433 0.436547
130 20.440693 23.528361 25.803235 0.287399 0.359002 0.427002
140 19.750270 23.102103 25.541690 0.287399 0.350988 0.427002
150 19.461433 22.669561 25.112018 0.284729 0.342402 0.409208
160 19.461433 22.227761 24.719704 0.284729 0.334213 0.409208
170 19.126804 21.836088 24.220538 0.278150 0.327030 0.398036
180 19.126804 21.444038 23.665863 0.272298 0.319012 0.378157
190 18.355478 21.118044 23.087415 0.261210 0.313038 0.364739
200 18.355478 20.839043 22.428228 0.261210 0.307802 0.354434
210 17.797319 20.559063 22.195586 0.252939 0.302422 0.354434
220 17.797319 20.281894 21.969672 0.248999 0.295940 0.343463
230 17.797319 20.025648 21.525823 0.248565 0.290499 0.335706
240 17.473460 19.772188 21.021114 0.246323 0.285964 0.323411
250 17.473460 19.574162 20.794072 0.246323 0.283474 0.317300
260 16.564926 19.349820 20.547140 0.230060 0.279296 0.317300
270 16.564926 19.150852 20.359049 0.230060 0.276190 0.310981
280 16.564926 18.941682 20.049445 0.229069 0.272611 0.310981
290 16.564926 18.714603 19.834386 0.226642 0.268098 0.310981
300 16.564926 18.484691 19.608987 0.222000 0.263401 0.298643
310 16.409970 18.266986 19.481292 0.221474 0.259084 0.294390
320 16.409970 18.057637 19.276155 0.221474 0.255331 0.293594
330 16.409970 17.888718 19.082294 0.221474 0.252234 0.288683
340 15.946032 17.711962 18.806542 0.219308 0.248989 0.282020
350 15.946032 17.558067 18.515250 0.219308 0.246790 0.282020
360 15.946032 17.391485 18.334128 0.219308 0.244103 0.282020
370 15.888750 17.230693 18.230750 0.214066 0.241264 0.265150
380 15.571594 17.068622 17.986081 0.208145 0.238885 0.261695
390 15.571594 16.913444 17.759322 0.208145 0.236051 0.257322
400 15.047459 16.744527 17.473460 0.205863 0.232819 0.250967
410 15.047459 16.577649 17.372368 0.205863 0.229727 0.250804
420 15.047459 16.408055 17.325555 0.205863 0.226416 0.244243
430 14.863819 16.219275 17.253931 0.194223 0.223695 0.244243
440 14.556026 16.030727 17.025187 0.193070 0.220737 0.244243
450 14.430395 15.834802 16.930835 0.193070 0.217258 0.244243
460 14.430395 15.663561 16.677563 0.193070 0.214412 0.239462
470 14.430395 15.498492 16.450801 0.190163 0.211319 0.236189
480 14.343382 15.321201 16.231361 0.188996 0.208116 0.233409
490 14.218387 15.158373 16.008911 0.188852 0.204987 0.229119
500 14.218387 15.016220 15.840300 0.188852 0.202663 0.221416
510 13.863453 14.867342 15.622425 0.181876 0.200059 0.217706
520 13.863453 14.739027 15.553989 0.181876 0.198111 0.217706
530 13.863453 14.628150 15.321488 0.181876 0.196583 0.209118
540 13.863453 14.532169 15.082022 0.180061 0.195255 0.209022
550 13.814646 14.443511 14.993790 0.180061 0.193820 0.207359
560 13.814646 14.361275 14.863819 0.180061 0.192372 0.203135
570 13.814646 14.300092 14.668853 0.180061 0.191831 0.200975
580 13.814646 14.251081 14.547354 0.180061 0.191202 0.200975
590 13.745064 14.204995 14.470651 0.180061 0.190195 0.199684
600 13.745064 14.163112 14.421843 0.179999 0.189282 0.199684
610 13.728198 14.121076 14.344601 0.179999 0.188439 0.195194
620 13.728198 14.076525 14.319182 0.179999 0.187702 0.195194
630 13.598743 14.038792 14.232193 0.179999 0.187219 0.195194
640 13.598743 14.001895 14.218387 0.179999 0.186499 0.195194
650 13.598743 13.961192 14.218387 0.179999 0.185735 0.195194
660 13.598743 13.917939 14.183385 0.179999 0.184850 0.195194
670 13.598743 13.876002 14.158902 0.179999 0.183679 0.193883
680 13.598743 13.836937 14.133145 0.179999 0.182913 0.193883
690 13.598743 13.797394 14.048130 0.179999 0.182124 0.193883
700 13.524604 13.765569 13.863453 0.180061 0.181982 0.186403
710 13.524604 13.746637 13.863453 0.180061 0.181916 0.186403
720 13.524604 13.724126 13.863453 0.180061 0.181732 0.186403
730 13.524604 13.704428 13.849648 0.180061 0.181837 0.186403
740 13.469436 13.680870 13.814646 0.180061 0.181766 0.185819
750 13.469436 13.662960 13.764406 0.180061 0.181577 0.185819
760 13.469436 13.645295 13.740507 0.180061 0.181296 0.185819
770 13.469436 13.629939 13.728198 0.180061 0.181238 0.185092
780 13.469436 13.613941 13.728198 0.180061 0.181388 0.185092
790 13.422496 13.591270 13.679391 0.180061 0.181538 0.185092
800 13.422496 13.577195 13.673030 0.180061 0.181570 0.185092
810 13.367329 13.560737 13.654059 0.180061 0.181517 0.185092
820 13.367329 13.546619 13.605251 0.180061 0.181564 0.184528
830 13.367329 13.534677 13.605251 0.180061 0.181645 0.184528
840 13.367329 13.520258 13.598743 0.180061 0.181706 0.184528
850 13.367329 13.504256 13.598743 0.180061 0.182092 0.184528
860 13.367329 13.489515 13.598743 0.180061 0.182245 0.184528
870 13.367329 13.470729 13.598743 0.180061 0.182647 0.184528
880 13.367329 13.454143 13.543576 0.180061 0.182873 0.184528
890 13.367329 13.442944 13.524604 0.180061 0.183062 0.184528
900 13.367329 13.430747 13.496635 0.180061 0.183432 0.184528
910 13.367329 13.418368 13.496635 0.180061 0.183850 0.184528
920 13.367329 13.407885 13.469436 0.181639 0.183895 0.184528
930 13.367329 13.397675 13.469436 0.181639 0.183895 0.184528
940 13.367329 13.388016 13.469436 0.181639 0.183866 0.184528
950 13.367329 13.379483 13.441468 0.181639 0.183961 0.184528
960 13.367329 13.373397 13.422496 0.181639 0.184210 0.184528
970 13.367329 13.367880 13.422496 0.181639 0.184499 0.184528
980 13.367329 13.367329 13.367329 0.184528 0.184528 0.184528
990 13.367329 13.367329 13.367329 0.184528 0.184528 0.184528
1000 13.367329 13.367329 13.367329 0.184528 0.184528 0.184528
1010 13.367329 13.367329 13.367329 0.184528 0.184528 0.184528
1020 13.367329 13.367329 13.367329 0.184528 0.184528 0.184528
1030 13.367329 13.367329 13.367329 0.184528 0.184528 0.184528
1040 13.367329 13.367329 13.367329 0.184528 0.184528 0.184528
1050 13.367329 13.367329 13.367329 0.184528 0.184528 0.184528
1060 13.367329 13.367329 13.367329 0.184528 0.184528 0.184528
1070 13.367329 13.367329 13.367329 0.184528 0.184528 0.184528
1080 13.367329 13.367329 13.367329 0.184528 0.184528 0.184528
1090 13.367329 13.367329 13.367329 0.184528 0.184528 0.184528
1100 13.367329 13.367329 13.367329 0.184528 0.184528 0.184528
1110 13.367329 13.367329 13.367329 0.184528 0.184528 0.184528
1120 13.367329 13.367329 13.367329 0.184528 0.184528 0.184528
1130 13.367329 13.367329 13.367329 0.184528 0.184528 0.184528
1140 13.367329 13.367329 13.367329 0.184528 0.184528 0.184528
1150 13.367329 13.367329 13.367329 0.184528 0.184528 0.184528
1160 13.367329 13.367329 13.367329 0.184528 0.184528 0.184528
1170 13.367329 13.367329 13.367329 0.184528 0.184528 0.184528
1180 13.367329 13.367329 13.367329 0.184528 0.184528 0.184528
1190 13.367329 13.367329 13.367329 0.184528 0.184528 0.184528
1200 13.367329 13.367329 13.367329 0.184528 0.184528 0.184528
1210 13.367329 13.367329 13.367329 0.184528 0.184528 0.184528
1220 13.367329 13.367329 13.367329 0.184528 0.184528 0.184528
1230 13.367329 13.367329 13.367329 0.184528 0.184528 0.184528
1240 13.367329 13.367329 13.367329 0.184528 0.184528 0.184528
1250 13.367329 13.367329 13.367329 0.184528 0.184528 0.184528
1260 13.367329 13.367329 13.367329 0.184528 0.184528 0.184528
1270 13.367329 13.367329 13.367329 0.184528 0.184528 0.184528
1280 13.367329 13.367329 13.367329 0.184528 0.184528 0.184528
1290 13.367329 13.367329 13.367329 0.184528 0.184528 0.184528
1300 13.367329 13.367329 13.367329 0.184528 0.184528 0.184528
1310 13.367329 13.367329 13.367329 0.184528 0.184528 0.184528
1320 13.367329 13.367329 13.367329 0.184528 0.184528 0.184528
1330 13.367329 13.367329 13.367329 0.184528 0.184528 0.184528
1340 13.367329 13.367329 13.367329 0.184528 0.184528 0.184528
1350 13.367329 13.367329 13.367329 0.184528 0.184528 0.184528
1360 13.367329 13.367329 13.367329 0.184528 0.184528 0.184528
1370 13.367329 13.367329 13.367329 0.184528 0.184528 0.184528
1380 13.367329 13.367329 13.367329 0.184528 0.184528 0.184528
1390 13.367329 13.367329 13.367329 0.184528 0.184528 0.184528
1400 13.367329 13.367329 13.367329 0.184528 0.184528 0.184528
1410 13.367329 13.367329 13.367329 0.184528 0.184528 0.184528
1420 13.367329 13.367329 13.367329 0.184528 0.184528 0.184528
1430 13.367329 13.367329 13.367329 0.184528 0.184528 0.184528
1440 13.367329 13.367329 13.367329 0.184528 0.184528 0.184528
1450 13.367329 13.367329 13.367329 0.184528 0.184528 0.184528
1460 13.367329 13.367329 13.367329 0.184528 0.184528 0.184528
1470 13.367329 13.367329 13.367329 0.184528 0.184528 0.184528
1480 13.367329 13.367329 13.367329 0.184528 0.184528 0.184528
1490 13.367329 13.367329 13.367329 0.184528 0.184528 0.184528
1500 13.367329 13.367329 13.367329 0.184528 0.184528 0.184528
1510 13.367329 13.367329 13.367329 0.184528 0.184528 0.184528
1520 13.367329 13.367329 13.367329 0.184528 0.184528 0.184528
1530 13.367329 13.367329 13.367329 0.184528 0.184528 0.184528
1540 13.367329 13.367329 13.367329 0.184528 0.184528 0.184528
1550 13.367329 13.367329 13.367329 0.184528 0.184528 0.184528
1560 13.367329 13.367329 13.367329 0.184528 0.184528 0.184528
1570 13.367329 13.367329 13.367329 0.184528 0.184528 0.184528
1580 13.367329 13.367329 13.367329 0.184528 0.184528 0.184528
1590 13.367329 13.367329 13.367329 0.184528 0.184528 0.184528
1600 13.367329 13.367329 13.367329 0.184528 0.184528 0.184528
1610 13.367329 13.367329 13.367329 0.184528 0.184528 0.184528
1620 13.367329 13.367329 13.367329 0.184528 0.184528 0.184528
1630 13.367329 13.367329 13.367329 0.184528 0.184528 0.184528
1640 13.367329 13.367329 13.367329 0.184528 0.184528 0.184528
1650 13.367329 13.367329 13.367329 0.184528 0.184528 0.184528
1660 13.367329 13.367329 13.367329 0.184528 0.184528 0.184528
1670 13.367329 13.367329 13.367329 0.184528 0.184528 0.184528
1680 13.367329 13.367329 13.367329 0.184528 0.184528 0.184528
1690 13.367329 13.367329 13.367329 0.184528 0.184528 0.184528
1700 13.367329 13.367329 13.367329 0.184528 0.184528 0.184528
1710 13.367329 13.367329 13.367329 0.184528 0.184528 0.184528
1720 13.367329 13.367329 13.367329 0.184528 0.184528 0.184528
1730 13.367329 13.367329 13.367329 0.184528 0.184528 0.184528
1740 13.367329 13.367329 13.367329 0.184528 0.184528 0.184528
1750 13.367329 13.367329 13.367329 0.184528 0.184528 0.184528
1760 13.367329 13.367329 13.367329 0.184528 0.184528 0.184528
1770 13.367329 13.367329 13.367329 0.184528 0.184528 0.184528
1780 13.367329 13.367329 13.367329 0.184528 0.184528 0.184528
1790 13.367329 13.367329 13.367329 0.184528 0.184528 0.184528
1800 13.367329 13.367329 13.367329 0.184528 0.184528 0.184528
1810 13.367329 13.367329 13.367329 0.184528 0.184528 0.184528
1820 13.367329 13.367329 13.367329 0.184528 0.184528 0.184528
1830 13.367329 13.367329 13.367329 0.184528 0.184528 0.184528
1840 13.367329 13.367329 13.367329 0.184528 0.184528 0.184528
1850 13.367329 13.367329 13.367329 0.184528 0.184528 0.184528
1860 13.367329 13.367329 13.367329 0.184528 0.184528 0.184528
1870 13.367329 13.367329 13.367329 0.184528 0.184528 0.184528
1880 13.367329 13.367329 13.367329 0.184528 0.184528 0.184528
1890 13.367329 13.367329 13.367329 0.184528 0.184528 0.184528
1900 13.367329 13.367329 13.367329 0.184528 0.184528 0.184528
1910 13.367329 13.367329 13.367329 0.184528 0.184528 0.184528
1920 13.367329 13.367329 13.367329 0.184528 0.184528 0.184528
1930 13.367329 13.367329 13.367329 0.184528 0.184528 0.184528
1940 13.367329 13.367329 13.367329 0.184528 0.184528 0.184528
1950 13.367329 13.367329 13.367329 0.184528 0.184528 0.184528
1960 13.367329 13.367329 13.367329 0.184528 0.184528 0.184528
1970 13.367329 13.367329 13.367329 0.184528 0.184528 0.184528
1980 13.367329 13.367329 13.367329 0.184528 0.184528 0.184528
1990 13.367329 13.367329 13.367329 0.184528 0.184528 0.184528
2000 13.367329 13.367329 13.367329 0.184528 0.184528 0.184528
2010 13.367329 13.367329 13.367329 0.184528 0.184528 0.184528
2020 13.367329 13.367329 13.367329 0.184528 0.184528 0.184528
2030 13.367329 13.367329 13.367329 0.184528 0.184528 0.184528
2040 13.367329 13.367329 13.367329 0.184528 0.184528 0.184528
2050 13.367329 13.367329 13.367329 0.184528 0.184528 0.184528
2060 13.367329 13.367329 13.367329 0.184528 0.184528 0.184528
2070 13.367329 13.367329 13.367329 0.184528 0.184528 0.184528
2080 13.367329 13.367329 13.367329 0.184528 0.184528 0.184528
2090 13.367329 13.367329 13.367329 0.184528 0.184528 0.184528
2100 13.367329 13.367329 13.367329 0.184528 0.184528 0.184528
2110 13.367329 13.367329 13.367329 0.184528 0.184528 0.184528
2120 13.367329 13.367329 13.367329 0.184528 0.184528 0.184528
2130 13.367329 13.367329 13.367329 0.184528 0.184528 0.184528
2140 13.367329 13.367329 13.367329 0.184528 0.184528 0.184528
2150 13.367329 13.367329 13.367329 0.184528 0.184528 0.184528
2160 13.367329 13.367329 13.367329 0.184528 0.184528 0.184528
2170 13.367329 13.367329 13.367329 0.184528 0.184528 0.184528
2180 13.367329 13.367329 13.367329 0.184528 0.184528 0.184528
2190 13.367329 13.367329 13.367329 0.184528 0.184528 0.184528
2200 13.367329 13.367329 13.367329 0.184528 0.184528 0.184528
2210 13.367329 13.367329 13.367329 0.184528 0.184528 0.184528
2220 13.367329 13.367329 13.367329 0.184528 0.184528 0.184528
2230 13.367329 13.367329 13.367329 0.184528 0.184528 0.184528
2240 13.367329 13.367329 13.367329 0.184528 0.184528 0.184528
2250 13.367329 13.367329 13.367329 0.184528 0.184528 0.184528
2260 13.367329 13.367329 13.367329 0.184528 0.184528 0.184528
2270 13.367329 13.367329 13.367329 0.184528 0.184528 0.184528
2280 13.367329 13.367329 13.367329 0.184528 0.184528 0.184528
2290 13.367329 13.367329 13.367329 0.184528 0.184528 0.184528
2300 13.367329 13.367329 13.367329 0.184528 0.184528 0.184528
2310 13.367329 13.367329 13.367329 0.184528 0.184528 0.184528
2320 13.367329 13.367329 13.367329 0.184528 0.184528 0.184528
2330 13.367329 13.367329 13.367329 0.184528 0.184528 0.184528
2340 13.367329 13.367329 13.367329 0.184528 0.184528 0.184528
2350 13.367329 13.367329 13.367329 0.184528 0.184528 0.184528
2360 13.367329 13.367329 13.367329 0.184528 0.184528 0.184528
2370 13.367329 13.367329 13.367329 0.184528 0.184528 0.184528
2380 13.367329 13.367329 13.367329 0.184528 0.184528 0.184528
2390 13.367329 13.367329 13.367329 0.184528 0.184528 0.184528
2400 13.367329 13.367329 13.367329 0.184528 0.184528 0.184528
2410 13.367329 13.367329 13.367329 0.184528 0.184528 0.184528
2420 13.367329 13.367329 13.367329 0.184528 0.184528 0.184528
2430 13.367329 13.367329 13.367329 0.184528 0.184528 0.184528
2440 13.367329 13.367329 13.367329 0.184528 0.184528 0.184528
2450 13.367329 13.367329 13.367329 0.184528 0.184528 0.184528
2460 13.367329 13.367329 13.367329 0.184528 0.184528 0.184528
2470 13.367329 13.367329 13.367329 0.184528 0.184528 0.184528
2480 13.367329 13.367329 13.367329 0.184528 0.184528 0.184528
2490 13.367329 13.367329 13.367329 0.184528 0.184528 0.184528
2500 13.367329 13.367329 13.367329 0.184528 0.184528 0.184528
2510 13.367329 13.367329 13.367329 0.184528 0.184528 0.184528
2520 13.367329 13.367329 13.367329 0.184528 0.184528 0.184528
2530 13.367329 13.367329 13.367329 0.184528 0.184528 0.184528
2540 13.367329 13.367329 13.367329 0.184528 0.184528 0.184528
2550 13.367329 13.367329 13.367329 0.184528 0.184528 0.184528
2560 13.367329 13.367329 13.367329 0.184528 0.184528 0.184528
2570 13.367329 13.367329 13.367329 0.184528 0.184528 0.184528
2580 13.367329 13.367329 13.367329 0.184528 0.184528 0.184528
2590 13.367329 13.367329 13.367329 0.184528 0.184528 0.184528
2600 13.367329 13.367329 13.367329 0.184528 0.184528 0.184528
2610 13.367329 13.367329 13.367329 0.184528 0.184528 0.184528
2620 13.367329 13.367329 13.367329 0.184528 0.184528 0.184528
2630 13.367329 13.367329 13.367329 0.184528 0.184528 0.184528
2640 13.367329 13.367329 13.367329 0.184528 0.184528 0.184528
2650 13.367329 13.367329 13.367329 0.184528 0.184528 0.184528
2660 13.367329 13.367329 13.367329 0.184528 0.184528 0.184528
2670 13.367329 13.367329 13.367329 0.184528 0.184528 0.184528
2680 13.367329 13.367329 13.367329 0.184528 0.184528 0.184528
2690 13.367329 13.367329 13.367329 0.184528 0.184528 0.184528
2700 13.367329 13.367329 13.367329 0.184528 0.184528 0.184528
2710 13.367329 13.367329 13.367329 0.184528 0.184528 0.184528
2720 13.367329 13.367329 13.367329 0.184528 0.184528 0.184528
2730 13.367329 13.367329 13.367329 0.184528 0.184528 0.184528
2740 13.367329 13.367329 13.367329 0.184528 0.184528 0.184528
2750 13.367329 13.367329 13.367329 0.184528 0.184528 0.184528
2760 13.367329 13.367329 13.367329 0.184528 0.184528 0.184528
2770 13.367329 13.367329 13.367329 0.184528 0.184528 0.184528
2780 13.367329 13.367329 13.367329 0.184528 0.184528 0.184528
2790 13.367329 13.367329 13.367329 0.184528 0.184528 0.184528
2800 13.367329 13.367329 13.367329 0.184528 0.184528 0.184528
2810 13.367329 13.367329 13.367329 0.184528 0.184528 0.184528
2820 13.367329 13.367329 13.367329 0.184528 0.184528 0.184528
2830 13.367329 13.367329 13.367329 0.184528 0.184528 0.184528
2840 13.367329 13.367329 13.367329 0.184528 0.184528 0.184528
2850 13.367329 13.367329 13.367329 0.184528 0.184528 0.184528
2860 13.367329 13.367329 13.367329 0.184528 0.184528 0.184528
2870 13.367329 13.367329 13.367329 0.184528 0.184528 0.184528
2880 13.367329 13.367329 13.367329 0.184528 0.184528 0.184528
2890 13.367329 13.367329 13.367329 0.184528 0.184528 0.184528
2900 13.367329 13.367329 13.367329 0.184528 0.184528 0.184528
2910 13.367329 13.367329 13.367329 0.184528 0.184528 0.184528
2920 13.367329 13.367329 13.367329 0.184528 0.184528 0.184528
2930 13.367329 13.367329 13.367329 0.184528 0.184528 0.184528
2940 13.367329 13.367329 13.367329 0.184528 0.184528 0.184528
2950 13.367329 13.367329 13.367329 0.184528 0.184528 0.184528
2960 13.367329 13.367329 13.367329 0.184528 0.184528 0.184528
2970 13.367329 13.367329 13.367329 0.184528 0.184528 0.184528
2980 13.367329 13.367329 13.367329 0.184528 0.184528 0.184528
2990 13.367329 13.367329 13.367329 0.184528 0.184528 0.184528
3000 13.367329 13.367329 13.367329 0.184528 0.184528 0.184528
3010 13.367329 13.367329 13.367329 0.184528 0.184528 0.184528
3020 13.367329 13.367329 13.367329 0.184528 0.184528 0.184528
3030 13.367329 13.367329 13.367329 0.184528 0.184528 0.184528
3040 13.367329 13.367329 13.367329 0.184528 0.184528 0.184528
3050 13.367329 13.367329 13.367329 0.184528 0.184528 0.184528
3060 13.367329 13.367329 13.367329 0.184528 0.184528 0.184528
3070 13.367329 13.367329 13.367329 0.184528 0.184528 0.184528
3080 13.367329 13.367329 13.367329 0.184528 0.184528 0.184528
3090 13.367329 13.367329 13.367329 0.184528 0.184528 0.184528
3100 13.367329 13.367329 13.367329 0.184528 0.184528 0.184528
3110 13.367329 13.367329 13.367329 0.184528 0.184528 0.184528
3120 13.367329 13.367329 13.367329 0.184528 0.184528 0.184528
3130 13.367329 13.367329 13.367329 0.184528 0.184528 0.184528
3140 13.367329 13.367329 13.367329 0.184528 0.184528 0.184528
3150 13.367329 13.367329 13.367329 0.184528 0.184528 0.184528
3160 13.367329 13.367329 13.367329 0.184528 0.184528 0.184528
3170 13.367329 13.367329 13.367329 0.184528 0.184528 0.184528
3180 13.367329 13.367329 13.367329 0.184528 0.184528 0.184528
3190 13.367329 13.367329 13.367329 0.184528 0.184528 0.184528
3200 13.367329 13.367329 13.367329 0.184528 0.184528 0.184528
3210 13.367329 13.367329 13.367329 0.184528 0.184528 0.184528
3220 13.367329 13.367329 13.367329 0.184528 0.184528 0.184528
3230 13.367329 13.367329 13.367329 0.184528 0.184528 0.184528
3240 13.367329 13.367329 13.367329 0.184528 0.184528 0.184528
3250 13.367329 13.367329 13.367329 0.184528 0.184528 0.184528
3260 13.367329 13.367329 13.367329 0.184528 0.184528 0.184528
3270 13.367329 13.367329 13.367329 0.184528 0.184528 0.184528
3280 13.367329 13.367329 13.367329 0.184528 0.184528 0.184528
3290 13.367329 13.367329 13.367329 0.184528 0.184528 0.184528
3300 13.367329 13.367329 13.367329 0.184528 0.184528 0.184528
3310 13.367329 13.367329 13.367329 0.184528 0.184528 0.184528
3320 13.367329 13.367329 13.367329 0.184528 0.184528 0.184528
3330 13.367329 13.367329 13.367329 0.184528 0.184528 0.184528
3340 13.367329 13.367329 13.367329 0.184528 0.184528 0.184528
3350 13.367329 13.367329 13.367329 0.184528 0.184528 0.184528
3360 13.367329 13.367329 13.367329 0.184528 0.184528 0.184528
3370 13.367329 13.367329 13.367329 0.184528 0.184528 0.184528
3380 13.367329 13.367329 13.367329 0.184528 0.184528 0.184528
3390 13.367329 13.367329 13.367329 0.184528 0.184528 0.184528
3400 13.367329 13.367329 13.367329 0.184528 0.184528 0.184528
3410 13.367329 13.367329 13.367329 0.184528 0.184528 0.184528
3420 13.367329 13.367329 13.367329 0.184528 0.184528 0.184528
3430 13.367329 13.367329 13.367329 0.184528 0.184528 0.184528
3440 13.367329 13.367329 13.367329 0.184528 0.184528 0.184528
3450 13.367329 13.367329 13.367329 0.184528 0.184528 0.184528
3460 13.367329 13.367329 13.367329 0.184528 0.184528 0.184528
3470 13.367329 13.367329 13.367329 0.184528 0.184528 0.184528
3480 13.367329 13.367329 13.367329 0.184528 0.184528 0.184528
3490 13.367329 13.367329 13.367329 0.184528 0.184528 0.184528
3500 13.367329 13.367329 13.367329 0.184528 0.184528 0.184528
3510 13.367329 13.367329 13.367329 0.184528 0.184528 0.184528
3520 13.367329 13.367329 13.367329 0.184528 0.184528 0.184528
3530 13.367329 13.367329 13.367329 0.184528 0.184528 0.184528
3540 13.367329 13.367329 13.367329 0.184528 0.184528 0.184528
3550 13.367329 13.367329 13.367329 0.184528 0.184528 0.184528
3560 13.367329 13.367329 13.367329 0.184528 0.184528 0.184528
3570 13.367329 13.367329 13.367329 0.184528 0.184528 0.184528
3580 13.367329 13.367329 13.367329 0.184528 0.184528 0.184528
3590 13.367329 13.367329 13.367329 0.184528 0.184528 0.184528
3600 13.367329 13.367329 13.367329 0.184528 0.184528 0.184528
3610 13.367329 13.367329 13.367329 0.184528 0.184528 0.184528
3620 13.367329 13.367329 13.367329 0.184528 0.184528 0.184528
3630 13.367329 13.367329 13.367329 0.184528 0.184528 0.184528
3640 13.367329 13.367329 13.367329 0.184528 0.184528 0.184528
3650 13.367329 13.367329 13.367329 0.184528 0.184528 0.184528
3660 13.367329 13.367329 13.367329 0.184528 0.184528 0.184528
3670 13.367329 13.367329 13.367329 0.184528 0.184528 0.184528
3680 13.367329 13.367329 13.367329 0.184528 0.184528 0.184528
3690 13.367329 13.367329 13.367329 0.184528 0.184528 0.184528
3700 13.367329 13.367329 13.367329 0.184528 0.184528 0.184528
3710 13.367329 13.367329 13.367329 0.184528 0.184528 0.184528
3720 13.367329 13.367329 13.367329 0.184528 0.184528 0.184528
3730 13.367329 13.367329 13.367329 0.184528 0.184528 0.184528
3740 13.367329 13.367329 13.367329 0.184528 0.184528 0.184528
3750 13.367329 13.367329 13.367329 0.184528 0.184528 0.184528
3760 13.367329 13.367329 13.367329 0.184528 0.184528 0.184528
3770 13.367329 13.367329 13.367329 0.184528 0.184528 0.184528
3780 13.367329 13.367329 13.367329 0.184528 0.184528 0.184528
3790 13.367329 13.367329 13.367329 0.184528 0.184528 0.184528
3800 13.367329 13.367329 13.367329 0.184528 0.184528 0.184528
3810 13.367329 13.367329 13.367329 0.184528 0.184528 0.184528
3820 13.367329 13.367329 13.367329 0.184528 0.184528 0.184528
3830 13.367329 13.367329 13.367329 0.184528 0.184528 0.184528
3840 13.367329 13.367329 13.367329 0.184528 0.184528 0.184528
3850 13.367329 13.367329 13.367329 0.184528 0.184528 0.184528
3860 13.367329 13.367329 13.367329 0.184528 0.184528 0.184528
3870 13.367329 13.367329 13.367329 0.184528 0.184528 0.184528
3880 13.367329 13.367329 13.367329 0.184528 0.184528 0.184528
3890 13.367329 13.367329 13.367329 0.184528 0.184528 0.184528
3900 13.367329 13.367329 13.367329 0.184528 0.184528 0.184528
3910 13.367329 13.367329 13.367329 0.184528 0.184528 0.184528
3920 13.367329 13.367329 13.367329 0.184528 0.184528 0.184528
3930 13.367329 13.367329 13.367329 0.184528 0.184528 0.184528
3940 13.367329 13.367329 13.367329 0.184528 0.184528 0.184528
3950 13.367329 13.367329 13.367329 0.184528 0.184528 0.184528
3960 13.367329 13.367329 13.367329 0.184528 0.184528 0.184528
3970 13.367329 13.367329 13.367329 0.184528 0.184528 0.184528
3980 13.367329 13.367329 13.367329 0.184528 0.184528 0.184528
3990 13.367329 13.367329 13.367329 0.184528 0.184528 0.184528
4000 13.367329 13.367329 13.367329 0.184528 0.184528 0.184528
4010 13.367329 13.367329 13.367329 0.184528 0.184528 0.184528
4020 13.367329 13.367329 13.367329 0.184528 0.184528 0.184528
4030 13.367329 13.367329 13.367329 0.184528 0.184528 0.184528
4040 13.367329 13.367329 13.367329 0.184528 0.184528 0.184528
4050 13.367329 13.367329 13.367329 0.184528 0.184528 0.184528
4060 13.367329 13.367329 13.367329 0.184528 0.184528 0.184528
4070 13.367329 13.367329 13.367329 0.184528 0.184528 0.184528
4080 13.367329 13.367329 13.367329 0.184528 0.184528 0.184528
4090 13.367329 13.367329 13.367329 0.184528 0.184528 0.184528
4100 13.367329 13.367329 13.367329 0.184528 0.184528 0.184528
4110 13.367329 13.367329 13.367329 0.184528 0.184528 0.184528
4120 13.367329 13.367329 13.367329 0.184528 0.184528 0.184528
4130 13.367329 13.367329 13.367329 0.184528 0.184528 0.184528
4140 13.367329 13.367329 13.367329 0.184528 0.184528 0.184528
4150 13.367329 13.367329 13.367329 0.184528 0.184528 0.184528
4160 13.367329 13.367329 13.367329 0.184528 0.184528 0.184528
4170 13.367329 13.367329 13.367329 0.184528 0.184528 0.184528
4180 13.367329 13.367329 13.367329 0.184528 0.184528 0.184528
4190 13.367329 13.367329 13.367329 0.184528 0.184528 0.184528
4200 13.367329 13.367329 13.367329 0.184528 0.184528 0.184528
4210 13.367329 13.367329 13.367329 0.184528 0.184528 0.184528
4220 13.367329 13.367329 13.367329 0.184528 0.184528 0.184528
4230 13.367329 13.367329 13.367329 0.184528 0.184528 0.184528
4240 13.367329 13.367329 13.367329 0.184528 0.184528 0.184528
4250 13.367329 13.367329 13.367329 0.184528 0.184528 0.184528
4260 13.367329 13.367329 13.367329 0.184528 0.184528 0.184528
4270 13.367329 13.367329 13.367329 0.184528 0.184528 0.184528
4280 13.367329 13.367329 13.367329 0.184528 0.184528 0.184528
4290 13.367329 13.367329 13.367329 0.184528 0.184528 0.184528
4300 13.367329 13.367329 13.367329 0.184528 0.184528 0.184528
4310 13.367329 13.367329 13.367329 0.184528 0.184528 0.184528
4320 13.367329 13.367329 13.367329 0.184528 0.184528 0.184528
4330 13.367329 13.367329 13.367329 0.184528 0.184528 0.184528
4340 13.367329 13.367329 13.367329 0.184528 0.184528 0.184528
4350 13.367329 13.367329 13.367329 0.184528 0.184528 0.184528
4360 13.367329 13.367329 13.367329 0.184528 0.184528 0.184528
4370 13.367329 13.367329 13.367329 0.184528 0.184528 0.184528
4380 13.367329 13.367329 13.367329 0.184528 0.184528 0.184528
4390 13.367329 13.367329 13.367329 0.184528 0.184528 0.184528
4400 13.367329 13.367329 13.367329 0.184528 0.184528 0.184528
4410 13.367329 13.367329 13.367329 0.184528 0.184528 0.184528
4420 13.367329 13.367329 13.367329 0.184528 0.184528 0.184528
4430 13.367329 13.367329 13.367329 0.184528 0.184528 0.184528
4440 13.367329 13.367329 13.367329 0.184528 0.184528 0.184528
4450 13.367329 13.367329 13.367329 0.184528 0.184528 0.184528
4460 13.367329 13.367329 13.367329 0.184528 0.184528 0.184528
4470 13.367329 13.367329 13.367329 0.184528 0.184528 0.184528
4480 13.367329 13.367329 13.367329 0.184528 0.184528 0.184528
4490 13.367329 13.367329 13.367329 0.184528 0.184528 0.184528
4500 13.367329 13.367329 13.367329 0.184528 0.184528 0.184528
4510 13.367329 13.367329 13.367329 0.184528 0.184528 0.184528
4520 13.367329 13.367329 13.367329 0.184528 0.184528 0.184528
4530 13.367329 13.367329 13.367329 0.184528 0.184528 0.184528
4540 13.367329 13.367329 13.367329 0.184528 0.184528 0.184528
4550 13.367329 13.367329 13.367329 0.184528 0.184528 0.184528
4560 13.367329 13.367329 13.367329 0.184528 0.184528 0.184528
4570 13.367329 13.367329 13.367329 0.184528 0.184528 0.184528
4580 13.367329 13.367329 13.367329 0.184528 0.184528 0.184528
4590 13.367329 13.367329 13.367329 0.184528 0.184528 0.184528
4600 13.367329 13.367329 13.367329 0.184528 0.184528 0.184528
4610 13.367329 13.367329 13.367329 0.184528 0.184528 0.184528
4620 13.367329 13.367329 13.367329 0.184528 0.184528 0.184528
4630 13.367329 13.367329 13.367329 0.184528 0.184528 0.184528
4640 13.367329 13.367329 13.367329 0.184528 0.184528 0.184528
4650 13.367329 13.367329 13.367329 0.184528 0.184528 0.184528
4660 13.367329 13.367329 13.367329 0.184528 0.184528 0.184528
4670 13.367329 13.367329 13.367329 0.184528 0.184528 0.184528
4680 13.367329 13.367329 13.367329 0.184528 0.184528 0.184528
4690 13.367329 13.367329 13.367329 0.184528 0.184528 0.184528
4700 13.367329 13.367329 13.367329 0.184528 0.184528 0.184528
4710 13.367329 13.367329 13.367329 0.184528 0.184528 0.184528
4720 13.367329 13.367329 13.367329 0.184528 0.184528 0.184528
4730 13.367329 13.367329 13.367329 0.184528 0.184528 0.184528
4740 13.367329 13.367329 13.367329 0.184528 0.184528 0.184528
4750 13.367329 13.367329 13.367329 0.184528 0.184528 0.184528
4760 13.367329 13.367329 13.367329 0.184528 0.184528 0.184528
4770 13.367329 13.367329 13.367329 0.184528 0.184528 0.184528
4780 13.367329 13.367329 13.367329 0.184528 0.184528 0.184528
4790 13.367329 13.367329 13.367329 0.184528 0.184528 0.184528
4800 13.367329 13.367329 13.367329 0.184528 0.184528 0.184528
4810 13.367329 13.367329 13.367329 0.184528 0.184528 0.184528
4820 13.367329 13.367329 13.367329 0.184528 0.184528 0.184528
4830 13.367329 13.367329 13.367329 0.184528 0.184528 0.184528
4840 13.367329 13.367329 13.367329 0.184528 0.184528 0.184528
4850 13.367329 13.367329 13.367329 0.184528 0.184528 0.184528
4860 13.367329 13.367329 13.367329 0.184528 0.184528 0.184528
4870 13.367329 13.367329 13.367329 0.184528 0.184528 0.184528
4880 13.367329 13.367329 13.367329 0.184528 0.184528 0.184528
4890 13.367329 13.367329 13.367329 0.184528 0.184528 0.184528
4900 13.367329 13.367329 13.367329 0.184528 0.184528 0.184528
4910 13.367329 13.367329 13.367329 0.184528 0.184528 0.184528
4920 13.367329 13.367329 13.367329 0.184528 0.184528 0.184528
4930 13.367329 13.367329 13.367329 0.184528 0.184528 0.184528
4940 13.367329 13.367329 13.367329 0.184528 0.184528 0.184528
4950 13.367329 13.367329 13.367329 0.184528 0.184528 0.184528
4960 13.367329 13.367329 13.367329 0.184528 0.184528 0.184528
4970 13.367329 13.367329 13.367329 0.184528 0.184528 0.184528
4980 13.367329 13.367329 13.367329 0.184528 0.184528 0.184528
4990 13.367329 13.367329 13.367329 0.184528 0.184528 0.184528
5000 13.367329 13.367329 13.367329 0.184528 0.184528 0.184528
5010 13.367329 13.367329 13.367329 0.184528 0.184528 0.184528
5020 13.367329 13.367329 13.367329 0.184528 0.184528 0.184528
5030 13.367329 13.367329 13.367329 0.184528 0.184528 0.184528
5040 13.367329 13.367329 13.367329 0.184528 0.184528 0.184528
5050 13.367329 13.367329 13.367329 0.184528 0.184528 0.184528
5060 13.367329 13.367329 13.367329 0.184528 0.184528 0.184528
5070 13.367329 13.367329 13.367329 0.184528 0.184528 0.184528
5080 13.367329 13.367329 13.367329 0.184528 0.184528 0.184528
5090 13.367329 13.367329 13.367329 0.184528 0.184528 0.184528
5100 13.367329 13.367329 13.367329 0.184528 0.184528 0.184528
5110 13.367329 13.367329 13.367329 0.184528 0.184528 0.184528
5120 13.367329 13.367329 13.367329 0.184528 0.184528 0.184528
5130 13.367329 13.367329 13.367329 0.184528 0.184528 0.184528
5140 13.367329 13.367329 13.367329 0.184528 0.184528 0.184528
5150 13.367329 13.367329 13.367329 0.184528 0.184528 0.184528
5160 13.367329 13.367329 13.367329 0.184528 0.184528 0.184528
5170 13.367329 13.367329 13.367329 0.184528 0.184528 0.184528
5180 13.367329 13.367329 13.367329 0.184528 0.184528 0.184528
5190 13.367329 13.367329 13.367329 0.184528 0.184528 0.184528
5200 13.367329 13.367329 13.367329 0.184528 0.184528 0.184528
5210 13.367329 13.367329 13.367329 0.184528 0.184528 0.184528
5220 13.367329 13.367329 13.367329 0.184528 0.184528 0.184528
5230 13.367329 13.367329 13.367329 0.184528 0.184528 0.184528
5240 13.367329 13.367329 13.367329 0.184528 0.184528 0.184528
5250 13.367329 13.367329 13.367329 0.184528 0.184528 0.184528
5260 13.367329 13.367329 13.367329 0.184528 0.184528 0.184528
5270 13.367329 13.367329 13.367329 0.184528 0.184528 0.184528
5280 13.367329 13.367329 13.367329 0.184528 0.184528 0.184528
5290 13.367329 13.367329 13.367329 0.184528 0.184528 0.184528
5300 13.367329 13.367329 13.367329 0.184528 0.184528 0.184528
5310 13.367329 13.367329 13.367329 0.184528 0.184528 0.184528
5320 13.367329 13.367329 13.367329 0.184528 0.184528 0.184528
5330 13.367329 13.367329 13.367329 0.184528 0.184528 0.184528
5340 13.367329 13.367329 13.367329 0.184528 0.184528 0.184528
5350 13.367329 13.367329 13.367329 0.184528 0.184528 0.184528
5360 13.367329 13.367329 13.367329 0.184528 0.184528 0.184528
5370 13.367329 13.367329 13.367329 0.184528 0.184528 0.184528
5380 13.367329 13.367329 13.367329 0.184528 0.184528 0.184528
5390 13.367329 13.367329 13.367329 0.184528 0.184528 0.184528
5400 13.367329 13.367329 13.367329 0.184528 0.184528 0.184528
5410 13.367329 13.367329 13.367329 0.184528 0.184528 0.184528
5420 13.367329 13.367329 13.367329 0.184528 0.184528 0.184528
5430 13.367329 13.367329 13.367329 0.184528 0.184528 0.184528
5440 13.367329 13.367329 13.367329 0.184528 0.184528 0.184528
5450 13.367329 13.367329 13.367329 0.184528 0.184528 0.184528
5460 13.367329 13.367329 13.367329 0.184528 0.184528 0.184528
5470 13.367329 13.367329 13.367329 0.184528 0.184528 0.184528
5480 13.367329 13.367329 13.367329 0.184528 0.184528 0.184528
5490 13.367329 13.367329 13.367329 0.184528 0.184528 0.184528
5500 13.367329 13.367329 13.367329 0.184528 0.184528 0.184528
5510 13.367329 13.367329 13.367329 0.184528 0.184528 0.184528
5520 13.367329 13.367329 13.367329 0.184528 0.184528 0.184528
5530 13.367329 13.367329 13.367329 0.184528 0.184528 0.184528
5540 13.367329 13.367329 13.367329 0.184528 0.184528 0.184528
5550 13.367329 13.367329 13.367329 0.184528 0.184528 0.184528
5560 13.367329 13.367329 13.367329 0.184528 0.184528 0.184528
5570 13.367329 13.367329 13.367329 0.184528 0.184528 0.184528
5580 13.367329 13.367329 13.367329 0.184528 0.184528 0.184528
5590 13.367329 13.367329 13.367329 0.184528 0.184528 0.184528
5600 13.367329 13.367329 13.367329 0.184528 0.184528 0.184528
5610 13.367329 13.367329 13.367329 0.184528 0.184528 0.184528
5620 13.367329 13.367329 13.367329 0.184528 0.184528 0.184528
5630 13.367329 13.367329 13.367329 0.184528 0.184528 0.184528
5640 13.367329 13.367329 13.367329 0.184528 0.184528 0.184528
5650 13.367329 13.367329 13.367329 0.184528 0.184528 0.184528
5660 13.367329 13.367329 13.367329 0.184528 0.184528 0.184528
5670 13.367329 13.367329 13.367329 0.184528 0.184528 0.184528
5680 13.367329 13.367329 13.367329 0.184528 0.184528 0.184528
5690 13.367329 13.367329 13.367329 0.184528 0.184528 0.184528
5700 13.367329 13.367329 13.367329 0.184528 0.184528 0.184528
5710 13.367329 13.367329 13.367329 0.184528 0.184528 0.184528
5720 13.367329 13.367329 13.367329 0.184528 0.184528 0.184528
5730 13.367329 13.367329 13.367329 0.184528 0.184528 0.184528
5740 13.367329 13.367329 13.367329 0.184528 0.184528 0.184528
5750 13.367329 13.367329 13.367329 0.184528 0.184528 0.184528
5760 13.367329 13.367329 13.367329 0.184528 0.184528 0.184528
5770 13.367329 13.367329 13.367329 0.184528 0.184528 0.184528
5780 13.367329 13.367329 13.367329 0.184528 0.184528 0.184528
5790 13.367329 13.367329 13.367329 0.184528 0.184528 0.184528
5800 13.367329 13.367329 13.367329 0.184528 0.184528 0.184528
5810 13.367329 13.367329 13.367329 0.184528 0.184528 0.184528
5820 13.367329 13.367329 13.367329 0.184528 0.184528 0.184528
5830 13.367329 13.367329 13.367329 0.184528 0.184528 0.184528
5840 13.367329 13.367329 13.367329 0.184528 0.184528 0.184528
5850 13.367329 13.367329 13.367329 0.184528 0.184528 0.184528
5860 13.367329 13.367329 13.367329 0.184528 0.184528 0.184528
5870 13.367329 13.367329 13.367329 0.184528 0.184528 0.184528
5880 13.367329 13.367329 13.367329 0.184528 0.184528 0.184528
5890 13.367329 13.367329 13.367329 0.184528 0.184528 0.184528
5900 13.367329 13.367329 13.367329 0.184528 0.184528 0.184528
5910 13.367329 13.367329 13.367329 0.184528 0.184528 0.184528
5920 13.367329 13.367329 13.367329 0.184528 0.184528 0.184528
5930 13.367329 13.367329 13.367329 0.184528 0.184528 0.184528
5940 13.367329 13.367329 13.367329 0.184528 0.184528 0.184528
5950 13.367329 13.367329 13.367329 0.184528 0.184528 0.184528
5960 13.367329 13.367329 13.367329 0.184528 0.184528 0.184528
5970 13.367329 13.367329 13.367329 0.184528 0.184528 0.184528
5980 13.367329 13.367329 13.367329 0.184528 0.184528 0.184528
5990 13.367329 13.367329 13.367329 0.184528 0.184528 0.184528
6000 13.367329 13.367329 13.367329 0.184528 0.184528 0.184528
6010 13.367329 13.367329 13.367329 0.184528 0.184528 0.184528
6020 13.367329 13.367329 13.367329 0.184528 0.184528 0.184528
6030 13.367329 13.367329 13.367329 0.184528 0.184528 0.184528
6040 13.367329 13.367329 13.367329 0.184528 0.184528 0.184528
6050 13.367329 13.367329 13.367329 0.184528 0.184528 0.184528
6060 13.367329 13.367329 13.367329 0.184528 0.184528 0.184528
6070 13.367329 13.367329 13.367329 0.184528 0.184528 0.184528
6080 13.367329 13.367329 13.367329 0.184528 0.184528 0.184528
6090 13.367329 13.367329 13.367329 0.184528 0.184528 0.184528
6100 13.367329 13.367329 13.367329 0.184528 0.184528 0.184528
6110 13.367329 13.367329 13.367329 0.184528 0.184528 0.184528
6120 13.367329 13.367329 13.367329 0.184528 0.184528 0.184528
6130 13.367329 13.367329 13.367329 0.184528 0.184528 0.184528
6140 13.367329 13.367329 13.367329 0.184528 0.184528 0.184528
6150 13.367329 13.367329 13.367329 0.184528 0.184528 0.184528
6160 13.367329 13.367329 13.367329 0.184528 0.184528 0.184528
6170 13.367329 13.367329 13.367329 0.184528 0.184528 0.184528
6180 13.367329 13.367329 13.367329 0.184528 0.184528 0.184528
6190 13.367329 13.367329 13.367329 0.184528 0.184528 0.184528
6200 13.367329 13.367329 13.367329 0.184528 0.184528 0.184528
6210 13.367329 13.367329 13.367329 0.184528 0.184528 0.184528
6220 13.367329 13.367329 13.367329 0.184528 0.184528 0.184528
6230 13.367329 13.367329 13.367329 0.184528 0.184528 0.184528
6240 13.367329 13.367329 13.367329 0.184528 0.184528 0.184528
6250 13.367329 13.367329 13.367329 0.184528 0.184528 0.184528
6260 13.367329 13.367329 13.367329 0.184528 0.184528 0.184528
6270 13.367329 13.367329 13.367329 0.184528 0.184528 0.184528
6280 13.367329 13.367329 13.367329 0.184528 0.184528 0.184528
6290 13.367329 13.367329 13.367329 0.184528 0.184528 0.184528
6300 13.367329 13.367329 13.367329 0.184528 0.184528 0.184528
6310 13.367329 13.367329 13.367329 0.184528 0.184528 0.184528
6320 13.367329 13.367329 13.367329 0.184528 0.184528 0.184528
6330 13.367329 13.367329 13.367329 0.184528 0.184528 0.184528
6340 13.367329 13.367329 13.367329 0.184528 0.184528 0.184528
6350 13.367329 13.367329 13.367329 0.184528 0.184528 0.184528
6360 13.367329 13.367329 13.367329 0.184528 0.184528 0.184528
6370 13.367329 13.367329 13.367329 0.184528 0.184528 0.184528
6380 13.367329 13.367329 13.367329 0.184528 0.184528 0.184528
6390 13.367329 13.367329 13.367329 0.184528 0.184528 0.184528
6400 13.367329 13.367329 13.367329 0.184528 0.184528 0.184528
6410 13.367329 13.367329 13.367329 0.184528 0.184528 0.184528
6420 13.367329 13.367329 13.367329 0.184528 0.184528 0.184528
6430 13.367329 13.367329 13.367329 0.184528 0.184528 0.184528
6440 13.367329 13.367329 13.367329 0.184528 0.184528 0.184528
6450 13.367329 13.367329 13.367329 0.184528 0.184528 0.184528
6460 13.367329 13.367329 13.367329 0.184528 0.184528 0.184528
6470 13.367329 13.367329 13.367329 0.184528 0.184528 0.184528
6480 13.367329 13.367329 13.367329 0.184528 0.184528 0.184528
6490 13.367329 13.367329 13.367329 0.184528 0.184528 0.184528
6500 13.367329 13.367329 13.367329 0.184528 0.184528 0.184528
6510 13.367329 13.367329 13.367329 0.184528 0.184528 0.184528
6520 13.367329 13.367329 13.367329 0.184528 0.184528 0.184528
6530 13.367329 13.367329 13.367329 0.184528 0.184528 0.184528
6540 13.367329 13.367329 13.367329 0.184528 0.184528 0.184528
6550 13.367329 13.367329 13.367329 0.184528 0.184528 0.184528
6560 13.367329 13.367329 13.367329 0.184528 0.184528 0.184528
6570 13.367329 13.367329 13.367329 0.184528 0.184528 0.184528
6580 13.367329 13.367329 13.367329 0.184528 0.184528 0.184528
6590 13.367329 13.367329 13.367329 0.184528 0.184528 0.184528
6600 13.367329 13.367329 13.367329 0.184528 0.184528 0.184528
6610 13.367329 13.367329 13.367329 0.184528 0.184528 0.184528
6620 13.367329 13.367329 13.367329 0.184528 0.184528 0.184528
6630 13.367329 13.367329 13.367329 0.184528 0.184528 0.184528
6640 13.367329 13.367329 13.367329 0.184528 0.184528 0.184528
6650 13.367329 13.367329 13.367329 0.184528 0.184528 0.184528
6660 13.367329 13.367329 13.367329 0.184528 0.184528 0.184528
6670 13.367329 13.367329 13.367329 0.184528 0.184528 0.184528
6680 13.367329 13.367329 13.367329 0.184528 0.184528 0.184528
6690 13.367329 13.367329 13.367329 0.184528 0.184528 0.184528
6700 13.367329 13.367329 13.367329 0.184528 0.184528 0.184528
6710 13.367329 13.367329 13.367329 0.184528 0.184528 0.184528
6720 13.367329 13.367329 13.367329 0.184528 0.184528 0.184528
6730 13.367329 13.367329 13.367329 0.184528 0.184528 0.184528
6740 13.367329 13.367329 13.367329 0.184528 0.184528 0.184528
6750 13.367329 13.367329 13.367329 0.184528 0.184528 0.184528
6760 13.367329 13.367329 13.367329 0.184528 0.184528 0.184528
6770 13.367329 13.367329 13.367329 0.184528 0.184528 0.184528
6780 13.367329 13.367329 13.367329 0.184528 0.184528 0.184528
6790 13.367329 13.367329 13.367329 0.184528 0.184528 0.184528
6800 13.367329 13.367329 13.367329 0.184528 0.184528 0.184528
6810 13.367329 13.367329 13.367329 0.184528 0.184528 0.184528
6820 13.367329 13.367329 13.367329 0.184528 0.184528 0.184528
6830 13.367329 13.367329 13.367329 0.184528 0.184528 0.184528
6840 13.367329 13.367329 13.367329 0.184528 0.184528 0.184528
6850 13.367329 13.367329 13.367329 0.184528 0.184528 0.184528
6860 13.367329 13.367329 13.367329 0.184528 0.184528 0.184528
6870 13.367329 13.367329 13.367329 0.184528 0.184528 0.184528
6880 13.367329 13.367329 13.367329 0.184528 0.184528 0.184528
6890 13.367329 13.367329 13.367329 0.184528 0.184528 0.184528
6900 13.367329 13.367329 13.367329 0.184528 0.184528 0.184528
6910 13.367329 13.367329 13.367329 0.184528 0.184528 0.184528
6920 13.367329 13.367329 13.367329 0.184528 0.184528 0.184528
6930 13.367329 13.367329 13.367329 0.184528 0.184528 0.184528
6940 13.367329 13.367329 13.367329 0.184528 0.184528 0.184528
6950 13.367329 13.367329 13.367329 0.184528 0.184528 0.184528
6960 13.367329 13.367329 13.367329 0.184528 0.184528 0.184528
6970 13.367329 13.367329 13.367329 0.184528 0.184528 0.184528
6980 13.367329 13.367329 13.367329 0.184528 0.184528 0.184528
6990 13.367329 13.367329 13.367329 0.184528 0.184528 0.184528
7000 13.367329 13.367329 13.367329 0.184528 0.184528 0.184528
7010 13.367329 13.367329 13.367329 0.184528 0.184528 0.184528
7020 13.367329 13.367329 13.367329 0.184528 0.184528 0.184528
7030 13.367329 13.367329 13.367329 0.184528 0.184528 0.184528
7040 13.367329 13.367329 13.367329 0.184528 0.184528 0.184528
7050 13.367329 13.367329 13.367329 0.184528 0.184528 0.184528
7060 13.367329 13.367329 13.367329 0.184528 0.184528 0.184528
7070 13.367329 13.367329 13.367329 0.184528 0.184528 0.184528
7080 13.367329 13.367329 13.367329 0.184528 0.184528 0.184528
7090 13.367329 13.367329 13.367329 0.184528 0.184528 0.184528
7100 13.367329 13.367329 13.367329 0.184528 0.184528 0.184528
7110 13.367329 13.367329 13.367329 0.184528 0.184528 0.184528
7120 13.367329 13.367329 13.367329 0.184528 0.184528 0.184528
7130 13.367329 13.367329 13.367329 0.184528 0.184528 0.184528
7140 13.367329 13.367329 13.367329 0.184528 0.184528 0.184528
7150 13.367329 13.367329 13.367329 0.184528 0.184528 0.184528
7160 13.367329 13.367329 13.367329 0.184528 0.184528 0.184528
7170 13.367329 13.367329 13.367329 0.184528 0.184528 0.184528
7180 13.367329 13.367329 13.367329 0.184528 0.184528 0.184528
7190 13.367329 13.367329 13.367329 0.184528 0.184528 0.184528
7200 13.367329 13.367329 13.367329 0.184528 0.184528 0.184528
7210 13.367329 13.367329 13.367329 0.184528 0.184528 0.184528
7220 13.367329 13.367329 13.367329 0.184528 0.184528 0.184528
7230 13.367329 13.367329 13.367329 0.184528 0.184528 0.184528
7240 13.367329 13.367329 13.367329 0.184528 0.184528 0.184528
7250 13.367329 13.367329 13.367329 0.184528 0.184528 0.184528
7260 13.367329 13.367329 13.367329 0.184528 0.184528 0.184528
7270 13.367329 13.367329 13.367329 0.184528 0.184528 0.184528
7280 13.367329 13.367329 13.367329 0.184528 0.184528 0.184528
7290 13.367329 13.367329 13.367329 0.184528 0.184528 0.184528
7300 13.367329 13.367329 13.367329 0.184528 0.184528 0.184528
7310 13.367329 13.367329 13.367329 0.184528 0.184528 0.184528
7320 13.367329 13.367329 13.367329 0.184528 0.184528 0.184528
7330 13.367329 13.367329 13.367329 0.184528 0.184528 0.184528
7340 13.367329 13.367329 13.367329 0.184528 0.184528 0.184528
7350 13.367329 13.367329 13.367329 0.184528 0.184528 0.184528
7360 13.367329 13.367329 13.367329 0.184528 0.184528 0.184528
7370 13.367329 13.367329 13.367329 0.184528 0.184528 0.184528
7380 13.367329 13.367329 13.367329 0.184528 0.184528 0.184528
7390 13.367329 13.367329 13.367329 0.184528 0.184528 0.184528
7400 13.367329 13.367329 13.367329 0.184528 0.184528 0.184528
7410 13.367329 13.367329 13.367329 0.184528 0.184528 0.184528
7420 13.367329 13.367329 13.367329 0.184528 0.184528 0.184528
7430 13.367329 13.367329 13.367329 0.184528 0.184528 0.184528
7440 13.367329 13.367329 13.367329 0.184528 0.184528 0.184528
7450 13.367329 13.367329 13.367329 0.184528 0.184528 0.184528
7460 13.367329 13.367329 13.367329 0.184528 0.184528 0.184528
7470 13.367329 13.367329 13.367329 0.184528 0.184528 0.184528
7480 13.367329 13.367329 13.367329 0.184528 0.184528 0.184528
7490 13.367329 13.367329 13.367329 0.184528 0.184528 0.184528
7500 13.367329 13.367329 13.367329 0.184528 0.184528 0.184528
7510 13.367329 13.367329 13.367329 0.184528 0.184528 0.184528
7520 13.367329 13.367329 13.367329 0.184528 0.184528 0.184528
7530 13.367329 13.367329 13.367329 0.184528 0.184528 0.184528
7540 13.367329 13.367329 13.367329 0.184528 0.184528 0.184528
7550 13.367329 13.367329 13.367329 0.184528 0.184528 0.184528
7560 13.367329 13.367329 13.367329 0.184528 0.184528 0.184528
7570 13.367329 13.367329 13.367329 0.184528 0.184528 0.184528
7580 13.367329 13.367329 13.367329 0.184528 0.184528 0.184528
7590 13.367329 13.367329 13.367329 0.184528 0.184528 0.184528
7600 13.367329 13.367329 13.367329 0.184528 0.184528 0.184528
7610 13.367329 13.367329 13.367329 0.184528 0.184528 0.184528
7620 13.367329 13.367329 13.367329 0.184528 0.184528 0.184528
7630 13.367329 13.367329 13.367329 0.184528 0.184528 0.184528
7640 13.367329 13.367329 13.367329 0.184528 0.184528 0.184528
7650 13.367329 13.367329 13.367329 0.184528 0.184528 0.184528
7660 13.367329 13.367329 13.367329 0.184528 0.184528 0.184528
7670 13.367329 13.367329 13.367329 0.184528 0.184528 0.184528
7680 13.367329 13.367329 13.367329 0.184528 0.184528 0.184528
7690 13.367329 13.367329 13.367329 0.184528 0.184528 0.184528
7700 13.367329 13.367329 13.367329 0.184528 0.184528 0.184528
7710 13.367329 13.367329 13.367329 0.184528 0.184528 0.184528
7720 13.367329 13.367329 13.367329 0.184528 0.184528 0.184528
7730 13.367329 13.367329 13.367329 0.184528 0.184528 0.184528
7740 13.367329 13.367329 13.367329 0.184528 0.184528 0.184528
7750 13.367329 13.367329 13.367329 0.184528 0.184528 0.184528
7760 13.367329 13.367329 13.367329 0.184528 0.184528 0.184528
7770 13.367329 13.367329 13.367329 0.184528 0.184528 0.184528
7780 13.367329 13.367329 13.367329 0.184528 0.184528 0.184528
7790 13.367329 13.367329 13.367329 0.184528 0.184528 0.184528
7800 13.367329 13.367329 13.367329 0.184528 0.184528 0.184528
7810 13.367329 13.367329 13.367329 0.184528 0.184528 0.184528
7820 13.367329 13.367329 13.367329 0.184528 0.184528 0.184528
7830 13.367329 13.367329 13.367329 0.184528 0.184528 0.184528
7840 13.367329 13.367329 13.367329 0.184528 0.184528 0.184528
7850 13.367329 13.367329 13.367329 0.184528 0.184528 0.184528
7860 13.367329 13.367329 13.367329 0.184528 0.184528 0.184528
7870 13.367329 13.367329 13.367329 0.184528 0.184528 0.184528
7880 13.367329 13.367329 13.367329 0.184528 0.184528 0.184528
7890 13.367329 13.367329 13.367329 0.184528 0.184528 0.184528
7900 13.367329 13.367329 13.367329 0.184528 0.184528 0.184528
7910 13.367329 13.367329 13.367329 0.184528 0.184528 0.184528
7920 13.367329 13.367329 13.367329 0.184528 0.184528 0.184528
7930 13.367329 13.367329 13.367329 0.184528 0.184528 0.184528
7940 13.367329 13.367329 13.367329 0.184528 0.184528 0.184528
7950 13.367329 13.367329 13.367329 0.184528 0.184528 0.184528
7960 13.367329 13.367329 13.367329 0.184528 0.184528 0.184528
7970 13.367329 13.367329 13.367329 0.184528 0.184528 0.184528
7980 13.367329 13.367329 13.367329 0.184528 0.184528 0.184528
7990 13.367329 13.367329 13.367329 0.184528 0.184528 0.184528
8000 13.367329 13.367329 13.367329 0.184528 0.184528 0.184528
8010 13.367329 13.367329 13.367329 0.184528 0.184528 0.184528
8020 13.367329 13.367329 13.367329 0.184528 0.184528 0.184528
8030 13.367329 13.367329 13.367329 0.184528 0.184528 0.184528
8040 13.367329 13.367329 13.367329 0.184528 0.184528 0.184528
8050 13.367329 13.367329 13.367329 0.184528 0.184528 0.184528
8060 13.367329 13.367329 13.367329 0.184528 0.184528 0.184528
8070 13.367329 13.367329 13.367329 0.184528 0.184528 0.184528
8080 13.367329 13.367329 13.367329 0.184528 0.184528 0.184528
8090 13.367329 13.367329 13.367329 0.184528 0.184528 0.184528
8100 13.367329 13.367329 13.367329 0.184528 0.184528 0.184528
8110 13.367329 13.367329 13.367329 0.184528 0.184528 0.184528
8120 13.367329 13.367329 13.367329 0.184528 0.184528 0.184528
8130 13.367329 13.367329 13.367329 0.184528 0.184528 0.184528
8140 13.367329 13.367329 13.367329 0.184528 0.184528 0.184528
8150 13.367329 13.367329 13.367329 0.184528 0.184528 0.184528
8160 13.367329 13.367329 13.367329 0.184528 0.184528 0.184528
8170 13.367329 13.367329 13.367329 0.184528 0.184528 0.184528
8180 13.367329 13.367329 13.367329 0.184528 0.184528 0.184528
8190 13.367329 13.367329 13.367329 0.184528 0.184528 0.184528
8200 13.367329 13.367329 13.367329 0.184528 0.184528 0.184528
8210 13.367329 13.367329 13.367329 0.184528 0.184528 0.184528
8220 13.367329 13.367329 13.367329 0.184528 0.184528 0.184528
8230 13.367329 13.367329 13.367329 0.184528 0.184528 0.184528
8240 13.367329 13.367329 13.367329 0.184528 0.184528 0.184528
8250 13.367329 13.367329 13.367329 0.184528 0.184528 0.184528
8260 13.367329 13.367329 13.367329 0.184528 0.184528 0.184528
8270 13.367329 13.367329 13.367329 0.184528 0.184528 0.184528
8280 13.367329 13.367329 13.367329 0.184528 0.184528 0.184528
8290 13.367329 13.367329 13.367329 0.184528 0.184528 0.184528
8300 13.367329 13.367329 13.367329 0.184528 0.184528 0.184528
8310 13.367329 13.367329 13.367329 0.184528 0.184528 0.184528
8320 13.367329 13.367329 13.367329 0.184528 0.184528 0.184528
8330 13.367329 13.367329 13.367329 0.184528 0.184528 0.184528
8340 13.367329 13.367329 13.367329 0.184528 0.184528 0.184528
8350 13.367329 13.367329 13.367329 0.184528 0.184528 0.184528
8360 13.367329 13.367329 13.367329 0.184528 0.184528 0.184528
8370 13.367329 13.367329 13.367329 0.184528 0.184528 0.184528
8380 13.367329 13.367329 13.367329 0.184528 0.184528 0.184528
8390 13.367329 13.367329 13.367329 0.184528 0.184528 0.184528
8400 13.367329 13.367329 13.367329 0.184528 0.184528 0.184528
8410 13.367329 13.367329 13.367329 0.184528 0.184528 0.184528
8420 13.367329 13.367329 13.367329 0.184528 0.184528 0.184528
8430 13.367329 13.367329 13.367329 0.184528 0.184528 0.184528
8440 13.367329 13.367329 13.367329 0.184528 0.184528 0.184528
8450 13.367329 13.367329 13.367329 0.184528 0.184528 0.184528
8460 13.367329 13.367329 13.367329 0.184528 0.184528 0.184528
8470 13.367329 13.367329 13.367329 0.184528 0.184528 0.184528
8480 13.367329 13.367329 13.367329 0.184528 0.184528 0.184528
8490 13.367329 13.367329 13.367329 0.184528 0.184528 0.184528
8500 13.367329 13.367329 13.367329 0.184528 0.184528 0.184528
8510 13.367329 13.367329 13.367329 0.184528 0.184528 0.184528
8520 13.367329 13.367329 13.367329 0.184528 0.184528 0.184528
8530 13.367329 13.367329 13.367329 0.184528 0.184528 0.184528
8540 13.367329 13.367329 13.367329 0.184528 0.184528 0.184528
8550 13.367329 13.367329 13.367329 0.184528 0.184528 0.184528
8560 13.367329 13.367329 13.367329 0.184528 0.184528 0.184528
8570 13.367329 13.367329 13.367329 0.184528 0.184528 0.184528
8580 13.367329 13.367329 13.367329 0.184528 0.184528 0.184528
8590 13.367329 13.367329 13.367329 0.184528 0.184528 0.184528
8600 13.367329 13.367329 13.367329 0.184528 0.184528 0.184528
8610 13.367329 13.367329 13.367329 0.184528 0.184528 0.184528
8620 13.367329 13.367329 13.367329 0.184528 0.184528 0.184528
8630 13.367329 13.367329 13.367329 0.184528 0.184528 0.184528
8640 13.367329 13.367329 13.367329 0.184528 0.184528 0.184528
8650 13.367329 13.367329 13.367329 0.184528 0.184528 0.184528
8660 13.367329 13.367329 13.367329 0.184528 0.184528 0.184528
8670 13.367329 13.367329 13.367329 0.184528 0.184528 0.184528
8680 13.367329 13.367329 13.367329 0.184528 0.184528 0.184528
8690 13.367329 13.367329 13.367329 0.184528 0.184528 0.184528
8700 13.367329 13.367329 13.367329 0.184528 0.184528 0.184528
8710 13.367329 13.367329 13.367329 0.184528 0.184528 0.184528
8720 13.367329 13.367329 13.367329 0.184528 0.184528 0.184528
8730 13.367329 13.367329 13.367329 0.184528 0.184528 0.184528
8740 13.367329 13.367329 13.367329 0.184528 0.184528 0.184528
8750 13.367329 13.367329 13.367329 0.184528 0.184528 0.184528
8760 13.367329 13.367329 13.367329 0.184528 0.184528 0.184528
8770 13.367329 13.367329 13.367329 0.184528 0.184528 0.184528
8780 13.367329 13.367329 13.367329 0.184528 0.184528 0.184528
8790 13.367329 13.367329 13.367329 0.184528 0.184528 0.184528
8800 13.367329 13.367329 13.367329 0.184528 0.184528 0.184528
8810 13.367329 13.367329 13.367329 0.184528 0.184528 0.184528
8820 13.367329 13.367329 13.367329 0.184528 0.184528 0.184528
8830 13.367329 13.367329 13.367329 0.184528 0.184528 0.184528
8840 13.367329 13.367329 13.367329 0.184528 0.184528 0.184528
8850 13.367329 13.367329 13.367329 0.184528 0.184528 0.184528
8860 13.367329 13.367329 13.367329 0.184528 0.184528 0.184528
8870 13.367329 13.367329 13.367329 0.184528 0.184528 0.184528
8880 13.367329 13.367329 13.367329 0.184528 0.184528 0.184528
8890 13.367329 13.367329 13.367329 0.184528 0.184528 0.184528
8900 13.367329 13.367329 13.367329 0.184528 0.184528 0.184528
8910 13.367329 13.367329 13.367329 0.184528 0.184528 0.184528
8920 13.367329 13.367329 13.367329 0.184528 0.184528 0.184528
8930 13.367329 13.367329 13.367329 0.184528 0.184528 0.184528
8940 13.367329 13.367329 13.367329 0.184528 0.184528 0.184528
8950 13.367329 13.367329 13.367329 0.184528 0.184528 0.184528
8960 13.367329 13.367329 13.367329 0.184528 0.184528 0.184528
8970 13.367329 13.367329 13.367329 0.184528 0.184528 0.184528
8980 13.367329 13.367329 13.367329 0.184528 0.184528 0.184528
8990 13.367329 13.367329 13.367329 0.184528 0.184528 0.184528
9000 13.367329 13.367329 13.367329 0.184528 0.184528 0.184528
9010 13.367329 13.367329 13.367329 0.184528 0.184528 0.184528
9020 13.367329 13.367329 13.367329 0.184528 0.184528 0.184528
9030 13.367329 13.367329 13.367329 0.184528 0.184528 0.184528
9040 13.367329 13.367329 13.367329 0.184528 0.184528 0.184528
9050 13.367329 13.367329 13.367329 0.184528 0.184528 0.184528
9060 13.367329 13.367329 13.367329 0.184528 0.184528 0.184528
9070 13.367329 13.367329 13.367329 0.184528 0.184528 0.184528
9080 13.367329 13.367329 13.367329 0.184528 0.184528 0.184528
9090 13.367329 13.367329 13.367329 0.184528 0.184528 0.184528
9100 13.367329 13.367329 13.367329 0.184528 0.184528 0.184528
9110 13.367329 13.367329 13.367329 0.184528 0.184528 0.184528
9120 13.367329 13.367329 13.367329 0.184528 0.184528 0.184528
9130 13.367329 13.367329 13.367329 0.184528 0.184528 0.184528
9140 13.367329 13.367329 13.367329 0.184528 0.184528 0.184528
9150 13.367329 13.367329 13.367329 0.184528 0.184528 0.184528
9160 13.367329 13.367329 13.367329 0.184528 0.184528 0.184528
9170 13.367329 13.367329 13.367329 0.184528 0.184528 0.184528
9180 13.367329 13.367329 13.367329 0.184528 0.184528 0.184528
9190 13.367329 13.367329 13.367329 0.184528 0.184528 0.184528
9200 13.367329 13.367329 13.367329 0.184528 0.184528 0.184528
9210 13.367329 13.367329 13.367329 0.184528 0.184528 0.184528
9220 13.367329 13.367329 13.367329 0.184528 0.184528 0.184528
9230 13.367329 13.367329 13.367329 0.184528 0.184528 0.184528
9240 13.367329 13.367329 13.367329 0.184528 0.184528 0.184528
9250 13.367329 13.367329 13.367329 0.184528 0.184528 0.184528
9260 13.367329 13.367329 13.367329 0.184528 0.184528 0.184528
9270 13.367329 13.367329 13.367329 0.184528 0.184528 0.184528
9280 13.367329 13.367329 13.367329 0.184528 0.184528 0.184528
9290 13.367329 13.367329 13.367329 0.184528 0.184528 0.184528
9300 13.367329 13.367329 13.367329 0.184528 0.184528 0.184528
9310 13.367329 13.367329 13.367329 0.184528 0.184528 0.184528
9320 13.367329 13.367329 13.367329 0.184528 0.184528 0.184528
9330 13.367329 13.367329 13.367329 0.184528 0.184528 0.184528
9340 13.367329 13.367329 13.367329 0.184528 0.184528 0.184528
9350 13.367329 13.367329 13.367329 0.184528 0.184528 0.184528
9360 13.367329 13.367329 13.367329 0.184528 0.184528 0.184528
9370 13.367329 13.367329 13.367329 0.184528 0.184528 0.184528
9380 13.367329 13.367329 13.367329 0.184528 0.184528 0.184528
9390 13.367329 13.367329 13.367329 0.184528 0.184528 0.184528
9400 13.367329 13.367329 13.367329 0.184528 0.184528 0.184528
9410 13.367329 13.367329 13.367329 0.184528 0.184528 0.184528
9420 13.367329 13.367329 13.367329 0.184528 0.184528 0.184528
9430 13.367329 13.367329 13.367329 0.184528 0.184528 0.184528
9440 13.367329 13.367329 13.367329 0.184528 0.184528 0.184528
9450 13.367329 13.367329 13.367329 0.184528 0.184528 0.184528
9460 13.367329 13.367329 13.367329 0.184528 0.184528 0.184528
9470 13.367329 13.367329 13.367329 0.184528 0.184528 0.184528
9480 13.367329 13.367329 13.367329 0.184528 0.184528 0.184528
9490 13.367329 13.367329 13.367329 0.184528 0.184528 0.184528
9500 13.367329 13.367329 13.367329 0.184528 0.184528 0.184528
9510 13.367329 13.367329 13.367329 0.184528 0.184528 0.184528
9520 13.367329 13.367329 13.367329 0.184528 0.184528 0.184528
9530 13.367329 13.367329 13.367329 0.184528 0.184528 0.184528
9540 13.367329 13.367329 13.367329 0.184528 0.184528 0.184528
9550 13.367329 13.367329 13.367329 0.184528 0.184528 0.184528
9560 13.367329 13.367329 13.367329 0.184528 0.184528 0.184528
9570 13.367329 13.367329 13.367329 0.184528 0.184528 0.184528
9580 13.367329 13.367329 13.367329 0.184528 0.184528 0.184528
9590 13.367329 13.367329 13.367329 0.184528 0.184528 0.184528
9600 13.367329 13.367329 13.367329 0.184528 0.184528 0.184528
9610 13.367329 13.367329 13.367329 0.184528 0.184528 0.184528
9620 13.367329 13.367329 13.367329 0.184528 0.184528 0.184528
9630 13.367329 13.367329 13.367329 0.184528 0.184528 0.184528
9640 13.367329 13.367329 13.367329 0.184528 0.184528 0.184528
9650 13.367329 13.367329 13.367329 0.184528 0.184528 0.184528
9660 13.367329 13.367329 13.367329 0.184528 0.184528 0.184528
9670 13.367329 13.367329 13.367329 0.184528 0.184528 0.184528
9680 13.367329 13.367329 13.367329 0.184528 0.184528 0.184528
9690 13.367329 13.367329 13.367329 0.184528 0.184528 0.184528
9700 13.367329 13.367329 13.367329 0.184528 0.184528 0.184528
9710 13.367329 13.367329 13.367329 0.184528 0.184528 0.184528
9720 13.367329 13.367329 13.367329 0.184528 0.184528 0.184528
9730 13.367329 13.367329 13.367329 0.184528 0.184528 0.184528
9740 13.367329 13.367329 13.367329 0.184528 0.184528 0.184528
9750 13.367329 13.367329 13.367329 0.184528 0.184528 0.184528
9760 13.367329 13.367329 13.367329 0.184528 0.184528 0.184528
9770 13.367329 13.367329 13.367329 0.184528 0.184528 0.184528
9780 13.367329 13.367329 13.367329 0.184528 0.184528 0.184528
9790 13.367329 13.367329 13.367329 0.184528 0.184528 0.184528
9800 13.367329 13.367329 13.367329 0.184528 0.184528 0.184528
9810 13.367329 13.367329 13.367329 0.184528 0.184528 0.184528
9820 13.367329 13.367329 13.367329 0.184528 0.184528 0.184528
9830 13.367329 13.367329 13.367329 0.184528 0.184528 0.184528
9840 13.367329 13.367329 13.367329 0.184528 0.184528 0.184528
9850 13.367329 13.367329 13.367329 0.184528 0.184528 0.184528
9860 13.367329 13.367329 13.367329 0.184528 0.184528 0.184528
9870 13.367329 13.367329 13.367329 0.184528 0.184528 0.184528
9880 13.367329 13.367329 13.367329 0.184528 0.184528 0.184528
9890 13.367329 13.367329 13.367329 0.184528 0.184528 0.184528
9900 13.367329 13.367329 13.367329 0.184528 0.184528 0.184528
9910 13.367329 13.367329 13.367329 0.184528 0.184528 0.184528
9920 13.367329 13.367329 13.367329 0.184528 0.184528 0.184528
9930 13.367329 13.367329 13.367329 0.184528 0.184528 0.184528
9940 13.367329 13.367329 13.367329 0.184528 0.184528 0.184528
9950 13.367329 13.367329 13.367329 0.184528 0.184528 0.184528
9960 13.367329 13.367329 13.367329 0.184528 0.184528 0.184528
9970 13.367329 13.367329 13.367329 0.184528 0.184528 0.184528
9980 13.367329 13.367329 13.367329 0.184528 0.184528 0.184528
9990 13.367329 13.367329 13.367329 0.184528 0.184528 0.184528
10000 15.588076 15.588076 15.588076 0.234047 0.234047 0.234047
