# generation power_min power_avg power_max util_min util_avg util_max
1 44.640230 44.640230 44.640230 1.444457 1.486892 1.499831
10 44.723595 44.723595 44.723595 1.122687 1.470855 1.499831
20 45.261654 45.261654 45.261654 1.122687 1.456697 1.499831
30 45.261654 45.261654 45.261654 1.122687 1.438241 1.499831
40 45.261654 27.875799 45.261654 0.758701 1.406015 1.499831
50 45.261654 27.220285 45.261654 0.758701 1.374306 1.499831
60 45.261654 26.649595 45.261654 0.758701 1.346111 1.499831
70 45.261654 25.479989 45.261654 0.758701 1.310434 1.499250
80 45.261654 25.737747 45.261654 0.729891 1.269563 1.499250
90 45.261654 25.927010 45.261654 0.729891 1.234918 1.498497
100 45.261654 25.766831 45.261654 0.709322 1.184410 1.498497
110 45.115110 25.670427 45.115110 0.709322 1.147092 1.498497
120 41.405718 25.329319 41.405718 0.678763 1.106495 1.498497
130 41.405718 25.117194 41.405718 0.678763 1.080177 1.498497
140 39.653917 24.488879 39.653917 0.678763 1.041711 1.498497
150 37.250269 24.432725 37.250269 0.678763 1.010600 1.497369
160 34.565365 24.128789 34.565365 0.678763 0.980135 1.497369
170 31.581584 23.789599 31.581584 0.678763 0.942799 1.484554
180 18.603958 23.173004 29.155532 0.651124 0.927507 1.267826
190 27.286520 22.645778 27.286520 0.651124 0.907888 1.179613
200 25.572169 22.168695 25.572169 0.651124 0.898747 1.179613
210 24.834698 21.642933 24.834698 0.651124 0.900067 1.179613
220 23.480814 21.162075 23.480814 0.651124 0.898257 1.106992
230 23.133594 20.801983 23.133594 0.651124 0.896884 1.106992
240 22.452403 20.348995 22.452403 0.651124 0.901697 1.106992
250 22.073507 19.928609 22.073507 0.651124 0.902881 1.106992
260 21.539648 19.492723 21.539648 0.686226 0.908774 1.106992
270 21.000346 19.173097 21.000346 0.728166 0.915438 1.106992
280 20.661931 18.918401 20.661931 0.728166 0.913902 1.106992
290 20.274800 18.626707 20.274800 0.728166 0.913045 1.106992
300 16.316726 18.357320 20.013453 0.763568 0.923172 1.106992
310 16.316726 18.083802 19.680631 0.763568 0.921429 1.106992
320 16.237123 17.831758 19.051041 0.763568 0.921773 1.036845
330 16.074001 17.630987 18.798019 0.763568 0.921684 1.033203
340 18.546593 17.477406 18.546593 0.763568 0.923023 1.033203
350 15.759863 17.299795 18.310684 0.763568 0.927842 1.019515
360 15.477282 17.098888 18.153872 0.763568 0.936932 1.019515
370 15.104564 16.885895 17.768636 0.763568 0.943461 1.019515
380 15.104564 16.685393 17.659289 0.763568 0.947336 1.019515
390 15.104564 16.493295 17.323009 0.763568 0.949571 1.022386
400 14.984995 16.294431 17.226157 0.790717 0.952950 1.022386
410 14.984995 16.090721 17.072256 0.790717 0.960918 1.022386
420 14.873992 15.910398 16.776431 0.790717 0.965459 1.022386
430 14.873992 15.763835 16.636586 0.790717 0.965499 1.022386
440 14.567622 15.632375 16.467634 0.790717 0.965518 1.022386
450 14.567622 15.531638 16.253003 0.790717 0.964361 1.022386
460 14.567622 15.410554 16.113723 0.800259 0.970777 1.022386
470 14.537145 15.302482 15.999520 0.800259 0.972485 1.022386
480 14.460727 15.234714 15.854020 0.800259 0.970188 1.019067
490 14.382199 15.142308 15.715703 0.800259 0.976222 1.019067
500 14.358667 15.068286 15.516753 0.800259 0.980057 1.009536
510 14.358667 14.998658 15.410960 0.874584 0.984279 1.009536
520 14.349051 14.928319 15.378364 0.874584 0.984157 1.009536
530 14.349051 14.876357 15.275894 0.943441 0.985936 1.009536
540 14.314678 14.826448 15.024131 0.943441 0.985060 1.009536
550 14.314678 14.778961 14.999965 0.943441 0.984011 1.009536
560 14.182452 14.731389 14.942927 0.943441 0.983354 1.009536
570 14.131500 14.692656 14.933231 0.943441 0.981107 1.003938
580 14.131500 14.660371 14.925213 0.943441 0.980480 1.003938
590 14.131500 14.598503 14.925213 0.943441 0.978386 1.003938
600 14.131500 14.542503 14.873992 0.943441 0.976676 1.000541
610 14.131500 14.486179 14.873992 0.943441 0.974257 1.000541
620 14.131500 14.422832 14.873992 0.943441 0.970997 1.000541
630 14.077287 14.356147 14.799416 0.943441 0.968465 1.000541
640 13.884100 14.324325 14.567622 0.943441 0.965374 0.995201
650 13.884100 14.279164 14.460727 0.948706 0.966136 0.997004
660 13.824861 14.250807 14.418518 0.948706 0.966128 0.997004
670 13.824861 14.224299 14.367497 0.948706 0.968008 0.997004
680 13.824861 14.194398 14.350649 0.948706 0.969424 0.997004
690 13.824861 14.161627 14.316275 0.948706 0.970466 0.997004
700 13.766683 14.122185 14.314678 0.948706 0.971587 0.997004
710 13.587470 14.079432 14.309319 0.948706 0.972620 0.997004
720 13.587470 14.035274 14.233673 0.948706 0.973588 0.997004
730 13.525083 13.994087 14.182452 0.948706 0.974576 0.997004
740 13.525083 13.950671 14.182452 0.948706 0.976595 0.997004
750 13.525083 13.904846 14.175495 0.948706 0.977337 0.997004
760 13.478096 13.853223 14.140402 0.948706 0.978500 0.997004
770 13.478096 13.809867 14.077287 0.948706 0.978986 0.997004
780 13.478096 13.759273 14.056231 0.948706 0.979375 0.997004
790 13.478096 13.715999 13.989537 0.952422 0.980867 0.997004
800 13.478096 13.677018 13.940239 0.952422 0.979849 0.997004
810 13.478096 13.642094 13.882674 0.952422 0.982226 0.997004
820 13.478096 13.610880 13.824861 0.952422 0.982423 0.988803
830 13.478096 13.580711 13.768281 0.952422 0.984822 0.988803
840 13.478096 13.556313 13.719696 0.952422 0.985432 0.988803
850 13.478096 13.538235 13.587470 0.976765 0.986644 0.988803
860 13.478096 13.528212 13.587470 0.976765 0.986484 0.988803
870 13.478096 13.517719 13.587470 0.976765 0.986363 0.988803
880 13.478096 13.506782 13.587470 0.976765 0.986363 0.988803
890 13.478096 13.495970 13.537335 0.976765 0.986594 0.988803
900 13.478096 13.491027 13.525083 0.976765 0.986952 0.988803
910 13.478096 13.486328 13.525083 0.976765 0.987356 0.988803
920 13.478096 13.481654 13.522572 0.976765 0.987840 0.988803
930 13.478096 13.478096 13.478096 0.988803 0.988803 0.988803
940 13.478096 13.478096 13.478096 0.988803 0.988803 0.988803
950 13.478096 13.478096 13.478096 0.988803 0.988803 0.988803
960 13.478096 13.478096 13.478096 0.988803 0.988803 0.988803
970 13.478096 13.478096 13.478096 0.988803 0.988803 0.988803
980 13.478096 13.478096 13.478096 0.988803 0.988803 0.988803
990 13.478096 13.478096 13.478096 0.988803 0.988803 0.988803
1000 13.478096 13.478096 13.478096 0.988803 0.988803 0.988803
1010 13.478096 13.478096 13.478096 0.988803 0.988803 0.988803
1020 13.478096 13.478096 13.478096 0.988803 0.988803 0.988803
1030 13.478096 13.478096 13.478096 0.988803 0.988803 0.988803
1040 13.478096 13.478096 13.478096 0.988803 0.988803 0.988803
1050 13.478096 13.478096 13.478096 0.988803 0.988803 0.988803
1060 13.478096 13.478096 13.478096 0.988803 0.988803 0.988803
1070 13.478096 13.478096 13.478096 0.988803 0.988803 0.988803
1080 13.478096 13.478096 13.478096 0.988803 0.988803 0.988803
1090 13.478096 13.478096 13.478096 0.988803 0.988803 0.988803
1100 13.478096 13.478096 13.478096 0.988803 0.988803 0.988803
1110 13.478096 13.478096 13.478096 0.988803 0.988803 0.988803
1120 13.478096 13.478096 13.478096 0.988803 0.988803 0.988803
1130 13.478096 13.478096 13.478096 0.988803 0.988803 0.988803
1140 13.478096 13.478096 13.478096 0.988803 0.988803 0.988803
1150 13.478096 13.478096 13.478096 0.988803 0.988803 0.988803
1160 13.478096 13.478096 13.478096 0.988803 0.988803 0.988803
1170 13.478096 13.478096 13.478096 0.988803 0.988803 0.988803
1180 13.478096 13.478096 13.478096 0.988803 0.988803 0.988803
1190 13.478096 13.478096 13.478096 0.988803 0.988803 0.988803
1200 13.478096 13.478096 13.478096 0.988803 0.988803 0.988803
1210 13.478096 13.478096 13.478096 0.988803 0.988803 0.988803
1220 13.478096 13.478096 13.478096 0.988803 0.988803 0.988803
1230 13.478096 13.478096 13.478096 0.988803 0.988803 0.988803
1240 13.478096 13.478096 13.478096 0.988803 0.988803 0.988803
1250 13.478096 13.478096 13.478096 0.988803 0.988803 0.988803
1260 13.478096 13.478096 13.478096 0.988803 0.988803 0.988803
1270 13.478096 13.478096 13.478096 0.988803 0.988803 0.988803
1280 13.478096 13.478096 13.478096 0.988803 0.988803 0.988803
1290 13.478096 13.478096 13.478096 0.988803 0.988803 0.988803
1300 13.478096 13.478096 13.478096 0.988803 0.988803 0.988803
1310 13.478096 13.478096 13.478096 0.988803 0.988803 0.988803
1320 13.478096 13.478096 13.478096 0.988803 0.988803 0.988803
1330 13.478096 13.478096 13.478096 0.988803 0.988803 0.988803
1340 13.478096 13.478096 13.478096 0.988803 0.988803 0.988803
1350 13.478096 13.478096 13.478096 0.988803 0.988803 0.988803
1360 13.478096 13.478096 13.478096 0.988803 0.988803 0.988803
1370 13.478096 13.478096 13.478096 0.988803 0.988803 0.988803
1380 13.478096 13.478096 13.478096 0.988803 0.988803 0.988803
1390 13.478096 13.478096 13.478096 0.988803 0.988803 0.988803
1400 13.478096 13.478096 13.478096 0.988803 0.988803 0.988803
1410 13.478096 13.478096 13.478096 0.988803 0.988803 0.988803
1420 13.478096 13.478096 13.478096 0.988803 0.988803 0.988803
1430 13.478096 13.478096 13.478096 0.988803 0.988803 0.988803
1440 13.478096 13.478096 13.478096 0.988803 0.988803 0.988803
1450 13.478096 13.478096 13.478096 0.988803 0.988803 0.988803
1460 13.478096 13.478096 13.478096 0.988803 0.988803 0.988803
1470 13.478096 13.478096 13.478096 0.988803 0.988803 0.988803
1480 13.478096 13.478096 13.478096 0.988803 0.988803 0.988803
1490 13.478096 13.478096 13.478096 0.988803 0.988803 0.988803
1500 13.478096 13.478096 13.478096 0.988803 0.988803 0.988803
1510 13.478096 13.478096 13.478096 0.988803 0.988803 0.988803
1520 13.478096 13.478096 13.478096 0.988803 0.988803 0.988803
1530 13.478096 13.478096 13.478096 0.988803 0.988803 0.988803
1540 13.478096 13.478096 13.478096 0.988803 0.988803 0.988803
1550 13.478096 13.478096 13.478096 0.988803 0.988803 0.988803
1560 13.478096 13.478096 13.478096 0.988803 0.988803 0.988803
1570 13.478096 13.478096 13.478096 0.988803 0.988803 0.988803
1580 13.478096 13.478096 13.478096 0.988803 0.988803 0.988803
1590 13.478096 13.478096 13.478096 0.988803 0.988803 0.988803
1600 13.478096 13.478096 13.478096 0.988803 0.988803 0.988803
1610 13.478096 13.478096 13.478096 0.988803 0.988803 0.988803
1620 13.478096 13.478096 13.478096 0.988803 0.988803 0.988803
1630 13.478096 13.478096 13.478096 0.988803 0.988803 0.988803
1640 13.478096 13.478096 13.478096 0.988803 0.988803 0.988803
1650 13.478096 13.478096 13.478096 0.988803 0.988803 0.988803
1660 13.478096 13.478096 13.478096 0.988803 0.988803 0.988803
1670 13.478096 13.478096 13.478096 0.988803 0.988803 0.988803
1680 13.478096 13.478096 13.478096 0.988803 0.988803 0.988803
1690 13.478096 13.478096 13.478096 0.988803 0.988803 0.988803
1700 13.478096 13.478096 13.478096 0.988803 0.988803 0.988803
1710 13.478096 13.478096 13.478096 0.988803 0.988803 0.988803
1720 13.478096 13.478096 13.478096 0.988803 0.988803 0.988803
1730 13.478096 13.478096 13.478096 0.988803 0.988803 0.988803
1740 13.478096 13.478096 13.478096 0.988803 0.988803 0.988803
1750 13.478096 13.478096 13.478096 0.988803 0.988803 0.988803
1760 13.478096 13.478096 13.478096 0.988803 0.988803 0.988803
1770 13.478096 13.478096 13.478096 0.988803 0.988803 0.988803
1780 13.478096 13.478096 13.478096 0.988803 0.988803 0.988803
1790 13.478096 13.478096 13.478096 0.988803 0.988803 0.988803
1800 13.478096 13.478096 13.478096 0.988803 0.988803 0.988803
1810 13.478096 13.478096 13.478096 0.988803 0.988803 0.988803
1820 13.478096 13.478096 13.478096 0.988803 0.988803 0.988803
1830 13.478096 13.478096 13.478096 0.988803 0.988803 0.988803
1840 13.478096 13.478096 13.478096 0.988803 0.988803 0.988803
1850 13.478096 13.478096 13.478096 0.988803 0.988803 0.988803
1860 13.478096 13.478096 13.478096 0.988803 0.988803 0.988803
1870 13.478096 13.478096 13.478096 0.988803 0.988803 0.988803
1880 13.478096 13.478096 13.478096 0.988803 0.988803 0.988803
1890 13.478096 13.478096 13.478096 0.988803 0.988803 0.988803
1900 13.478096 13.478096 13.478096 0.988803 0.988803 0.988803
1910 13.478096 13.478096 13.478096 0.988803 0.988803 0.988803
1920 13.478096 13.478096 13.478096 0.988803 0.988803 0.988803
1930 13.478096 13.478096 13.478096 0.988803 0.988803 0.988803
1940 13.478096 13.478096 13.478096 0.988803 0.988803 0.988803
1950 13.478096 13.478096 13.478096 0.988803 0.988803 0.988803
1960 13.478096 13.478096 13.478096 0.988803 0.988803 0.988803
1970 13.478096 13.478096 13.478096 0.988803 0.988803 0.988803
1980 13.478096 13.478096 13.478096 0.988803 0.988803 0.988803
1990 13.478096 13.478096 13.478096 0.988803 0.988803 0.988803
2000 13.478096 13.478096 13.478096 0.988803 0.988803 0.988803
2010 13.478096 13.478096 13.478096 0.988803 0.988803 0.988803
2020 13.478096 13.478096 13.478096 0.988803 0.988803 0.988803
2030 13.478096 13.478096 13.478096 0.988803 0.988803 0.988803
2040 13.478096 13.478096 13.478096 0.988803 0.988803 0.988803
2050 13.478096 13.478096 13.478096 0.988803 0.988803 0.988803
2060 13.478096 13.478096 13.478096 0.988803 0.988803 0.988803
2070 13.478096 13.478096 13.478096 0.988803 0.988803 0.988803
2080 13.478096 13.478096 13.478096 0.988803 0.988803 0.988803
2090 13.478096 13.478096 13.478096 0.988803 0.988803 0.988803
2100 13.478096 13.478096 13.478096 0.988803 0.988803 0.988803
2110 13.478096 13.478096 13.478096 0.988803 0.988803 0.988803
2120 13.478096 13.478096 13.478096 0.988803 0.988803 0.988803
2130 13.478096 13.478096 13.478096 0.988803 0.988803 0.988803
2140 13.478096 13.478096 13.478096 0.988803 0.988803 0.988803
2150 13.478096 13.478096 13.478096 0.988803 0.988803 0.988803
2160 13.478096 13.478096 13.478096 0.988803 0.988803 0.988803
2170 13.478096 13.478096 13.478096 0.988803 0.988803 0.988803
2180 13.478096 13.478096 13.478096 0.988803 0.988803 0.988803
2190 13.478096 13.478096 13.478096 0.988803 0.988803 0.988803
2200 13.478096 13.478096 13.478096 0.988803 0.988803 0.988803
2210 13.478096 13.478096 13.478096 0.988803 0.988803 0.988803
2220 13.478096 13.478096 13.478096 0.988803 0.988803 0.988803
2230 13.478096 13.478096 13.478096 0.988803 0.988803 0.988803
2240 13.478096 13.478096 13.478096 0.988803 0.988803 0.988803
2250 13.478096 13.478096 13.478096 0.988803 0.988803 0.988803
2260 13.478096 13.478096 13.478096 0.988803 0.988803 0.988803
2270 13.478096 13.478096 13.478096 0.988803 0.988803 0.988803
2280 13.478096 13.478096 13.478096 0.988803 0.988803 0.988803
2290 13.478096 13.478096 13.478096 0.988803 0.988803 0.988803
2300 13.478096 13.478096 13.478096 0.988803 0.988803 0.988803
2310 13.478096 13.478096 13.478096 0.988803 0.988803 0.988803
2320 13.478096 13.478096 13.478096 0.988803 0.988803 0.988803
2330 13.478096 13.478096 13.478096 0.988803 0.988803 0.988803
2340 13.478096 13.478096 13.478096 0.988803 0.988803 0.988803
2350 13.478096 13.478096 13.478096 0.988803 0.988803 0.988803
2360 13.478096 13.478096 13.478096 0.988803 0.988803 0.988803
2370 13.478096 13.478096 13.478096 0.988803 0.988803 0.988803
2380 13.478096 13.478096 13.478096 0.988803 0.988803 0.988803
2390 13.478096 13.478096 13.478096 0.988803 0.988803 0.988803
2400 13.478096 13.478096 13.478096 0.988803 0.988803 0.988803
2410 13.478096 13.478096 13.478096 0.988803 0.988803 0.988803
2420 13.478096 13.478096 13.478096 0.988803 0.988803 0.988803
2430 13.478096 13.478096 13.478096 0.988803 0.988803 0.988803
2440 13.478096 13.478096 13.478096 0.988803 0.988803 0.988803
2450 13.478096 13.478096 13.478096 0.988803 0.988803 0.988803
2460 13.478096 13.478096 13.478096 0.988803 0.988803 0.988803
2470 13.478096 13.478096 13.478096 0.988803 0.988803 0.988803
2480 13.478096 13.478096 13.478096 0.988803 0.988803 0.988803
2490 13.478096 13.478096 13.478096 0.988803 0.988803 0.988803
2500 13.478096 13.478096 13.478096 0.988803 0.988803 0.988803
2510 13.478096 13.478096 13.478096 0.988803 0.988803 0.988803
2520 13.478096 13.478096 13.478096 0.988803 0.988803 0.988803
2530 13.478096 13.478096 13.478096 0.988803 0.988803 0.988803
2540 13.478096 13.478096 13.478096 0.988803 0.988803 0.988803
2550 13.478096 13.478096 13.478096 0.988803 0.988803 0.988803
2560 13.478096 13.478096 13.478096 0.988803 0.988803 0.988803
2570 13.478096 13.478096 13.478096 0.988803 0.988803 0.988803
2580 13.478096 13.478096 13.478096 0.988803 0.988803 0.988803
2590 13.478096 13.478096 13.478096 0.988803 0.988803 0.988803
2600 13.478096 13.478096 13.478096 0.988803 0.988803 0.988803
2610 13.478096 13.478096 13.478096 0.988803 0.988803 0.988803
2620 13.478096 13.478096 13.478096 0.988803 0.988803 0.988803
2630 13.478096 13.478096 13.478096 0.988803 0.988803 0.988803
2640 13.478096 13.478096 13.478096 0.988803 0.988803 0.988803
2650 13.478096 13.478096 13.478096 0.988803 0.988803 0.988803
2660 13.478096 13.478096 13.478096 0.988803 0.988803 0.988803
2670 13.478096 13.478096 13.478096 0.988803 0.988803 0.988803
2680 13.478096 13.478096 13.478096 0.988803 0.988803 0.988803
2690 13.478096 13.478096 13.478096 0.988803 0.988803 0.988803
2700 13.478096 13.478096 13.478096 0.988803 0.988803 0.988803
2710 13.478096 13.478096 13.478096 0.988803 0.988803 0.988803
2720 13.478096 13.478096 13.478096 0.988803 0.988803 0.988803
2730 13.478096 13.478096 13.478096 0.988803 0.988803 0.988803
2740 13.478096 13.478096 13.478096 0.988803 0.988803 0.988803
2750 13.478096 13.478096 13.478096 0.988803 0.988803 0.988803
2760 13.478096 13.478096 13.478096 0.988803 0.988803 0.988803
2770 13.478096 13.478096 13.478096 0.988803 0.988803 0.988803
2780 13.478096 13.478096 13.478096 0.988803 0.988803 0.988803
2790 13.478096 13.478096 13.478096 0.988803 0.988803 0.988803
2800 13.478096 13.478096 13.478096 0.988803 0.988803 0.988803
2810 13.478096 13.478096 13.478096 0.988803 0.988803 0.988803
2820 13.478096 13.478096 13.478096 0.988803 0.988803 0.988803
2830 13.478096 13.478096 13.478096 0.988803 0.988803 0.988803
2840 13.478096 13.478096 13.478096 0.988803 0.988803 0.988803
2850 13.478096 13.478096 13.478096 0.988803 0.988803 0.988803
2860 13.478096 13.478096 13.478096 0.988803 0.988803 0.988803
2870 13.478096 13.478096 13.478096 0.988803 0.988803 0.988803
2880 13.478096 13.478096 13.478096 0.988803 0.988803 0.988803
2890 13.478096 13.478096 13.478096 0.988803 0.988803 0.988803
2900 13.478096 13.478096 13.478096 0.988803 0.988803 0.988803
2910 13.478096 13.478096 13.478096 0.988803 0.988803 0.988803
2920 13.478096 13.478096 13.478096 0.988803 0.988803 0.988803
2930 13.478096 13.478096 13.478096 0.988803 0.988803 0.988803
2940 13.478096 13.478096 13.478096 0.988803 0.988803 0.988803
2950 13.478096 13.478096 13.478096 0.988803 0.988803 0.988803
2960 13.478096 13.478096 13.478096 0.988803 0.988803 0.988803
2970 13.478096 13.478096 13.478096 0.988803 0.988803 0.988803
2980 13.478096 13.478096 13.478096 0.988803 0.988803 0.988803
2990 13.478096 13.478096 13.478096 0.988803 0.988803 0.988803
3000 13.478096 13.478096 13.478096 0.988803 0.988803 0.988803
3010 13.478096 13.478096 13.478096 0.988803 0.988803 0.988803
3020 13.478096 13.478096 13.478096 0.988803 0.988803 0.988803
3030 13.478096 13.478096 13.478096 0.988803 0.988803 0.988803
3040 13.478096 13.478096 13.478096 0.988803 0.988803 0.988803
3050 13.478096 13.478096 13.478096 0.988803 0.988803 0.988803
3060 13.478096 13.478096 13.478096 0.988803 0.988803 0.988803
3070 13.478096 13.478096 13.478096 0.988803 0.988803 0.988803
3080 13.478096 13.478096 13.478096 0.988803 0.988803 0.988803
3090 13.478096 13.478096 13.478096 0.988803 0.988803 0.988803
3100 13.478096 13.478096 13.478096 0.988803 0.988803 0.988803
3110 13.478096 13.478096 13.478096 0.988803 0.988803 0.988803
3120 13.478096 13.478096 13.478096 0.988803 0.988803 0.988803
3130 13.478096 13.478096 13.478096 0.988803 0.988803 0.988803
3140 13.478096 13.478096 13.478096 0.988803 0.988803 0.988803
3150 13.478096 13.478096 13.478096 0.988803 0.988803 0.988803
3160 13.478096 13.478096 13.478096 0.988803 0.988803 0.988803
3170 13.478096 13.478096 13.478096 0.988803 0.988803 0.988803
3180 13.478096 13.478096 13.478096 0.988803 0.988803 0.988803
3190 13.478096 13.478096 13.478096 0.988803 0.988803 0.988803
3200 13.478096 13.478096 13.478096 0.988803 0.988803 0.988803
3210 13.478096 13.478096 13.478096 0.988803 0.988803 0.988803
3220 13.478096 13.478096 13.478096 0.988803 0.988803 0.988803
3230 13.478096 13.478096 13.478096 0.988803 0.988803 0.988803
3240 13.478096 13.478096 13.478096 0.988803 0.988803 0.988803
3250 13.478096 13.478096 13.478096 0.988803 0.988803 0.988803
3260 13.478096 13.478096 13.478096 0.988803 0.988803 0.988803
3270 13.478096 13.478096 13.478096 0.988803 0.988803 0.988803
3280 13.478096 13.478096 13.478096 0.988803 0.988803 0.988803
3290 13.478096 13.478096 13.478096 0.988803 0.988803 0.988803
3300 13.478096 13.478096 13.478096 0.988803 0.988803 0.988803
3310 13.478096 13.478096 13.478096 0.988803 0.988803 0.988803
3320 13.478096 13.478096 13.478096 0.988803 0.988803 0.988803
3330 13.478096 13.478096 13.478096 0.988803 0.988803 0.988803
3340 13.478096 13.478096 13.478096 0.988803 0.988803 0.988803
3350 13.478096 13.478096 13.478096 0.988803 0.988803 0.988803
3360 13.478096 13.478096 13.478096 0.988803 0.988803 0.988803
3370 13.478096 13.478096 13.478096 0.988803 0.988803 0.988803
3380 13.478096 13.478096 13.478096 0.988803 0.988803 0.988803
3390 13.478096 13.478096 13.478096 0.988803 0.988803 0.988803
3400 13.478096 13.478096 13.478096 0.988803 0.988803 0.988803
3410 13.478096 13.478096 13.478096 0.988803 0.988803 0.988803
3420 13.478096 13.478096 13.478096 0.988803 0.988803 0.988803
3430 13.478096 13.478096 13.478096 0.988803 0.988803 0.988803
3440 13.478096 13.478096 13.478096 0.988803 0.988803 0.988803
3450 13.478096 13.478096 13.478096 0.988803 0.988803 0.988803
3460 13.478096 13.478096 13.478096 0.988803 0.988803 0.988803
3470 13.478096 13.478096 13.478096 0.988803 0.988803 0.988803
3480 13.478096 13.478096 13.478096 0.988803 0.988803 0.988803
3490 13.478096 13.478096 13.478096 0.988803 0.988803 0.988803
3500 13.478096 13.478096 13.478096 0.988803 0.988803 0.988803
3510 13.478096 13.478096 13.478096 0.988803 0.988803 0.988803
3520 13.478096 13.478096 13.478096 0.988803 0.988803 0.988803
3530 13.478096 13.478096 13.478096 0.988803 0.988803 0.988803
3540 13.478096 13.478096 13.478096 0.988803 0.988803 0.988803
3550 13.478096 13.478096 13.478096 0.988803 0.988803 0.988803
3560 13.478096 13.478096 13.478096 0.988803 0.988803 0.988803
3570 13.478096 13.478096 13.478096 0.988803 0.988803 0.988803
3580 13.478096 13.478096 13.478096 0.988803 0.988803 0.988803
3590 13.478096 13.478096 13.478096 0.988803 0.988803 0.988803
3600 13.478096 13.478096 13.478096 0.988803 0.988803 0.988803
3610 13.478096 13.478096 13.478096 0.988803 0.988803 0.988803
3620 13.478096 13.478096 13.478096 0.988803 0.988803 0.988803
3630 13.478096 13.478096 13.478096 0.988803 0.988803 0.988803
3640 13.478096 13.478096 13.478096 0.988803 0.988803 0.988803
3650 13.478096 13.478096 13.478096 0.988803 0.988803 0.988803
3660 13.478096 13.478096 13.478096 0.988803 0.988803 0.988803
3670 13.478096 13.478096 13.478096 0.988803 0.988803 0.988803
3680 13.478096 13.478096 13.478096 0.988803 0.988803 0.988803
3690 13.478096 13.478096 13.478096 0.988803 0.988803 0.988803
3700 13.478096 13.478096 13.478096 0.988803 0.988803 0.988803
3710 13.478096 13.478096 13.478096 0.988803 0.988803 0.988803
3720 13.478096 13.478096 13.478096 0.988803 0.988803 0.988803
3730 13.478096 13.478096 13.478096 0.988803 0.988803 0.988803
3740 13.478096 13.478096 13.478096 0.988803 0.988803 0.988803
3750 13.478096 13.478096 13.478096 0.988803 0.988803 0.988803
3760 13.478096 13.478096 13.478096 0.988803 0.988803 0.988803
3770 13.478096 13.478096 13.478096 0.988803 0.988803 0.988803
3780 13.478096 13.478096 13.478096 0.988803 0.988803 0.988803
3790 13.478096 13.478096 13.478096 0.988803 0.988803 0.988803
3800 13.478096 13.478096 13.478096 0.988803 0.988803 0.988803
3810 13.478096 13.478096 13.478096 0.988803 0.988803 0.988803
3820 13.478096 13.478096 13.478096 0.988803 0.988803 0.988803
3830 13.478096 13.478096 13.478096 0.988803 0.988803 0.988803
3840 13.478096 13.478096 13.478096 0.988803 0.988803 0.988803
3850 13.478096 13.478096 13.478096 0.988803 0.988803 0.988803
3860 13.478096 13.478096 13.478096 0.988803 0.988803 0.988803
3870 13.478096 13.478096 13.478096 0.988803 0.988803 0.988803
3880 13.478096 13.478096 13.478096 0.988803 0.988803 0.988803
3890 13.478096 13.478096 13.478096 0.988803 0.988803 0.988803
3900 13.478096 13.478096 13.478096 0.988803 0.988803 0.988803
3910 13.478096 13.478096 13.478096 0.988803 0.988803 0.988803
3920 13.478096 13.478096 13.478096 0.988803 0.988803 0.988803
3930 13.478096 13.478096 13.478096 0.988803 0.988803 0.988803
3940 13.478096 13.478096 13.478096 0.988803 0.988803 0.988803
3950 13.478096 13.478096 13.478096 0.988803 0.988803 0.988803
3960 13.478096 13.478096 13.478096 0.988803 0.988803 0.988803
3970 13.478096 13.478096 13.478096 0.988803 0.988803 0.988803
3980 13.478096 13.478096 13.478096 0.988803 0.988803 0.988803
3990 13.478096 13.478096 13.478096 0.988803 0.988803 0.988803
4000 13.478096 13.478096 13.478096 0.988803 0.988803 0.988803
4010 13.478096 13.478096 13.478096 0.988803 0.988803 0.988803
4020 13.478096 13.478096 13.478096 0.988803 0.988803 0.988803
4030 13.478096 13.478096 13.478096 0.988803 0.988803 0.988803
4040 13.478096 13.478096 13.478096 0.988803 0.988803 0.988803
4050 13.478096 13.478096 13.478096 0.988803 0.988803 0.988803
4060 13.478096 13.478096 13.478096 0.988803 0.988803 0.988803
4070 13.478096 13.478096 13.478096 0.988803 0.988803 0.988803
4080 13.478096 13.478096 13.478096 0.988803 0.988803 0.988803
4090 13.478096 13.478096 13.478096 0.988803 0.988803 0.988803
4100 13.478096 13.478096 13.478096 0.988803 0.988803 0.988803
4110 13.478096 13.478096 13.478096 0.988803 0.988803 0.988803
4120 13.478096 13.478096 13.478096 0.988803 0.988803 0.988803
4130 13.478096 13.478096 13.478096 0.988803 0.988803 0.988803
4140 13.478096 13.478096 13.478096 0.988803 0.988803 0.988803
4150 13.478096 13.478096 13.478096 0.988803 0.988803 0.988803
4160 13.478096 13.478096 13.478096 0.988803 0.988803 0.988803
4170 13.478096 13.478096 13.478096 0.988803 0.988803 0.988803
4180 13.478096 13.478096 13.478096 0.988803 0.988803 0.988803
4190 13.478096 13.478096 13.478096 0.988803 0.988803 0.988803
4200 13.478096 13.478096 13.478096 0.988803 0.988803 0.988803
4210 13.478096 13.478096 13.478096 0.988803 0.988803 0.988803
4220 13.478096 13.478096 13.478096 0.988803 0.988803 0.988803
4230 13.478096 13.478096 13.478096 0.988803 0.988803 0.988803
4240 13.478096 13.478096 13.478096 0.988803 0.988803 0.988803
4250 13.478096 13.478096 13.478096 0.988803 0.988803 0.988803
4260 13.478096 13.478096 13.478096 0.988803 0.988803 0.988803
4270 13.478096 13.478096 13.478096 0.988803 0.988803 0.988803
4280 13.478096 13.478096 13.478096 0.988803 0.988803 0.988803
4290 13.478096 13.478096 13.478096 0.988803 0.988803 0.988803
4300 13.478096 13.478096 13.478096 0.988803 0.988803 0.988803
4310 13.478096 13.478096 13.478096 0.988803 0.988803 0.988803
4320 13.478096 13.478096 13.478096 0.988803 0.988803 0.988803
4330 13.478096 13.478096 13.478096 0.988803 0.988803 0.988803
4340 13.478096 13.478096 13.478096 0.988803 0.988803 0.988803
4350 13.478096 13.478096 13.478096 0.988803 0.988803 0.988803
4360 13.478096 13.478096 13.478096 0.988803 0.988803 0.988803
4370 13.478096 13.478096 13.478096 0.988803 0.988803 0.988803
4380 13.478096 13.478096 13.478096 0.988803 0.988803 0.988803
4390 13.478096 13.478096 13.478096 0.988803 0.988803 0.988803
4400 13.478096 13.478096 13.478096 0.988803 0.988803 0.988803
4410 13.478096 13.478096 13.478096 0.988803 0.988803 0.988803
4420 13.478096 13.478096 13.478096 0.988803 0.988803 0.988803
4430 13.478096 13.478096 13.478096 0.988803 0.988803 0.988803
4440 13.478096 13.478096 13.478096 0.988803 0.988803 0.988803
4450 13.478096 13.478096 13.478096 0.988803 0.988803 0.988803
4460 13.478096 13.478096 13.478096 0.988803 0.988803 0.988803
4470 13.478096 13.478096 13.478096 0.988803 0.988803 0.988803
4480 13.478096 13.478096 13.478096 0.988803 0.988803 0.988803
4490 13.478096 13.478096 13.478096 0.988803 0.988803 0.988803
4500 13.478096 13.478096 13.478096 0.988803 0.988803 0.988803
4510 13.478096 13.478096 13.478096 0.988803 0.988803 0.988803
4520 13.478096 13.478096 13.478096 0.988803 0.988803 0.988803
4530 13.478096 13.478096 13.478096 0.988803 0.988803 0.988803
4540 13.478096 13.478096 13.478096 0.988803 0.988803 0.988803
4550 13.478096 13.478096 13.478096 0.988803 0.988803 0.988803
4560 13.478096 13.478096 13.478096 0.988803 0.988803 0.988803
4570 13.478096 13.478096 13.478096 0.988803 0.988803 0.988803
4580 13.478096 13.478096 13.478096 0.988803 0.988803 0.988803
4590 13.478096 13.478096 13.478096 0.988803 0.988803 0.988803
4600 13.478096 13.478096 13.478096 0.988803 0.988803 0.988803
4610 13.478096 13.478096 13.478096 0.988803 0.988803 0.988803
4620 13.478096 13.478096 13.478096 0.988803 0.988803 0.988803
4630 13.478096 13.478096 13.478096 0.988803 0.988803 0.988803
4640 13.478096 13.478096 13.478096 0.988803 0.988803 0.988803
4650 13.478096 13.478096 13.478096 0.988803 0.988803 0.988803
4660 13.478096 13.478096 13.478096 0.988803 0.988803 0.988803
4670 13.478096 13.478096 13.478096 0.988803 0.988803 0.988803
4680 13.478096 13.478096 13.478096 0.988803 0.988803 0.988803
4690 13.478096 13.478096 13.478096 0.988803 0.988803 0.988803
4700 13.478096 13.478096 13.478096 0.988803 0.988803 0.988803
4710 13.478096 13.478096 13.478096 0.988803 0.988803 0.988803
4720 13.478096 13.478096 13.478096 0.988803 0.988803 0.988803
4730 13.478096 13.478096 13.478096 0.988803 0.988803 0.988803
4740 13.478096 13.478096 13.478096 0.988803 0.988803 0.988803
4750 13.478096 13.478096 13.478096 0.988803 0.988803 0.988803
4760 13.478096 13.478096 13.478096 0.988803 0.988803 0.988803
4770 13.478096 13.478096 13.478096 0.988803 0.988803 0.988803
4780 13.478096 13.478096 13.478096 0.988803 0.988803 0.988803
4790 13.478096 13.478096 13.478096 0.988803 0.988803 0.988803
4800 13.478096 13.478096 13.478096 0.988803 0.988803 0.988803
4810 13.478096 13.478096 13.478096 0.988803 0.988803 0.988803
4820 13.478096 13.478096 13.478096 0.988803 0.988803 0.988803
4830 13.478096 13.478096 13.478096 0.988803 0.988803 0.988803
4840 13.478096 13.478096 13.478096 0.988803 0.988803 0.988803
4850 13.478096 13.478096 13.478096 0.988803 0.988803 0.988803
4860 13.478096 13.478096 13.478096 0.988803 0.988803 0.988803
4870 13.478096 13.478096 13.478096 0.988803 0.988803 0.988803
4880 13.478096 13.478096 13.478096 0.988803 0.988803 0.988803
4890 13.478096 13.478096 13.478096 0.988803 0.988803 0.988803
4900 13.478096 13.478096 13.478096 0.988803 0.988803 0.988803
4910 13.478096 13.478096 13.478096 0.988803 0.988803 0.988803
4920 13.478096 13.478096 13.478096 0.988803 0.988803 0.988803
4930 13.478096 13.478096 13.478096 0.988803 0.988803 0.988803
4940 13.478096 13.478096 13.478096 0.988803 0.988803 0.988803
4950 13.478096 13.478096 13.478096 0.988803 0.988803 0.988803
4960 13.478096 13.478096 13.478096 0.988803 0.988803 0.988803
4970 13.478096 13.478096 13.478096 0.988803 0.988803 0.988803
4980 13.478096 13.478096 13.478096 0.988803 0.988803 0.988803
4990 13.478096 13.478096 13.478096 0.988803 0.988803 0.988803
5000 13.478096 13.478096 13.478096 0.988803 0.988803 0.988803
5010 13.478096 13.478096 13.478096 0.988803 0.988803 0.988803
5020 13.478096 13.478096 13.478096 0.988803 0.988803 0.988803
5030 13.478096 13.478096 13.478096 0.988803 0.988803 0.988803
5040 13.478096 13.478096 13.478096 0.988803 0.988803 0.988803
5050 13.478096 13.478096 13.478096 0.988803 0.988803 0.988803
5060 13.478096 13.478096 13.478096 0.988803 0.988803 0.988803
5070 13.478096 13.478096 13.478096 0.988803 0.988803 0.988803
5080 13.478096 13.478096 13.478096 0.988803 0.988803 0.988803
5090 13.478096 13.478096 13.478096 0.988803 0.988803 0.988803
5100 13.478096 13.478096 13.478096 0.988803 0.988803 0.988803
5110 13.478096 13.478096 13.478096 0.988803 0.988803 0.988803
5120 13.478096 13.478096 13.478096 0.988803 0.988803 0.988803
5130 13.478096 13.478096 13.478096 0.988803 0.988803 0.988803
5140 13.478096 13.478096 13.478096 0.988803 0.988803 0.988803
5150 13.478096 13.478096 13.478096 0.988803 0.988803 0.988803
5160 13.478096 13.478096 13.478096 0.988803 0.988803 0.988803
5170 13.478096 13.478096 13.478096 0.988803 0.988803 0.988803
5180 13.478096 13.478096 13.478096 0.988803 0.988803 0.988803
5190 13.478096 13.478096 13.478096 0.988803 0.988803 0.988803
5200 13.478096 13.478096 13.478096 0.988803 0.988803 0.988803
5210 13.478096 13.478096 13.478096 0.988803 0.988803 0.988803
5220 13.478096 13.478096 13.478096 0.988803 0.988803 0.988803
5230 13.478096 13.478096 13.478096 0.988803 0.988803 0.988803
5240 13.478096 13.478096 13.478096 0.988803 0.988803 0.988803
5250 13.478096 13.478096 13.478096 0.988803 0.988803 0.988803
5260 13.478096 13.478096 13.478096 0.988803 0.988803 0.988803
5270 13.478096 13.478096 13.478096 0.988803 0.988803 0.988803
5280 13.478096 13.478096 13.478096 0.988803 0.988803 0.988803
5290 13.478096 13.478096 13.478096 0.988803 0.988803 0.988803
5300 13.478096 13.478096 13.478096 0.988803 0.988803 0.988803
5310 13.478096 13.478096 13.478096 0.988803 0.988803 0.988803
5320 13.478096 13.478096 13.478096 0.988803 0.988803 0.988803
5330 13.478096 13.478096 13.478096 0.988803 0.988803 0.988803
5340 13.478096 13.478096 13.478096 0.988803 0.988803 0.988803
5350 13.478096 13.478096 13.478096 0.988803 0.988803 0.988803
5360 13.478096 13.478096 13.478096 0.988803 0.988803 0.988803
5370 13.478096 13.478096 13.478096 0.988803 0.988803 0.988803
5380 13.478096 13.478096 13.478096 0.988803 0.988803 0.988803
5390 13.478096 13.478096 13.478096 0.988803 0.988803 0.988803
5400 13.478096 13.478096 13.478096 0.988803 0.988803 0.988803
5410 13.478096 13.478096 13.478096 0.988803 0.988803 0.988803
5420 13.478096 13.478096 13.478096 0.988803 0.988803 0.988803
5430 13.478096 13.478096 13.478096 0.988803 0.988803 0.988803
5440 13.478096 13.478096 13.478096 0.988803 0.988803 0.988803
5450 13.478096 13.478096 13.478096 0.988803 0.988803 0.988803
5460 13.478096 13.478096 13.478096 0.988803 0.988803 0.988803
5470 13.478096 13.478096 13.478096 0.988803 0.988803 0.988803
5480 13.478096 13.478096 13.478096 0.988803 0.988803 0.988803
5490 13.478096 13.478096 13.478096 0.988803 0.988803 0.988803
5500 13.478096 13.478096 13.478096 0.988803 0.988803 0.988803
5510 13.478096 13.478096 13.478096 0.988803 0.988803 0.988803
5520 13.478096 13.478096 13.478096 0.988803 0.988803 0.988803
5530 13.478096 13.478096 13.478096 0.988803 0.988803 0.988803
5540 13.478096 13.478096 13.478096 0.988803 0.988803 0.988803
5550 13.478096 13.478096 13.478096 0.988803 0.988803 0.988803
5560 13.478096 13.478096 13.478096 0.988803 0.988803 0.988803
5570 13.478096 13.478096 13.478096 0.988803 0.988803 0.988803
5580 13.478096 13.478096 13.478096 0.988803 0.988803 0.988803
5590 13.478096 13.478096 13.478096 0.988803 0.988803 0.988803
5600 13.478096 13.478096 13.478096 0.988803 0.988803 0.988803
5610 13.478096 13.478096 13.478096 0.988803 0.988803 0.988803
5620 13.478096 13.478096 13.478096 0.988803 0.988803 0.988803
5630 13.478096 13.478096 13.478096 0.988803 0.988803 0.988803
5640 13.478096 13.478096 13.478096 0.988803 0.988803 0.988803
5650 13.478096 13.478096 13.478096 0.988803 0.988803 0.988803
5660 13.478096 13.478096 13.478096 0.988803 0.988803 0.988803
5670 13.478096 13.478096 13.478096 0.988803 0.988803 0.988803
5680 13.478096 13.478096 13.478096 0.988803 0.988803 0.988803
5690 13.478096 13.478096 13.478096 0.988803 0.988803 0.988803
5700 13.478096 13.478096 13.478096 0.988803 0.988803 0.988803
5710 13.478096 13.478096 13.478096 0.988803 0.988803 0.988803
5720 13.478096 13.478096 13.478096 0.988803 0.988803 0.988803
5730 13.478096 13.478096 13.478096 0.988803 0.988803 0.988803
5740 13.478096 13.478096 13.478096 0.988803 0.988803 0.988803
5750 13.478096 13.478096 13.478096 0.988803 0.988803 0.988803
5760 13.478096 13.478096 13.478096 0.988803 0.988803 0.988803
5770 13.478096 13.478096 13.478096 0.988803 0.988803 0.988803
5780 13.478096 13.478096 13.478096 0.988803 0.988803 0.988803
5790 13.478096 13.478096 13.478096 0.988803 0.988803 0.988803
5800 13.478096 13.478096 13.478096 0.988803 0.988803 0.988803
5810 13.478096 13.478096 13.478096 0.988803 0.988803 0.988803
5820 13.478096 13.478096 13.478096 0.988803 0.988803 0.988803
5830 13.478096 13.478096 13.478096 0.988803 0.988803 0.988803
5840 13.478096 13.478096 13.478096 0.988803 0.988803 0.988803
5850 13.478096 13.478096 13.478096 0.988803 0.988803 0.988803
5860 13.478096 13.478096 13.478096 0.988803 0.988803 0.988803
5870 13.478096 13.478096 13.478096 0.988803 0.988803 0.988803
5880 13.478096 13.478096 13.478096 0.988803 0.988803 0.988803
5890 13.478096 13.478096 13.478096 0.988803 0.988803 0.988803
5900 13.478096 13.478096 13.478096 0.988803 0.988803 0.988803
5910 13.478096 13.478096 13.478096 0.988803 0.988803 0.988803
5920 13.478096 13.478096 13.478096 0.988803 0.988803 0.988803
5930 13.478096 13.478096 13.478096 0.988803 0.988803 0.988803
5940 13.478096 13.478096 13.478096 0.988803 0.988803 0.988803
5950 13.478096 13.478096 13.478096 0.988803 0.988803 0.988803
5960 13.478096 13.478096 13.478096 0.988803 0.988803 0.988803
5970 13.478096 13.478096 13.478096 0.988803 0.988803 0.988803
5980 13.478096 13.478096 13.478096 0.988803 0.988803 0.988803
5990 13.478096 13.478096 13.478096 0.988803 0.988803 0.988803
6000 13.478096 13.478096 13.478096 0.988803 0.988803 0.988803
6010 13.478096 13.478096 13.478096 0.988803 0.988803 0.988803
6020 13.478096 13.478096 13.478096 0.988803 0.988803 0.988803
6030 13.478096 13.478096 13.478096 0.988803 0.988803 0.988803
6040 13.478096 13.478096 13.478096 0.988803 0.988803 0.988803
6050 13.478096 13.478096 13.478096 0.988803 0.988803 0.988803
6060 13.478096 13.478096 13.478096 0.988803 0.988803 0.988803
6070 13.478096 13.478096 13.478096 0.988803 0.988803 0.988803
6080 13.478096 13.478096 13.478096 0.988803 0.988803 0.988803
6090 13.478096 13.478096 13.478096 0.988803 0.988803 0.988803
6100 13.478096 13.478096 13.478096 0.988803 0.988803 0.988803
6110 13.478096 13.478096 13.478096 0.988803 0.988803 0.988803
6120 13.478096 13.478096 13.478096 0.988803 0.988803 0.988803
6130 13.478096 13.478096 13.478096 0.988803 0.988803 0.988803
6140 13.478096 13.478096 13.478096 0.988803 0.988803 0.988803
6150 13.478096 13.478096 13.478096 0.988803 0.988803 0.988803
6160 13.478096 13.478096 13.478096 0.988803 0.988803 0.988803
6170 13.478096 13.478096 13.478096 0.988803 0.988803 0.988803
6180 13.478096 13.478096 13.478096 0.988803 0.988803 0.988803
6190 13.478096 13.478096 13.478096 0.988803 0.988803 0.988803
6200 13.478096 13.478096 13.478096 0.988803 0.988803 0.988803
6210 13.478096 13.478096 13.478096 0.988803 0.988803 0.988803
6220 13.478096 13.478096 13.478096 0.988803 0.988803 0.988803
6230 13.478096 13.478096 13.478096 0.988803 0.988803 0.988803
6240 13.478096 13.478096 13.478096 0.988803 0.988803 0.988803
6250 13.478096 13.478096 13.478096 0.988803 0.988803 0.988803
6260 13.478096 13.478096 13.478096 0.988803 0.988803 0.988803
6270 13.478096 13.478096 13.478096 0.988803 0.988803 0.988803
6280 13.478096 13.478096 13.478096 0.988803 0.988803 0.988803
6290 13.478096 13.478096 13.478096 0.988803 0.988803 0.988803
6300 13.478096 13.478096 13.478096 0.988803 0.988803 0.988803
6310 13.478096 13.478096 13.478096 0.988803 0.988803 0.988803
6320 13.478096 13.478096 13.478096 0.988803 0.988803 0.988803
6330 13.478096 13.478096 13.478096 0.988803 0.988803 0.988803
6340 13.478096 13.478096 13.478096 0.988803 0.988803 0.988803
6350 13.478096 13.478096 13.478096 0.988803 0.988803 0.988803
6360 13.478096 13.478096 13.478096 0.988803 0.988803 0.988803
6370 13.478096 13.478096 13.478096 0.988803 0.988803 0.988803
6380 13.478096 13.478096 13.478096 0.988803 0.988803 0.988803
6390 13.478096 13.478096 13.478096 0.988803 0.988803 0.988803
6400 13.478096 13.478096 13.478096 0.988803 0.988803 0.988803
6410 13.478096 13.478096 13.478096 0.988803 0.988803 0.988803
6420 13.478096 13.478096 13.478096 0.988803 0.988803 0.988803
6430 13.478096 13.478096 13.478096 0.988803 0.988803 0.988803
6440 13.478096 13.478096 13.478096 0.988803 0.988803 0.988803
6450 13.478096 13.478096 13.478096 0.988803 0.988803 0.988803
6460 13.478096 13.478096 13.478096 0.988803 0.988803 0.988803
6470 13.478096 13.478096 13.478096 0.988803 0.988803 0.988803
6480 13.478096 13.478096 13.478096 0.988803 0.988803 0.988803
6490 13.478096 13.478096 13.478096 0.988803 0.988803 0.988803
6500 13.478096 13.478096 13.478096 0.988803 0.988803 0.988803
6510 13.478096 13.478096 13.478096 0.988803 0.988803 0.988803
6520 13.478096 13.478096 13.478096 0.988803 0.988803 0.988803
6530 13.478096 13.478096 13.478096 0.988803 0.988803 0.988803
6540 13.478096 13.478096 13.478096 0.988803 0.988803 0.988803
6550 13.478096 13.478096 13.478096 0.988803 0.988803 0.988803
6560 13.478096 13.478096 13.478096 0.988803 0.988803 0.988803
6570 13.478096 13.478096 13.478096 0.988803 0.988803 0.988803
6580 13.478096 13.478096 13.478096 0.988803 0.988803 0.988803
6590 13.478096 13.478096 13.478096 0.988803 0.988803 0.988803
6600 13.478096 13.478096 13.478096 0.988803 0.988803 0.988803
6610 13.478096 13.478096 13.478096 0.988803 0.988803 0.988803
6620 13.478096 13.478096 13.478096 0.988803 0.988803 0.988803
6630 13.478096 13.478096 13.478096 0.988803 0.988803 0.988803
6640 13.478096 13.478096 13.478096 0.988803 0.988803 0.988803
6650 13.478096 13.478096 13.478096 0.988803 0.988803 0.988803
6660 13.478096 13.478096 13.478096 0.988803 0.988803 0.988803
6670 13.478096 13.478096 13.478096 0.988803 0.988803 0.988803
6680 13.478096 13.478096 13.478096 0.988803 0.988803 0.988803
6690 13.478096 13.478096 13.478096 0.988803 0.988803 0.988803
6700 13.478096 13.478096 13.478096 0.988803 0.988803 0.988803
6710 13.478096 13.478096 13.478096 0.988803 0.988803 0.988803
6720 13.478096 13.478096 13.478096 0.988803 0.988803 0.988803
6730 13.478096 13.478096 13.478096 0.988803 0.988803 0.988803
6740 13.478096 13.478096 13.478096 0.988803 0.988803 0.988803
6750 13.478096 13.478096 13.478096 0.988803 0.988803 0.988803
6760 13.478096 13.478096 13.478096 0.988803 0.988803 0.988803
6770 13.478096 13.478096 13.478096 0.988803 0.988803 0.988803
6780 13.478096 13.478096 13.478096 0.988803 0.988803 0.988803
6790 13.478096 13.478096 13.478096 0.988803 0.988803 0.988803
6800 13.478096 13.478096 13.478096 0.988803 0.988803 0.988803
6810 13.478096 13.478096 13.478096 0.988803 0.988803 0.988803
6820 13.478096 13.478096 13.478096 0.988803 0.988803 0.988803
6830 13.478096 13.478096 13.478096 0.988803 0.988803 0.988803
6840 13.478096 13.478096 13.478096 0.988803 0.988803 0.988803
6850 13.478096 13.478096 13.478096 0.988803 0.988803 0.988803
6860 13.478096 13.478096 13.478096 0.988803 0.988803 0.988803
6870 13.478096 13.478096 13.478096 0.988803 0.988803 0.988803
6880 13.478096 13.478096 13.478096 0.988803 0.988803 0.988803
6890 13.478096 13.478096 13.478096 0.988803 0.988803 0.988803
6900 13.478096 13.478096 13.478096 0.988803 0.988803 0.988803
6910 13.478096 13.478096 13.478096 0.988803 0.988803 0.988803
6920 13.478096 13.478096 13.478096 0.988803 0.988803 0.988803
6930 13.478096 13.478096 13.478096 0.988803 0.988803 0.988803
6940 13.478096 13.478096 13.478096 0.988803 0.988803 0.988803
6950 13.478096 13.478096 13.478096 0.988803 0.988803 0.988803
6960 13.478096 13.478096 13.478096 0.988803 0.988803 0.988803
6970 13.478096 13.478096 13.478096 0.988803 0.988803 0.988803
6980 13.478096 13.478096 13.478096 0.988803 0.988803 0.988803
6990 13.478096 13.478096 13.478096 0.988803 0.988803 0.988803
7000 13.478096 13.478096 13.478096 0.988803 0.988803 0.988803
7010 13.478096 13.478096 13.478096 0.988803 0.988803 0.988803
7020 13.478096 13.478096 13.478096 0.988803 0.988803 0.988803
7030 13.478096 13.478096 13.478096 0.988803 0.988803 0.988803
7040 13.478096 13.478096 13.478096 0.988803 0.988803 0.988803
7050 13.478096 13.478096 13.478096 0.988803 0.988803 0.988803
7060 13.478096 13.478096 13.478096 0.988803 0.988803 0.988803
7070 13.478096 13.478096 13.478096 0.988803 0.988803 0.988803
7080 13.478096 13.478096 13.478096 0.988803 0.988803 0.988803
7090 13.478096 13.478096 13.478096 0.988803 0.988803 0.988803
7100 13.478096 13.478096 13.478096 0.988803 0.988803 0.988803
7110 13.478096 13.478096 13.478096 0.988803 0.988803 0.988803
7120 13.478096 13.478096 13.478096 0.988803 0.988803 0.988803
7130 13.478096 13.478096 13.478096 0.988803 0.988803 0.988803
7140 13.478096 13.478096 13.478096 0.988803 0.988803 0.988803
7150 13.478096 13.478096 13.478096 0.988803 0.988803 0.988803
7160 13.478096 13.478096 13.478096 0.988803 0.988803 0.988803
7170 13.478096 13.478096 13.478096 0.988803 0.988803 0.988803
7180 13.478096 13.478096 13.478096 0.988803 0.988803 0.988803
7190 13.478096 13.478096 13.478096 0.988803 0.988803 0.988803
7200 13.478096 13.478096 13.478096 0.988803 0.988803 0.988803
7210 13.478096 13.478096 13.478096 0.988803 0.988803 0.988803
7220 13.478096 13.478096 13.478096 0.988803 0.988803 0.988803
7230 13.478096 13.478096 13.478096 0.988803 0.988803 0.988803
7240 13.478096 13.478096 13.478096 0.988803 0.988803 0.988803
7250 13.478096 13.478096 13.478096 0.988803 0.988803 0.988803
7260 13.478096 13.478096 13.478096 0.988803 0.988803 0.988803
7270 13.478096 13.478096 13.478096 0.988803 0.988803 0.988803
7280 13.478096 13.478096 13.478096 0.988803 0.988803 0.988803
7290 13.478096 13.478096 13.478096 0.988803 0.988803 0.988803
7300 13.478096 13.478096 13.478096 0.988803 0.988803 0.988803
7310 13.478096 13.478096 13.478096 0.988803 0.988803 0.988803
7320 13.478096 13.478096 13.478096 0.988803 0.988803 0.988803
7330 13.478096 13.478096 13.478096 0.988803 0.988803 0.988803
7340 13.478096 13.478096 13.478096 0.988803 0.988803 0.988803
7350 13.478096 13.478096 13.478096 0.988803 0.988803 0.988803
7360 13.478096 13.478096 13.478096 0.988803 0.988803 0.988803
7370 13.478096 13.478096 13.478096 0.988803 0.988803 0.988803
7380 13.478096 13.478096 13.478096 0.988803 0.988803 0.988803
7390 13.478096 13.478096 13.478096 0.988803 0.988803 0.988803
7400 13.478096 13.478096 13.478096 0.988803 0.988803 0.988803
7410 13.478096 13.478096 13.478096 0.988803 0.988803 0.988803
7420 13.478096 13.478096 13.478096 0.988803 0.988803 0.988803
7430 13.478096 13.478096 13.478096 0.988803 0.988803 0.988803
7440 13.478096 13.478096 13.478096 0.988803 0.988803 0.988803
7450 13.478096 13.478096 13.478096 0.988803 0.988803 0.988803
7460 13.478096 13.478096 13.478096 0.988803 0.988803 0.988803
7470 13.478096 13.478096 13.478096 0.988803 0.988803 0.988803
7480 13.478096 13.478096 13.478096 0.988803 0.988803 0.988803
7490 13.478096 13.478096 13.478096 0.988803 0.988803 0.988803
7500 13.478096 13.478096 13.478096 0.988803 0.988803 0.988803
7510 13.478096 13.478096 13.478096 0.988803 0.988803 0.988803
7520 13.478096 13.478096 13.478096 0.988803 0.988803 0.988803
7530 13.478096 13.478096 13.478096 0.988803 0.988803 0.988803
7540 13.478096 13.478096 13.478096 0.988803 0.988803 0.988803
7550 13.478096 13.478096 13.478096 0.988803 0.988803 0.988803
7560 13.478096 13.478096 13.478096 0.988803 0.988803 0.988803
7570 13.478096 13.478096 13.478096 0.988803 0.988803 0.988803
7580 13.478096 13.478096 13.478096 0.988803 0.988803 0.988803
7590 13.478096 13.478096 13.478096 0.988803 0.988803 0.988803
7600 13.478096 13.478096 13.478096 0.988803 0.988803 0.988803
7610 13.478096 13.478096 13.478096 0.988803 0.988803 0.988803
7620 13.478096 13.478096 13.478096 0.988803 0.988803 0.988803
7630 13.478096 13.478096 13.478096 0.988803 0.988803 0.988803
7640 13.478096 13.478096 13.478096 0.988803 0.988803 0.988803
7650 13.478096 13.478096 13.478096 0.988803 0.988803 0.988803
7660 13.478096 13.478096 13.478096 0.988803 0.988803 0.988803
7670 13.478096 13.478096 13.478096 0.988803 0.988803 0.988803
7680 13.478096 13.478096 13.478096 0.988803 0.988803 0.988803
7690 13.478096 13.478096 13.478096 0.988803 0.988803 0.988803
7700 13.478096 13.478096 13.478096 0.988803 0.988803 0.988803
7710 13.478096 13.478096 13.478096 0.988803 0.988803 0.988803
7720 13.478096 13.478096 13.478096 0.988803 0.988803 0.988803
7730 13.478096 13.478096 13.478096 0.988803 0.988803 0.988803
7740 13.478096 13.478096 13.478096 0.988803 0.988803 0.988803
7750 13.478096 13.478096 13.478096 0.988803 0.988803 0.988803
7760 13.478096 13.478096 13.478096 0.988803 0.988803 0.988803
7770 13.478096 13.478096 13.478096 0.988803 0.988803 0.988803
7780 13.478096 13.478096 13.478096 0.988803 0.988803 0.988803
7790 13.478096 13.478096 13.478096 0.988803 0.988803 0.988803
7800 13.478096 13.478096 13.478096 0.988803 0.988803 0.988803
7810 13.478096 13.478096 13.478096 0.988803 0.988803 0.988803
7820 13.478096 13.478096 13.478096 0.988803 0.988803 0.988803
7830 13.478096 13.478096 13.478096 0.988803 0.988803 0.988803
7840 13.478096 13.478096 13.478096 0.988803 0.988803 0.988803
7850 13.478096 13.478096 13.478096 0.988803 0.988803 0.988803
7860 13.478096 13.478096 13.478096 0.988803 0.988803 0.988803
7870 13.478096 13.478096 13.478096 0.988803 0.988803 0.988803
7880 13.478096 13.478096 13.478096 0.988803 0.988803 0.988803
7890 13.478096 13.478096 13.478096 0.988803 0.988803 0.988803
7900 13.478096 13.478096 13.478096 0.988803 0.988803 0.988803
7910 13.478096 13.478096 13.478096 0.988803 0.988803 0.988803
7920 13.478096 13.478096 13.478096 0.988803 0.988803 0.988803
7930 13.478096 13.478096 13.478096 0.988803 0.988803 0.988803
7940 13.478096 13.478096 13.478096 0.988803 0.988803 0.988803
7950 13.478096 13.478096 13.478096 0.988803 0.988803 0.988803
7960 13.478096 13.478096 13.478096 0.988803 0.988803 0.988803
7970 13.478096 13.478096 13.478096 0.988803 0.988803 0.988803
7980 13.478096 13.478096 13.478096 0.988803 0.988803 0.988803
7990 13.478096 13.478096 13.478096 0.988803 0.988803 0.988803
8000 13.478096 13.478096 13.478096 0.988803 0.988803 0.988803
8010 13.478096 13.478096 13.478096 0.988803 0.988803 0.988803
8020 13.478096 13.478096 13.478096 0.988803 0.988803 0.988803
8030 13.478096 13.478096 13.478096 0.988803 0.988803 0.988803
8040 13.478096 13.478096 13.478096 0.988803 0.988803 0.988803
8050 13.478096 13.478096 13.478096 0.988803 0.988803 0.988803
8060 13.478096 13.478096 13.478096 0.988803 0.988803 0.988803
8070 13.478096 13.478096 13.478096 0.988803 0.988803 0.988803
8080 13.478096 13.478096 13.478096 0.988803 0.988803 0.988803
8090 13.478096 13.478096 13.478096 0.988803 0.988803 0.988803
8100 13.478096 13.478096 13.478096 0.988803 0.988803 0.988803
8110 13.478096 13.478096 13.478096 0.988803 0.988803 0.988803
8120 13.478096 13.478096 13.478096 0.988803 0.988803 0.988803
8130 13.478096 13.478096 13.478096 0.988803 0.988803 0.988803
8140 13.478096 13.478096 13.478096 0.988803 0.988803 0.988803
8150 13.478096 13.478096 13.478096 0.988803 0.988803 0.988803
8160 13.478096 13.478096 13.478096 0.988803 0.988803 0.988803
8170 13.478096 13.478096 13.478096 0.988803 0.988803 0.988803
8180 13.478096 13.478096 13.478096 0.988803 0.988803 0.988803
8190 13.478096 13.478096 13.478096 0.988803 0.988803 0.988803
8200 13.478096 13.478096 13.478096 0.988803 0.988803 0.988803
8210 13.478096 13.478096 13.478096 0.988803 0.988803 0.988803
8220 13.478096 13.478096 13.478096 0.988803 0.988803 0.988803
8230 13.478096 13.478096 13.478096 0.988803 0.988803 0.988803
8240 13.478096 13.478096 13.478096 0.988803 0.988803 0.988803
8250 13.478096 13.478096 13.478096 0.988803 0.988803 0.988803
8260 13.478096 13.478096 13.478096 0.988803 0.988803 0.988803
8270 13.478096 13.478096 13.478096 0.988803 0.988803 0.988803
8280 13.478096 13.478096 13.478096 0.988803 0.988803 0.988803
8290 13.478096 13.478096 13.478096 0.988803 0.988803 0.988803
8300 13.478096 13.478096 13.478096 0.988803 0.988803 0.988803
8310 13.478096 13.478096 13.478096 0.988803 0.988803 0.988803
8320 13.478096 13.478096 13.478096 0.988803 0.988803 0.988803
8330 13.478096 13.478096 13.478096 0.988803 0.988803 0.988803
8340 13.478096 13.478096 13.478096 0.988803 0.988803 0.988803
8350 13.478096 13.478096 13.478096 0.988803 0.988803 0.988803
8360 13.478096 13.478096 13.478096 0.988803 0.988803 0.988803
8370 13.478096 13.478096 13.478096 0.988803 0.988803 0.988803
8380 13.478096 13.478096 13.478096 0.988803 0.988803 0.988803
8390 13.478096 13.478096 13.478096 0.988803 0.988803 0.988803
8400 13.478096 13.478096 13.478096 0.988803 0.988803 0.988803
8410 13.478096 13.478096 13.478096 0.988803 0.988803 0.988803
8420 13.478096 13.478096 13.478096 0.988803 0.988803 0.988803
8430 13.478096 13.478096 13.478096 0.988803 0.988803 0.988803
8440 13.478096 13.478096 13.478096 0.988803 0.988803 0.988803
8450 13.478096 13.478096 13.478096 0.988803 0.988803 0.988803
8460 13.478096 13.478096 13.478096 0.988803 0.988803 0.988803
8470 13.478096 13.478096 13.478096 0.988803 0.988803 0.988803
8480 13.478096 13.478096 13.478096 0.988803 0.988803 0.988803
8490 13.478096 13.478096 13.478096 0.988803 0.988803 0.988803
8500 13.478096 13.478096 13.478096 0.988803 0.988803 0.988803
8510 13.478096 13.478096 13.478096 0.988803 0.988803 0.988803
8520 13.478096 13.478096 13.478096 0.988803 0.988803 0.988803
8530 13.478096 13.478096 13.478096 0.988803 0.988803 0.988803
8540 13.478096 13.478096 13.478096 0.988803 0.988803 0.988803
8550 13.478096 13.478096 13.478096 0.988803 0.988803 0.988803
8560 13.478096 13.478096 13.478096 0.988803 0.988803 0.988803
8570 13.478096 13.478096 13.478096 0.988803 0.988803 0.988803
8580 13.478096 13.478096 13.478096 0.988803 0.988803 0.988803
8590 13.478096 13.478096 13.478096 0.988803 0.988803 0.988803
8600 13.478096 13.478096 13.478096 0.988803 0.988803 0.988803
8610 13.478096 13.478096 13.478096 0.988803 0.988803 0.988803
8620 13.478096 13.478096 13.478096 0.988803 0.988803 0.988803
8630 13.478096 13.478096 13.478096 0.988803 0.988803 0.988803
8640 13.478096 13.478096 13.478096 0.988803 0.988803 0.988803
8650 13.478096 13.478096 13.478096 0.988803 0.988803 0.988803
8660 13.478096 13.478096 13.478096 0.988803 0.988803 0.988803
8670 13.478096 13.478096 13.478096 0.988803 0.988803 0.988803
8680 13.478096 13.478096 13.478096 0.988803 0.988803 0.988803
8690 13.478096 13.478096 13.478096 0.988803 0.988803 0.988803
8700 13.478096 13.478096 13.478096 0.988803 0.988803 0.988803
8710 13.478096 13.478096 13.478096 0.988803 0.988803 0.988803
8720 13.478096 13.478096 13.478096 0.988803 0.988803 0.988803
8730 13.478096 13.478096 13.478096 0.988803 0.988803 0.988803
8740 13.478096 13.478096 13.478096 0.988803 0.988803 0.988803
8750 13.478096 13.478096 13.478096 0.988803 0.988803 0.988803
8760 13.478096 13.478096 13.478096 0.988803 0.988803 0.988803
8770 13.478096 13.478096 13.478096 0.988803 0.988803 0.988803
8780 13.478096 13.478096 13.478096 0.988803 0.988803 0.988803
8790 13.478096 13.478096 13.478096 0.988803 0.988803 0.988803
8800 13.478096 13.478096 13.478096 0.988803 0.988803 0.988803
8810 13.478096 13.478096 13.478096 0.988803 0.988803 0.988803
8820 13.478096 13.478096 13.478096 0.988803 0.988803 0.988803
8830 13.478096 13.478096 13.478096 0.988803 0.988803 0.988803
8840 13.478096 13.478096 13.478096 0.988803 0.988803 0.988803
8850 13.478096 13.478096 13.478096 0.988803 0.988803 0.988803
8860 13.478096 13.478096 13.478096 0.988803 0.988803 0.988803
8870 13.478096 13.478096 13.478096 0.988803 0.988803 0.988803
8880 13.478096 13.478096 13.478096 0.988803 0.988803 0.988803
8890 13.478096 13.478096 13.478096 0.988803 0.988803 0.988803
8900 13.478096 13.478096 13.478096 0.988803 0.988803 0.988803
8910 13.478096 13.478096 13.478096 0.988803 0.988803 0.988803
8920 13.478096 13.478096 13.478096 0.988803 0.988803 0.988803
8930 13.478096 13.478096 13.478096 0.988803 0.988803 0.988803
8940 13.478096 13.478096 13.478096 0.988803 0.988803 0.988803
8950 13.478096 13.478096 13.478096 0.988803 0.988803 0.988803
8960 13.478096 13.478096 13.478096 0.988803 0.988803 0.988803
8970 13.478096 13.478096 13.478096 0.988803 0.988803 0.988803
8980 13.478096 13.478096 13.478096 0.988803 0.988803 0.988803
8990 13.478096 13.478096 13.478096 0.988803 0.988803 0.988803
9000 13.478096 13.478096 13.478096 0.988803 0.988803 0.988803
9010 13.478096 13.478096 13.478096 0.988803 0.988803 0.988803
9020 13.478096 13.478096 13.478096 0.988803 0.988803 0.988803
9030 13.478096 13.478096 13.478096 0.988803 0.988803 0.988803
9040 13.478096 13.478096 13.478096 0.988803 0.988803 0.988803
9050 13.478096 13.478096 13.478096 0.988803 0.988803 0.988803
9060 13.478096 13.478096 13.478096 0.988803 0.988803 0.988803
9070 13.478096 13.478096 13.478096 0.988803 0.988803 0.988803
9080 13.478096 13.478096 13.478096 0.988803 0.988803 0.988803
9090 13.478096 13.478096 13.478096 0.988803 0.988803 0.988803
9100 13.478096 13.478096 13.478096 0.988803 0.988803 0.988803
9110 13.478096 13.478096 13.478096 0.988803 0.988803 0.988803
9120 13.478096 13.478096 13.478096 0.988803 0.988803 0.988803
9130 13.478096 13.478096 13.478096 0.988803 0.988803 0.988803
9140 13.478096 13.478096 13.478096 0.988803 0.988803 0.988803
9150 13.478096 13.478096 13.478096 0.988803 0.988803 0.988803
9160 13.478096 13.478096 13.478096 0.988803 0.988803 0.988803
9170 13.478096 13.478096 13.478096 0.988803 0.988803 0.988803
9180 13.478096 13.478096 13.478096 0.988803 0.988803 0.988803
9190 13.478096 13.478096 13.478096 0.988803 0.988803 0.988803
9200 13.478096 13.478096 13.478096 0.988803 0.988803 0.988803
9210 13.478096 13.478096 13.478096 0.988803 0.988803 0.988803
9220 13.478096 13.478096 13.478096 0.988803 0.988803 0.988803
9230 13.478096 13.478096 13.478096 0.988803 0.988803 0.988803
9240 13.478096 13.478096 13.478096 0.988803 0.988803 0.988803
9250 13.478096 13.478096 13.478096 0.988803 0.988803 0.988803
9260 13.478096 13.478096 13.478096 0.988803 0.988803 0.988803
9270 13.478096 13.478096 13.478096 0.988803 0.988803 0.988803
9280 13.478096 13.478096 13.478096 0.988803 0.988803 0.988803
9290 13.478096 13.478096 13.478096 0.988803 0.988803 0.988803
9300 13.478096 13.478096 13.478096 0.988803 0.988803 0.988803
9310 13.478096 13.478096 13.478096 0.988803 0.988803 0.988803
9320 13.478096 13.478096 13.478096 0.988803 0.988803 0.988803
9330 13.478096 13.478096 13.478096 0.988803 0.988803 0.988803
9340 13.478096 13.478096 13.478096 0.988803 0.988803 0.988803
9350 13.478096 13.478096 13.478096 0.988803 0.988803 0.988803
9360 13.478096 13.478096 13.478096 0.988803 0.988803 0.988803
9370 13.478096 13.478096 13.478096 0.988803 0.988803 0.988803
9380 13.478096 13.478096 13.478096 0.988803 0.988803 0.988803
9390 13.478096 13.478096 13.478096 0.988803 0.988803 0.988803
9400 13.478096 13.478096 13.478096 0.988803 0.988803 0.988803
9410 13.478096 13.478096 13.478096 0.988803 0.988803 0.988803
9420 13.478096 13.478096 13.478096 0.988803 0.988803 0.988803
9430 13.478096 13.478096 13.478096 0.988803 0.988803 0.988803
9440 13.478096 13.478096 13.478096 0.988803 0.988803 0.988803
9450 13.478096 13.478096 13.478096 0.988803 0.988803 0.988803
9460 13.478096 13.478096 13.478096 0.988803 0.988803 0.988803
9470 13.478096 13.478096 13.478096 0.988803 0.988803 0.988803
9480 13.478096 13.478096 13.478096 0.988803 0.988803 0.988803
9490 13.478096 13.478096 13.478096 0.988803 0.988803 0.988803
9500 13.478096 13.478096 13.478096 0.988803 0.988803 0.988803
9510 13.478096 13.478096 13.478096 0.988803 0.988803 0.988803
9520 13.478096 13.478096 13.478096 0.988803 0.988803 0.988803
9530 13.478096 13.478096 13.478096 0.988803 0.988803 0.988803
9540 13.478096 13.478096 13.478096 0.988803 0.988803 0.988803
9550 13.478096 13.478096 13.478096 0.988803 0.988803 0.988803
9560 13.478096 13.478096 13.478096 0.988803 0.988803 0.988803
9570 13.478096 13.478096 13.478096 0.988803 0.988803 0.988803
9580 13.478096 13.478096 13.478096 0.988803 0.988803 0.988803
9590 13.478096 13.478096 13.478096 0.988803 0.988803 0.988803
9600 13.478096 13.478096 13.478096 0.988803 0.988803 0.988803
9610 13.478096 13.478096 13.478096 0.988803 0.988803 0.988803
9620 13.478096 13.478096 13.478096 0.988803 0.988803 0.988803
9630 13.478096 13.478096 13.478096 0.988803 0.988803 0.988803
9640 13.478096 13.478096 13.478096 0.988803 0.988803 0.988803
9650 13.478096 13.478096 13.478096 0.988803 0.988803 0.988803
9660 13.478096 13.478096 13.478096 0.988803 0.988803 0.988803
9670 13.478096 13.478096 13.478096 0.988803 0.988803 0.988803
9680 13.478096 13.478096 13.478096 0.988803 0.988803 0.988803
9690 13.478096 13.478096 13.478096 0.988803 0.988803 0.988803
9700 13.478096 13.478096 13.478096 0.988803 0.988803 0.988803
9710 13.478096 13.478096 13.478096 0.988803 0.988803 0.988803
9720 13.478096 13.478096 13.478096 0.988803 0.988803 0.988803
9730 13.478096 13.478096 13.478096 0.988803 0.988803 0.988803
9740 13.478096 13.478096 13.478096 0.988803 0.988803 0.988803
9750 13.478096 13.478096 13.478096 0.988803 0.988803 0.988803
9760 13.478096 13.478096 13.478096 0.988803 0.988803 0.988803
9770 13.478096 13.478096 13.478096 0.988803 0.988803 0.988803
9780 13.478096 13.478096 13.478096 0.988803 0.988803 0.988803
9790 13.478096 13.478096 13.478096 0.988803 0.988803 0.988803
9800 13.478096 13.478096 13.478096 0.988803 0.988803 0.988803
9810 13.478096 13.478096 13.478096 0.988803 0.988803 0.988803
9820 13.478096 13.478096 13.478096 0.988803 0.988803 0.988803
9830 13.478096 13.478096 13.478096 0.988803 0.988803 0.988803
9840 13.478096 13.478096 13.478096 0.988803 0.988803 0.988803
9850 13.478096 13.478096 13.478096 0.988803 0.988803 0.988803
9860 13.478096 13.478096 13.478096 0.988803 0.988803 0.988803
9870 13.478096 13.478096 13.478096 0.988803 0.988803 0.988803
9880 13.478096 13.478096 13.478096 0.988803 0.988803 0.988803
9890 13.478096 13.478096 13.478096 0.988803 0.988803 0.988803
9900 13.478096 13.478096 13.478096 0.988803 0.988803 0.988803
9910 13.478096 13.478096 13.478096 0.988803 0.988803 0.988803
9920 13.478096 13.478096 13.478096 0.988803 0.988803 0.988803
9930 13.478096 13.478096 13.478096 0.988803 0.988803 0.988803
9940 13.478096 13.478096 13.478096 0.988803 0.988803 0.988803
9950 13.478096 13.478096 13.478096 0.988803 0.988803 0.988803
9960 13.478096 13.478096 13.478096 0.988803 0.988803 0.988803
9970 13.478096 13.478096 13.478096 0.988803 0.988803 0.988803
9980 13.478096 13.478096 13.478096 0.988803 0.988803 0.988803
9990 13.478096 13.478096 13.478096 0.988803 0.988803 0.988803
10000 13.478096 13.478096 13.478096 0.988803 0.988803 0.988803
