# generation power_min power_avg power_max util_min util_avg util_max
1 44.179452 44.179452 44.179452 1.469834 1.489654 1.499768
10 45.618965 45.618965 45.618965 1.264200 1.480005 1.499768
20 45.618965 45.618965 45.618965 1.220109 1.470078 1.499057
30 45.618965 45.618965 45.618965 1.220109 1.459083 1.499057
40 45.618965 45.618965 45.618965 1.220109 1.449475 1.499057
50 46.793264 46.793264 46.793264 1.072928 1.432166 1.499057
60 46.793264 46.793264 46.793264 1.072928 1.414370 1.497941
70 46.806751 46.806751 46.806751 1.033787 1.394316 1.497941
80 46.806751 46.806751 46.806751 1.033787 1.375249 1.497941
90 46.806751 46.806751 46.806751 1.033787 1.355047 1.495079
100 46.806751 46.806751 46.806751 1.033787 1.329259 1.488693
110 47.134076 47.134076 47.134076 1.024813 1.296776 1.462770
120 47.134076 47.134076 47.134076 1.024813 1.270007 1.443347
130 47.134076 47.134076 47.134076 1.008975 1.240527 1.424867
140 47.330908 47.167712 47.330908 0.991502 1.209898 1.398788
150 47.538133 47.216938 47.538133 0.983542 1.180281 1.341308
160 47.538133 47.215845 47.538133 0.983542 1.155134 1.312142
170 47.538133 47.154762 47.538133 0.983542 1.132766 1.275024
180 47.538133 47.206392 47.538133 0.979975 1.110585 1.232616
190 48.037517 47.297402 48.037517 0.945318 1.089939 1.213194
200 48.037517 47.273099 48.037517 0.945318 1.074426 1.182102
210 48.037517 47.238407 48.037517 0.945318 1.057444 1.165708
220 48.037517 47.215178 48.037517 0.945318 1.040413 1.146888
230 48.037517 47.164863 48.037517 0.945318 1.028098 1.116444
240 48.037517 47.122407 48.037517 0.945318 1.017474 1.102977
250 48.037517 47.099746 48.037517 0.945318 1.008475 1.091314
260 48.037517 47.067316 48.037517 0.945318 0.999785 1.063561
270 48.037517 47.043696 48.037517 0.945318 0.995167 1.032932
280 46.630952 47.003177 47.855158 0.949558 0.993900 1.008975
290 46.630952 46.928519 47.386492 0.951474 0.995038 1.004241
300 47.156096 46.873813 47.156096 0.980988 0.996104 1.004241
310 47.004517 46.840108 47.004517 0.980988 0.996078 1.002965
320 46.985085 46.804004 46.985085 0.980988 0.996835 1.002965
330 46.948831 46.774847 46.948831 0.980988 0.997246 1.003710
340 46.900130 46.759565 46.900130 0.989242 0.997347 1.003710
350 46.882082 46.726043 46.882082 0.989242 0.997739 1.003710
360 46.837847 46.705364 46.837847 0.990603 0.997927 1.003710
370 46.816263 46.679523 46.816263 0.990603 0.998116 1.003710
380 46.790995 46.652108 46.790995 0.990603 0.998185 1.003710
390 46.767505 46.619418 46.767505 0.990603 0.998523 1.003710
400 46.744090 46.587836 46.744090 0.990603 0.998867 1.003710
410 46.706157 46.566171 46.706157 0.990603 0.999032 1.003710
420 46.685310 46.548816 46.685310 0.991218 0.999111 1.003710
430 46.651107 46.521034 46.651107 0.993045 0.999415 1.003710
440 46.630952 46.502230 46.630952 0.995447 0.999610 1.003710
450 46.565264 46.490526 46.565264 0.995447 0.999572 1.001133
460 46.538643 46.483290 46.538643 0.997353 0.999648 1.001133
470 46.498326 46.478004 46.498326 0.997353 0.999748 1.001133
480 46.489973 46.475184 46.489973 0.997353 0.999785 1.001133
490 46.489973 46.475085 46.489973 0.997353 0.999608 1.001133
500 46.476668 46.473898 46.476668 0.998818 0.999556 1.000663
510 46.476668 46.473211 46.476668 0.998818 0.999576 1.000663
520 46.369104 46.469932 46.476668 0.998818 0.999601 1.000663
530 46.369104 46.469411 46.476668 0.998818 0.999549 1.000663
540 46.369104 46.465573 46.475164 0.998818 0.999588 1.000663
550 46.369104 46.463451 46.475164 0.998818 0.999690 1.000663
560 46.369104 46.462288 46.475164 0.998818 0.999818 1.000663
570 46.369104 46.456078 46.475164 0.998818 0.999938 1.000663
580 46.369104 46.451038 46.469024 0.999318 1.000001 1.000663
590 46.369104 46.446358 46.469024 0.999318 0.999952 1.000663
600 46.369104 46.438994 46.469024 0.999318 0.999962 1.000663
610 46.369104 46.427914 46.469024 0.999318 0.999976 1.000663
620 46.369104 46.415138 46.469024 0.999318 0.999985 1.000663
630 46.369104 46.400657 46.469024 0.999318 0.999986 1.000663
640 46.369104 46.386176 46.469024 0.999318 0.999986 1.000663
650 46.369104 46.374436 46.442467 0.999318 0.999971 1.000663
660 46.369104 46.370605 46.434847 0.999318 0.999947 1.000410
670 46.369104 46.369684 46.416088 0.999318 0.999919 1.000410
680 46.369104 46.369134 46.372047 0.999849 0.999878 1.000410
690 46.369104 46.369104 46.369104 0.999849 0.999849 0.999849
700 46.369104 46.369104 46.369104 0.999849 0.999849 0.999849
710 46.369104 46.369104 46.369104 0.999849 0.999849 0.999849
720 46.369104 46.369104 46.369104 0.999849 0.999849 0.999849
730 46.369104 46.369104 46.369104 0.999849 0.999849 0.999849
740 46.369104 46.369104 46.369104 0.999849 0.999849 0.999849
750 46.369104 46.369104 46.369104 0.999849 0.999849 0.999849
760 46.369104 46.369104 46.369104 0.999849 0.999849 0.999849
770 46.369104 46.369104 46.369104 0.999849 0.999849 0.999849
780 46.369104 46.369104 46.369104 0.999849 0.999849 0.999849
790 46.369104 46.369104 46.369104 0.999849 0.999849 0.999849
800 46.369104 46.369104 46.369104 0.999849 0.999849 0.999849
810 46.369104 46.369104 46.369104 0.999849 0.999849 0.999849
820 46.369104 46.369104 46.369104 0.999849 0.999849 0.999849
830 46.369104 46.369104 46.369104 0.999849 0.999849 0.999849
840 46.369104 46.369104 46.369104 0.999849 0.999849 0.999849
850 46.369104 46.369104 46.369104 0.999849 0.999849 0.999849
860 46.369104 46.369104 46.369104 0.999849 0.999849 0.999849
870 46.369104 46.369104 46.369104 0.999849 0.999849 0.999849
880 46.369104 46.369104 46.369104 0.999849 0.999849 0.999849
890 46.369104 46.369104 46.369104 0.999849 0.999849 0.999849
900 46.369104 46.369104 46.369104 0.999849 0.999849 0.999849
910 46.369104 46.369104 46.369104 0.999849 0.999849 0.999849
920 46.369104 46.369104 46.369104 0.999849 0.999849 0.999849
930 46.369104 46.369104 46.369104 0.999849 0.999849 0.999849
940 46.369104 46.369104 46.369104 0.999849 0.999849 0.999849
950 46.369104 46.369104 46.369104 0.999849 0.999849 0.999849
960 46.369104 46.369104 46.369104 0.999849 0.999849 0.999849
970 46.369104 46.369104 46.369104 0.999849 0.999849 0.999849
980 46.369104 46.369104 46.369104 0.999849 0.999849 0.999849
990 46.369104 46.369104 46.369104 0.999849 0.999849 0.999849
1000 46.369104 46.369104 46.369104 0.999849 0.999849 0.999849
1010 46.369104 46.369104 46.369104 0.999849 0.999849 0.999849
1020 46.369104 46.369104 46.369104 0.999849 0.999849 0.999849
1030 46.369104 46.369104 46.369104 0.999849 0.999849 0.999849
1040 46.369104 46.369104 46.369104 0.999849 0.999849 0.999849
1050 46.369104 46.369104 46.369104 0.999849 0.999849 0.999849
1060 46.369104 46.369104 46.369104 0.999849 0.999849 0.999849
1070 46.369104 46.369104 46.369104 0.999849 0.999849 0.999849
1080 46.369104 46.369104 46.369104 0.999849 0.999849 0.999849
1090 46.369104 46.369104 46.369104 0.999849 0.999849 0.999849
1100 46.369104 46.369104 46.369104 0.999849 0.999849 0.999849
1110 46.369104 46.369104 46.369104 0.999849 0.999849 0.999849
1120 46.369104 46.369104 46.369104 0.999849 0.999849 0.999849
1130 46.369104 46.369104 46.369104 0.999849 0.999849 0.999849
1140 46.369104 46.369104 46.369104 0.999849 0.999849 0.999849
1150 46.369104 46.369104 46.369104 0.999849 0.999849 0.999849
1160 46.369104 46.369104 46.369104 0.999849 0.999849 0.999849
1170 46.369104 46.369104 46.369104 0.999849 0.999849 0.999849
1180 46.369104 46.369104 46.369104 0.999849 0.999849 0.999849
1190 46.369104 46.369104 46.369104 0.999849 0.999849 0.999849
1200 46.369104 46.369104 46.369104 0.999849 0.999849 0.999849
1210 46.369104 46.369104 46.369104 0.999849 0.999849 0.999849
1220 46.369104 46.369104 46.369104 0.999849 0.999849 0.999849
1230 46.369104 46.369104 46.369104 0.999849 0.999849 0.999849
1240 46.369104 46.369104 46.369104 0.999849 0.999849 0.999849
1250 46.369104 46.369104 46.369104 0.999849 0.999849 0.999849
1260 46.369104 46.369104 46.369104 0.999849 0.999849 0.999849
1270 46.369104 46.369104 46.369104 0.999849 0.999849 0.999849
1280 46.369104 46.369104 46.369104 0.999849 0.999849 0.999849
1290 46.369104 46.369104 46.369104 0.999849 0.999849 0.999849
1300 46.369104 46.369104 46.369104 0.999849 0.999849 0.999849
1310 46.369104 46.369104 46.369104 0.999849 0.999849 0.999849
1320 46.369104 46.369104 46.369104 0.999849 0.999849 0.999849
1330 46.369104 46.369104 46.369104 0.999849 0.999849 0.999849
1340 46.369104 46.369104 46.369104 0.999849 0.999849 0.999849
1350 46.369104 46.369104 46.369104 0.999849 0.999849 0.999849
1360 46.369104 46.369104 46.369104 0.999849 0.999849 0.999849
1370 46.369104 46.369104 46.369104 0.999849 0.999849 0.999849
1380 46.369104 46.369104 46.369104 0.999849 0.999849 0.999849
1390 46.369104 46.369104 46.369104 0.999849 0.999849 0.999849
1400 46.369104 46.369104 46.369104 0.999849 0.999849 0.999849
1410 46.369104 46.369104 46.369104 0.999849 0.999849 0.999849
1420 46.369104 46.369104 46.369104 0.999849 0.999849 0.999849
1430 46.369104 46.369104 46.369104 0.999849 0.999849 0.999849
1440 46.369104 46.369104 46.369104 0.999849 0.999849 0.999849
1450 46.369104 46.369104 46.369104 0.999849 0.999849 0.999849
1460 46.369104 46.369104 46.369104 0.999849 0.999849 0.999849
1470 46.369104 46.369104 46.369104 0.999849 0.999849 0.999849
1480 46.369104 46.369104 46.369104 0.999849 0.999849 0.999849
1490 46.369104 46.369104 46.369104 0.999849 0.999849 0.999849
1500 46.369104 46.369104 46.369104 0.999849 0.999849 0.999849
1510 46.369104 46.369104 46.369104 0.999849 0.999849 0.999849
1520 46.369104 46.369104 46.369104 0.999849 0.999849 0.999849
1530 46.369104 46.369104 46.369104 0.999849 0.999849 0.999849
1540 46.369104 46.369104 46.369104 0.999849 0.999849 0.999849
1550 46.369104 46.369104 46.369104 0.999849 0.999849 0.999849
1560 46.369104 46.369104 46.369104 0.999849 0.999849 0.999849
1570 46.369104 46.369104 46.369104 0.999849 0.999849 0.999849
1580 46.369104 46.369104 46.369104 0.999849 0.999849 0.999849
1590 46.369104 46.369104 46.369104 0.999849 0.999849 0.999849
1600 46.369104 46.369104 46.369104 0.999849 0.999849 0.999849
1610 46.369104 46.369104 46.369104 0.999849 0.999849 0.999849
1620 46.369104 46.369104 46.369104 0.999849 0.999849 0.999849
1630 46.369104 46.369104 46.369104 0.999849 0.999849 0.999849
1640 46.369104 46.369104 46.369104 0.999849 0.999849 0.999849
1650 46.369104 46.369104 46.369104 0.999849 0.999849 0.999849
1660 46.369104 46.369104 46.369104 0.999849 0.999849 0.999849
1670 46.369104 46.369104 46.369104 0.999849 0.999849 0.999849
1680 46.369104 46.369104 46.369104 0.999849 0.999849 0.999849
1690 46.369104 46.369104 46.369104 0.999849 0.999849 0.999849
1700 46.369104 46.369104 46.369104 0.999849 0.999849 0.999849
1710 46.369104 46.369104 46.369104 0.999849 0.999849 0.999849
1720 46.369104 46.369104 46.369104 0.999849 0.999849 0.999849
1730 46.369104 46.369104 46.369104 0.999849 0.999849 0.999849
1740 46.369104 46.369104 46.369104 0.999849 0.999849 0.999849
1750 46.369104 46.369104 46.369104 0.999849 0.999849 0.999849
1760 46.369104 46.369104 46.369104 0.999849 0.999849 0.999849
1770 46.369104 46.369104 46.369104 0.999849 0.999849 0.999849
1780 46.369104 46.369104 46.369104 0.999849 0.999849 0.999849
1790 46.369104 46.369104 46.369104 0.999849 0.999849 0.999849
1800 46.369104 46.369104 46.369104 0.999849 0.999849 0.999849
1810 46.369104 46.369104 46.369104 0.999849 0.999849 0.999849
1820 46.369104 46.369104 46.369104 0.999849 0.999849 0.999849
1830 46.369104 46.369104 46.369104 0.999849 0.999849 0.999849
1840 46.369104 46.369104 46.369104 0.999849 0.999849 0.999849
1850 46.369104 46.369104 46.369104 0.999849 0.999849 0.999849
1860 46.369104 46.369104 46.369104 0.999849 0.999849 0.999849
1870 46.369104 46.369104 46.369104 0.999849 0.999849 0.999849
1880 46.369104 46.369104 46.369104 0.999849 0.999849 0.999849
1890 46.369104 46.369104 46.369104 0.999849 0.999849 0.999849
1900 46.369104 46.369104 46.369104 0.999849 0.999849 0.999849
1910 46.369104 46.369104 46.369104 0.999849 0.999849 0.999849
1920 46.369104 46.369104 46.369104 0.999849 0.999849 0.999849
1930 46.369104 46.369104 46.369104 0.999849 0.999849 0.999849
1940 46.369104 46.369104 46.369104 0.999849 0.999849 0.999849
1950 46.369104 46.369104 46.369104 0.999849 0.999849 0.999849
1960 46.369104 46.369104 46.369104 0.999849 0.999849 0.999849
1970 46.369104 46.369104 46.369104 0.999849 0.999849 0.999849
1980 46.369104 46.369104 46.369104 0.999849 0.999849 0.999849
1990 46.369104 46.369104 46.369104 0.999849 0.999849 0.999849
2000 46.369104 46.369104 46.369104 0.999849 0.999849 0.999849
2010 46.369104 46.369104 46.369104 0.999849 0.999849 0.999849
2020 46.369104 46.369104 46.369104 0.999849 0.999849 0.999849
2030 46.369104 46.369104 46.369104 0.999849 0.999849 0.999849
2040 46.369104 46.369104 46.369104 0.999849 0.999849 0.999849
2050 46.369104 46.369104 46.369104 0.999849 0.999849 0.999849
2060 46.369104 46.369104 46.369104 0.999849 0.999849 0.999849
2070 46.369104 46.369104 46.369104 0.999849 0.999849 0.999849
2080 46.369104 46.369104 46.369104 0.999849 0.999849 0.999849
2090 46.369104 46.369104 46.369104 0.999849 0.999849 0.999849
2100 46.369104 46.369104 46.369104 0.999849 0.999849 0.999849
2110 46.369104 46.369104 46.369104 0.999849 0.999849 0.999849
2120 46.369104 46.369104 46.369104 0.999849 0.999849 0.999849
2130 46.369104 46.369104 46.369104 0.999849 0.999849 0.999849
2140 46.369104 46.369104 46.369104 0.999849 0.999849 0.999849
2150 46.369104 46.369104 46.369104 0.999849 0.999849 0.999849
2160 46.369104 46.369104 46.369104 0.999849 0.999849 0.999849
2170 46.369104 46.369104 46.369104 0.999849 0.999849 0.999849
2180 46.369104 46.369104 46.369104 0.999849 0.999849 0.999849
2190 46.369104 46.369104 46.369104 0.999849 0.999849 0.999849
2200 46.369104 46.369104 46.369104 0.999849 0.999849 0.999849
2210 46.369104 46.369104 46.369104 0.999849 0.999849 0.999849
2220 46.369104 46.369104 46.369104 0.999849 0.999849 0.999849
2230 46.369104 46.369104 46.369104 0.999849 0.999849 0.999849
2240 46.369104 46.369104 46.369104 0.999849 0.999849 0.999849
2250 46.369104 46.369104 46.369104 0.999849 0.999849 0.999849
2260 46.369104 46.369104 46.369104 0.999849 0.999849 0.999849
2270 46.369104 46.369104 46.369104 0.999849 0.999849 0.999849
2280 46.369104 46.369104 46.369104 0.999849 0.999849 0.999849
2290 46.369104 46.369104 46.369104 0.999849 0.999849 0.999849
2300 46.369104 46.369104 46.369104 0.999849 0.999849 0.999849
2310 46.369104 46.369104 46.369104 0.999849 0.999849 0.999849
2320 46.369104 46.369104 46.369104 0.999849 0.999849 0.999849
2330 46.369104 46.369104 46.369104 0.999849 0.999849 0.999849
2340 46.369104 46.369104 46.369104 0.999849 0.999849 0.999849
2350 46.369104 46.369104 46.369104 0.999849 0.999849 0.999849
2360 46.369104 46.369104 46.369104 0.999849 0.999849 0.999849
2370 46.369104 46.369104 46.369104 0.999849 0.999849 0.999849
2380 46.369104 46.369104 46.369104 0.999849 0.999849 0.999849
2390 46.369104 46.369104 46.369104 0.999849 0.999849 0.999849
2400 46.369104 46.369104 46.369104 0.999849 0.999849 0.999849
2410 46.369104 46.369104 46.369104 0.999849 0.999849 0.999849
2420 46.369104 46.369104 46.369104 0.999849 0.999849 0.999849
2430 46.369104 46.369104 46.369104 0.999849 0.999849 0.999849
2440 46.369104 46.369104 46.369104 0.999849 0.999849 0.999849
2450 46.369104 46.369104 46.369104 0.999849 0.999849 0.999849
2460 46.369104 46.369104 46.369104 0.999849 0.999849 0.999849
2470 46.369104 46.369104 46.369104 0.999849 0.999849 0.999849
2480 46.369104 46.369104 46.369104 0.999849 0.999849 0.999849
2490 46.369104 46.369104 46.369104 0.999849 0.999849 0.999849
2500 46.369104 46.369104 46.369104 0.999849 0.999849 0.999849
2510 46.369104 46.369104 46.369104 0.999849 0.999849 0.999849
2520 46.369104 46.369104 46.369104 0.999849 0.999849 0.999849
2530 46.369104 46.369104 46.369104 0.999849 0.999849 0.999849
2540 46.369104 46.369104 46.369104 0.999849 0.999849 0.999849
2550 46.369104 46.369104 46.369104 0.999849 0.999849 0.999849
2560 46.369104 46.369104 46.369104 0.999849 0.999849 0.999849
2570 46.369104 46.369104 46.369104 0.999849 0.999849 0.999849
2580 46.369104 46.369104 46.369104 0.999849 0.999849 0.999849
2590 46.369104 46.369104 46.369104 0.999849 0.999849 0.999849
2600 46.369104 46.369104 46.369104 0.999849 0.999849 0.999849
2610 46.369104 46.369104 46.369104 0.999849 0.999849 0.999849
2620 46.369104 46.369104 46.369104 0.999849 0.999849 0.999849
2630 46.369104 46.369104 46.369104 0.999849 0.999849 0.999849
2640 46.369104 46.369104 46.369104 0.999849 0.999849 0.999849
2650 46.369104 46.369104 46.369104 0.999849 0.999849 0.999849
2660 46.369104 46.369104 46.369104 0.999849 0.999849 0.999849
2670 46.369104 46.369104 46.369104 0.999849 0.999849 0.999849
2680 46.369104 46.369104 46.369104 0.999849 0.999849 0.999849
2690 46.369104 46.369104 46.369104 0.999849 0.999849 0.999849
2700 46.369104 46.369104 46.369104 0.999849 0.999849 0.999849
2710 46.369104 46.369104 46.369104 0.999849 0.999849 0.999849
2720 46.369104 46.369104 46.369104 0.999849 0.999849 0.999849
2730 46.369104 46.369104 46.369104 0.999849 0.999849 0.999849
2740 46.369104 46.369104 46.369104 0.999849 0.999849 0.999849
2750 46.369104 46.369104 46.369104 0.999849 0.999849 0.999849
2760 46.369104 46.369104 46.369104 0.999849 0.999849 0.999849
2770 46.369104 46.369104 46.369104 0.999849 0.999849 0.999849
2780 46.369104 46.369104 46.369104 0.999849 0.999849 0.999849
2790 46.369104 46.369104 46.369104 0.999849 0.999849 0.999849
2800 46.369104 46.369104 46.369104 0.999849 0.999849 0.999849
2810 46.369104 46.369104 46.369104 0.999849 0.999849 0.999849
2820 46.369104 46.369104 46.369104 0.999849 0.999849 0.999849
2830 46.369104 46.369104 46.369104 0.999849 0.999849 0.999849
2840 46.369104 46.369104 46.369104 0.999849 0.999849 0.999849
2850 46.369104 46.369104 46.369104 0.999849 0.999849 0.999849
2860 46.369104 46.369104 46.369104 0.999849 0.999849 0.999849
2870 46.369104 46.369104 46.369104 0.999849 0.999849 0.999849
2880 46.369104 46.369104 46.369104 0.999849 0.999849 0.999849
2890 46.369104 46.369104 46.369104 0.999849 0.999849 0.999849
2900 46.369104 46.369104 46.369104 0.999849 0.999849 0.999849
2910 46.369104 46.369104 46.369104 0.999849 0.999849 0.999849
2920 46.369104 46.369104 46.369104 0.999849 0.999849 0.999849
2930 46.369104 46.369104 46.369104 0.999849 0.999849 0.999849
2940 46.369104 46.369104 46.369104 0.999849 0.999849 0.999849
2950 46.369104 46.369104 46.369104 0.999849 0.999849 0.999849
2960 46.369104 46.369104 46.369104 0.999849 0.999849 0.999849
2970 46.369104 46.369104 46.369104 0.999849 0.999849 0.999849
2980 46.369104 46.369104 46.369104 0.999849 0.999849 0.999849
2990 46.369104 46.369104 46.369104 0.999849 0.999849 0.999849
3000 46.369104 46.369104 46.369104 0.999849 0.999849 0.999849
3010 46.369104 46.369104 46.369104 0.999849 0.999849 0.999849
3020 46.369104 46.369104 46.369104 0.999849 0.999849 0.999849
3030 46.369104 46.369104 46.369104 0.999849 0.999849 0.999849
3040 46.369104 46.369104 46.369104 0.999849 0.999849 0.999849
3050 46.369104 46.369104 46.369104 0.999849 0.999849 0.999849
3060 46.369104 46.369104 46.369104 0.999849 0.999849 0.999849
3070 46.369104 46.369104 46.369104 0.999849 0.999849 0.999849
3080 46.369104 46.369104 46.369104 0.999849 0.999849 0.999849
3090 46.369104 46.369104 46.369104 0.999849 0.999849 0.999849
3100 46.369104 46.369104 46.369104 0.999849 0.999849 0.999849
3110 46.369104 46.369104 46.369104 0.999849 0.999849 0.999849
3120 46.369104 46.369104 46.369104 0.999849 0.999849 0.999849
3130 46.369104 46.369104 46.369104 0.999849 0.999849 0.999849
3140 46.369104 46.369104 46.369104 0.999849 0.999849 0.999849
3150 46.369104 46.369104 46.369104 0.999849 0.999849 0.999849
3160 46.369104 46.369104 46.369104 0.999849 0.999849 0.999849
3170 46.369104 46.369104 46.369104 0.999849 0.999849 0.999849
3180 46.369104 46.369104 46.369104 0.999849 0.999849 0.999849
3190 46.369104 46.369104 46.369104 0.999849 0.999849 0.999849
3200 46.369104 46.369104 46.369104 0.999849 0.999849 0.999849
3210 46.369104 46.369104 46.369104 0.999849 0.999849 0.999849
3220 46.369104 46.369104 46.369104 0.999849 0.999849 0.999849
3230 46.369104 46.369104 46.369104 0.999849 0.999849 0.999849
3240 46.369104 46.369104 46.369104 0.999849 0.999849 0.999849
3250 46.369104 46.369104 46.369104 0.999849 0.999849 0.999849
3260 46.369104 46.369104 46.369104 0.999849 0.999849 0.999849
3270 46.369104 46.369104 46.369104 0.999849 0.999849 0.999849
3280 46.369104 46.369104 46.369104 0.999849 0.999849 0.999849
3290 46.369104 46.369104 46.369104 0.999849 0.999849 0.999849
3300 46.369104 46.369104 46.369104 0.999849 0.999849 0.999849
3310 46.369104 46.369104 46.369104 0.999849 0.999849 0.999849
3320 46.369104 46.369104 46.369104 0.999849 0.999849 0.999849
3330 46.369104 46.369104 46.369104 0.999849 0.999849 0.999849
3340 46.369104 46.369104 46.369104 0.999849 0.999849 0.999849
3350 46.369104 46.369104 46.369104 0.999849 0.999849 0.999849
3360 46.369104 46.369104 46.369104 0.999849 0.999849 0.999849
3370 46.369104 46.369104 46.369104 0.999849 0.999849 0.999849
3380 46.369104 46.369104 46.369104 0.999849 0.999849 0.999849
3390 46.369104 46.369104 46.369104 0.999849 0.999849 0.999849
3400 46.369104 46.369104 46.369104 0.999849 0.999849 0.999849
3410 46.369104 46.369104 46.369104 0.999849 0.999849 0.999849
3420 46.369104 46.369104 46.369104 0.999849 0.999849 0.999849
3430 46.369104 46.369104 46.369104 0.999849 0.999849 0.999849
3440 46.369104 46.369104 46.369104 0.999849 0.999849 0.999849
3450 46.369104 46.369104 46.369104 0.999849 0.999849 0.999849
3460 46.369104 46.369104 46.369104 0.999849 0.999849 0.999849
3470 46.369104 46.369104 46.369104 0.999849 0.999849 0.999849
3480 46.369104 46.369104 46.369104 0.999849 0.999849 0.999849
3490 46.369104 46.369104 46.369104 0.999849 0.999849 0.999849
3500 46.369104 46.369104 46.369104 0.999849 0.999849 0.999849
3510 46.369104 46.369104 46.369104 0.999849 0.999849 0.999849
3520 46.369104 46.369104 46.369104 0.999849 0.999849 0.999849
3530 46.369104 46.369104 46.369104 0.999849 0.999849 0.999849
3540 46.369104 46.369104 46.369104 0.999849 0.999849 0.999849
3550 46.369104 46.369104 46.369104 0.999849 0.999849 0.999849
3560 46.369104 46.369104 46.369104 0.999849 0.999849 0.999849
3570 46.369104 46.369104 46.369104 0.999849 0.999849 0.999849
3580 46.369104 46.369104 46.369104 0.999849 0.999849 0.999849
3590 46.369104 46.369104 46.369104 0.999849 0.999849 0.999849
3600 46.369104 46.369104 46.369104 0.999849 0.999849 0.999849
3610 46.369104 46.369104 46.369104 0.999849 0.999849 0.999849
3620 46.369104 46.369104 46.369104 0.999849 0.999849 0.999849
3630 46.369104 46.369104 46.369104 0.999849 0.999849 0.999849
3640 46.369104 46.369104 46.369104 0.999849 0.999849 0.999849
3650 46.369104 46.369104 46.369104 0.999849 0.999849 0.999849
3660 46.369104 46.369104 46.369104 0.999849 0.999849 0.999849
3670 46.369104 46.369104 46.369104 0.999849 0.999849 0.999849
3680 46.369104 46.369104 46.369104 0.999849 0.999849 0.999849
3690 46.369104 46.369104 46.369104 0.999849 0.999849 0.999849
3700 46.369104 46.369104 46.369104 0.999849 0.999849 0.999849
3710 46.369104 46.369104 46.369104 0.999849 0.999849 0.999849
3720 46.369104 46.369104 46.369104 0.999849 0.999849 0.999849
3730 46.369104 46.369104 46.369104 0.999849 0.999849 0.999849
3740 46.369104 46.369104 46.369104 0.999849 0.999849 0.999849
3750 46.369104 46.369104 46.369104 0.999849 0.999849 0.999849
3760 46.369104 46.369104 46.369104 0.999849 0.999849 0.999849
3770 46.369104 46.369104 46.369104 0.999849 0.999849 0.999849
3780 46.369104 46.369104 46.369104 0.999849 0.999849 0.999849
3790 46.369104 46.369104 46.369104 0.999849 0.999849 0.999849
3800 46.369104 46.369104 46.369104 0.999849 0.999849 0.999849
3810 46.369104 46.369104 46.369104 0.999849 0.999849 0.999849
3820 46.369104 46.369104 46.369104 0.999849 0.999849 0.999849
3830 46.369104 46.369104 46.369104 0.999849 0.999849 0.999849
3840 46.369104 46.369104 46.369104 0.999849 0.999849 0.999849
3850 46.369104 46.369104 46.369104 0.999849 0.999849 0.999849
3860 46.369104 46.369104 46.369104 0.999849 0.999849 0.999849
3870 46.369104 46.369104 46.369104 0.999849 0.999849 0.999849
3880 46.369104 46.369104 46.369104 0.999849 0.999849 0.999849
3890 46.369104 46.369104 46.369104 0.999849 0.999849 0.999849
3900 46.369104 46.369104 46.369104 0.999849 0.999849 0.999849
3910 46.369104 46.369104 46.369104 0.999849 0.999849 0.999849
3920 46.369104 46.369104 46.369104 0.999849 0.999849 0.999849
3930 46.369104 46.369104 46.369104 0.999849 0.999849 0.999849
3940 46.369104 46.369104 46.369104 0.999849 0.999849 0.999849
3950 46.369104 46.369104 46.369104 0.999849 0.999849 0.999849
3960 46.369104 46.369104 46.369104 0.999849 0.999849 0.999849
3970 46.369104 46.369104 46.369104 0.999849 0.999849 0.999849
3980 46.369104 46.369104 46.369104 0.999849 0.999849 0.999849
3990 46.369104 46.369104 46.369104 0.999849 0.999849 0.999849
4000 46.369104 46.369104 46.369104 0.999849 0.999849 0.999849
4010 46.369104 46.369104 46.369104 0.999849 0.999849 0.999849
4020 46.369104 46.369104 46.369104 0.999849 0.999849 0.999849
4030 46.369104 46.369104 46.369104 0.999849 0.999849 0.999849
4040 46.369104 46.369104 46.369104 0.999849 0.999849 0.999849
4050 46.369104 46.369104 46.369104 0.999849 0.999849 0.999849
4060 46.369104 46.369104 46.369104 0.999849 0.999849 0.999849
4070 46.369104 46.369104 46.369104 0.999849 0.999849 0.999849
4080 46.369104 46.369104 46.369104 0.999849 0.999849 0.999849
4090 46.369104 46.369104 46.369104 0.999849 0.999849 0.999849
4100 46.369104 46.369104 46.369104 0.999849 0.999849 0.999849
4110 46.369104 46.369104 46.369104 0.999849 0.999849 0.999849
4120 46.369104 46.369104 46.369104 0.999849 0.999849 0.999849
4130 46.369104 46.369104 46.369104 0.999849 0.999849 0.999849
4140 46.369104 46.369104 46.369104 0.999849 0.999849 0.999849
4150 46.369104 46.369104 46.369104 0.999849 0.999849 0.999849
4160 46.369104 46.369104 46.369104 0.999849 0.999849 0.999849
4170 46.369104 46.369104 46.369104 0.999849 0.999849 0.999849
4180 46.369104 46.369104 46.369104 0.999849 0.999849 0.999849
4190 46.369104 46.369104 46.369104 0.999849 0.999849 0.999849
4200 46.369104 46.369104 46.369104 0.999849 0.999849 0.999849
4210 46.369104 46.369104 46.369104 0.999849 0.999849 0.999849
4220 46.369104 46.369104 46.369104 0.999849 0.999849 0.999849
4230 46.369104 46.369104 46.369104 0.999849 0.999849 0.999849
4240 46.369104 46.369104 46.369104 0.999849 0.999849 0.999849
4250 46.369104 46.369104 46.369104 0.999849 0.999849 0.999849
4260 46.369104 46.369104 46.369104 0.999849 0.999849 0.999849
4270 46.369104 46.369104 46.369104 0.999849 0.999849 0.999849
4280 46.369104 46.369104 46.369104 0.999849 0.999849 0.999849
4290 46.369104 46.369104 46.369104 0.999849 0.999849 0.999849
4300 46.369104 46.369104 46.369104 0.999849 0.999849 0.999849
4310 46.369104 46.369104 46.369104 0.999849 0.999849 0.999849
4320 46.369104 46.369104 46.369104 0.999849 0.999849 0.999849
4330 46.369104 46.369104 46.369104 0.999849 0.999849 0.999849
4340 46.369104 46.369104 46.369104 0.999849 0.999849 0.999849
4350 46.369104 46.369104 46.369104 0.999849 0.999849 0.999849
4360 46.369104 46.369104 46.369104 0.999849 0.999849 0.999849
4370 46.369104 46.369104 46.369104 0.999849 0.999849 0.999849
4380 46.369104 46.369104 46.369104 0.999849 0.999849 0.999849
4390 46.369104 46.369104 46.369104 0.999849 0.999849 0.999849
4400 46.369104 46.369104 46.369104 0.999849 0.999849 0.999849
4410 46.369104 46.369104 46.369104 0.999849 0.999849 0.999849
4420 46.369104 46.369104 46.369104 0.999849 0.999849 0.999849
4430 46.369104 46.369104 46.369104 0.999849 0.999849 0.999849
4440 46.369104 46.369104 46.369104 0.999849 0.999849 0.999849
4450 46.369104 46.369104 46.369104 0.999849 0.999849 0.999849
4460 46.369104 46.369104 46.369104 0.999849 0.999849 0.999849
4470 46.369104 46.369104 46.369104 0.999849 0.999849 0.999849
4480 46.369104 46.369104 46.369104 0.999849 0.999849 0.999849
4490 46.369104 46.369104 46.369104 0.999849 0.999849 0.999849
4500 46.369104 46.369104 46.369104 0.999849 0.999849 0.999849
4510 46.369104 46.369104 46.369104 0.999849 0.999849 0.999849
4520 46.369104 46.369104 46.369104 0.999849 0.999849 0.999849
4530 46.369104 46.369104 46.369104 0.999849 0.999849 0.999849
4540 46.369104 46.369104 46.369104 0.999849 0.999849 0.999849
4550 46.369104 46.369104 46.369104 0.999849 0.999849 0.999849
4560 46.369104 46.369104 46.369104 0.999849 0.999849 0.999849
4570 46.369104 46.369104 46.369104 0.999849 0.999849 0.999849
4580 46.369104 46.369104 46.369104 0.999849 0.999849 0.999849
4590 46.369104 46.369104 46.369104 0.999849 0.999849 0.999849
4600 46.369104 46.369104 46.369104 0.999849 0.999849 0.999849
4610 46.369104 46.369104 46.369104 0.999849 0.999849 0.999849
4620 46.369104 46.369104 46.369104 0.999849 0.999849 0.999849
4630 46.369104 46.369104 46.369104 0.999849 0.999849 0.999849
4640 46.369104 46.369104 46.369104 0.999849 0.999849 0.999849
4650 46.369104 46.369104 46.369104 0.999849 0.999849 0.999849
4660 46.369104 46.369104 46.369104 0.999849 0.999849 0.999849
4670 46.369104 46.369104 46.369104 0.999849 0.999849 0.999849
4680 46.369104 46.369104 46.369104 0.999849 0.999849 0.999849
4690 46.369104 46.369104 46.369104 0.999849 0.999849 0.999849
4700 46.369104 46.369104 46.369104 0.999849 0.999849 0.999849
4710 46.369104 46.369104 46.369104 0.999849 0.999849 0.999849
4720 46.369104 46.369104 46.369104 0.999849 0.999849 0.999849
4730 46.369104 46.369104 46.369104 0.999849 0.999849 0.999849
4740 46.369104 46.369104 46.369104 0.999849 0.999849 0.999849
4750 46.369104 46.369104 46.369104 0.999849 0.999849 0.999849
4760 46.369104 46.369104 46.369104 0.999849 0.999849 0.999849
4770 46.369104 46.369104 46.369104 0.999849 0.999849 0.999849
4780 46.369104 46.369104 46.369104 0.999849 0.999849 0.999849
4790 46.369104 46.369104 46.369104 0.999849 0.999849 0.999849
4800 46.369104 46.369104 46.369104 0.999849 0.999849 0.999849
4810 46.369104 46.369104 46.369104 0.999849 0.999849 0.999849
4820 46.369104 46.369104 46.369104 0.999849 0.999849 0.999849
4830 46.369104 46.369104 46.369104 0.999849 0.999849 0.999849
4840 46.369104 46.369104 46.369104 0.999849 0.999849 0.999849
4850 46.369104 46.369104 46.369104 0.999849 0.999849 0.999849
4860 46.369104 46.369104 46.369104 0.999849 0.999849 0.999849
4870 46.369104 46.369104 46.369104 0.999849 0.999849 0.999849
4880 46.369104 46.369104 46.369104 0.999849 0.999849 0.999849
4890 46.369104 46.369104 46.369104 0.999849 0.999849 0.999849
4900 46.369104 46.369104 46.369104 0.999849 0.999849 0.999849
4910 46.369104 46.369104 46.369104 0.999849 0.999849 0.999849
4920 46.369104 46.369104 46.369104 0.999849 0.999849 0.999849
4930 46.369104 46.369104 46.369104 0.999849 0.999849 0.999849
4940 46.369104 46.369104 46.369104 0.999849 0.999849 0.999849
4950 46.369104 46.369104 46.369104 0.999849 0.999849 0.999849
4960 46.369104 46.369104 46.369104 0.999849 0.999849 0.999849
4970 46.369104 46.369104 46.369104 0.999849 0.999849 0.999849
4980 46.369104 46.369104 46.369104 0.999849 0.999849 0.999849
4990 46.369104 46.369104 46.369104 0.999849 0.999849 0.999849
5000 46.369104 46.369104 46.369104 0.999849 0.999849 0.999849
5010 46.369104 46.369104 46.369104 0.999849 0.999849 0.999849
5020 46.369104 46.369104 46.369104 0.999849 0.999849 0.999849
5030 46.369104 46.369104 46.369104 0.999849 0.999849 0.999849
5040 46.369104 46.369104 46.369104 0.999849 0.999849 0.999849
5050 46.369104 46.369104 46.369104 0.999849 0.999849 0.999849
5060 46.369104 46.369104 46.369104 0.999849 0.999849 0.999849
5070 46.369104 46.369104 46.369104 0.999849 0.999849 0.999849
5080 46.369104 46.369104 46.369104 0.999849 0.999849 0.999849
5090 46.369104 46.369104 46.369104 0.999849 0.999849 0.999849
5100 46.369104 46.369104 46.369104 0.999849 0.999849 0.999849
5110 46.369104 46.369104 46.369104 0.999849 0.999849 0.999849
5120 46.369104 46.369104 46.369104 0.999849 0.999849 0.999849
5130 46.369104 46.369104 46.369104 0.999849 0.999849 0.999849
5140 46.369104 46.369104 46.369104 0.999849 0.999849 0.999849
5150 46.369104 46.369104 46.369104 0.999849 0.999849 0.999849
5160 46.369104 46.369104 46.369104 0.999849 0.999849 0.999849
5170 46.369104 46.369104 46.369104 0.999849 0.999849 0.999849
5180 46.369104 46.369104 46.369104 0.999849 0.999849 0.999849
5190 46.369104 46.369104 46.369104 0.999849 0.999849 0.999849
5200 46.369104 46.369104 46.369104 0.999849 0.999849 0.999849
5210 46.369104 46.369104 46.369104 0.999849 0.999849 0.999849
5220 46.369104 46.369104 46.369104 0.999849 0.999849 0.999849
5230 46.369104 46.369104 46.369104 0.999849 0.999849 0.999849
5240 46.369104 46.369104 46.369104 0.999849 0.999849 0.999849
5250 46.369104 46.369104 46.369104 0.999849 0.999849 0.999849
5260 46.369104 46.369104 46.369104 0.999849 0.999849 0.999849
5270 46.369104 46.369104 46.369104 0.999849 0.999849 0.999849
5280 46.369104 46.369104 46.369104 0.999849 0.999849 0.999849
5290 46.369104 46.369104 46.369104 0.999849 0.999849 0.999849
5300 46.369104 46.369104 46.369104 0.999849 0.999849 0.999849
5310 46.369104 46.369104 46.369104 0.999849 0.999849 0.999849
5320 46.369104 46.369104 46.369104 0.999849 0.999849 0.999849
5330 46.369104 46.369104 46.369104 0.999849 0.999849 0.999849
5340 46.369104 46.369104 46.369104 0.999849 0.999849 0.999849
5350 46.369104 46.369104 46.369104 0.999849 0.999849 0.999849
5360 46.369104 46.369104 46.369104 0.999849 0.999849 0.999849
5370 46.369104 46.369104 46.369104 0.999849 0.999849 0.999849
5380 46.369104 46.369104 46.369104 0.999849 0.999849 0.999849
5390 46.369104 46.369104 46.369104 0.999849 0.999849 0.999849
5400 46.369104 46.369104 46.369104 0.999849 0.999849 0.999849
5410 46.369104 46.369104 46.369104 0.999849 0.999849 0.999849
5420 46.369104 46.369104 46.369104 0.999849 0.999849 0.999849
5430 46.369104 46.369104 46.369104 0.999849 0.999849 0.999849
5440 46.369104 46.369104 46.369104 0.999849 0.999849 0.999849
5450 46.369104 46.369104 46.369104 0.999849 0.999849 0.999849
5460 46.369104 46.369104 46.369104 0.999849 0.999849 0.999849
5470 46.369104 46.369104 46.369104 0.999849 0.999849 0.999849
5480 46.369104 46.369104 46.369104 0.999849 0.999849 0.999849
5490 46.369104 46.369104 46.369104 0.999849 0.999849 0.999849
5500 46.369104 46.369104 46.369104 0.999849 0.999849 0.999849
5510 46.369104 46.369104 46.369104 0.999849 0.999849 0.999849
5520 46.369104 46.369104 46.369104 0.999849 0.999849 0.999849
5530 46.369104 46.369104 46.369104 0.999849 0.999849 0.999849
5540 46.369104 46.369104 46.369104 0.999849 0.999849 0.999849
5550 46.369104 46.369104 46.369104 0.999849 0.999849 0.999849
5560 46.369104 46.369104 46.369104 0.999849 0.999849 0.999849
5570 46.369104 46.369104 46.369104 0.999849 0.999849 0.999849
5580 46.369104 46.369104 46.369104 0.999849 0.999849 0.999849
5590 46.369104 46.369104 46.369104 0.999849 0.999849 0.999849
5600 46.369104 46.369104 46.369104 0.999849 0.999849 0.999849
5610 46.369104 46.369104 46.369104 0.999849 0.999849 0.999849
5620 46.369104 46.369104 46.369104 0.999849 0.999849 0.999849
5630 46.369104 46.369104 46.369104 0.999849 0.999849 0.999849
5640 46.369104 46.369104 46.369104 0.999849 0.999849 0.999849
5650 46.369104 46.369104 46.369104 0.999849 0.999849 0.999849
5660 46.369104 46.369104 46.369104 0.999849 0.999849 0.999849
5670 46.369104 46.369104 46.369104 0.999849 0.999849 0.999849
5680 46.369104 46.369104 46.369104 0.999849 0.999849 0.999849
5690 46.369104 46.369104 46.369104 0.999849 0.999849 0.999849
5700 46.369104 46.369104 46.369104 0.999849 0.999849 0.999849
5710 46.369104 46.369104 46.369104 0.999849 0.999849 0.999849
5720 46.369104 46.369104 46.369104 0.999849 0.999849 0.999849
5730 46.369104 46.369104 46.369104 0.999849 0.999849 0.999849
5740 46.369104 46.369104 46.369104 0.999849 0.999849 0.999849
5750 46.369104 46.369104 46.369104 0.999849 0.999849 0.999849
5760 46.369104 46.369104 46.369104 0.999849 0.999849 0.999849
5770 46.369104 46.369104 46.369104 0.999849 0.999849 0.999849
5780 46.369104 46.369104 46.369104 0.999849 0.999849 0.999849
5790 46.369104 46.369104 46.369104 0.999849 0.999849 0.999849
5800 46.369104 46.369104 46.369104 0.999849 0.999849 0.999849
5810 46.369104 46.369104 46.369104 0.999849 0.999849 0.999849
5820 46.369104 46.369104 46.369104 0.999849 0.999849 0.999849
5830 46.369104 46.369104 46.369104 0.999849 0.999849 0.999849
5840 46.369104 46.369104 46.369104 0.999849 0.999849 0.999849
5850 46.369104 46.369104 46.369104 0.999849 0.999849 0.999849
5860 46.369104 46.369104 46.369104 0.999849 0.999849 0.999849
5870 46.369104 46.369104 46.369104 0.999849 0.999849 0.999849
5880 46.369104 46.369104 46.369104 0.999849 0.999849 0.999849
5890 46.369104 46.369104 46.369104 0.999849 0.999849 0.999849
5900 46.369104 46.369104 46.369104 0.999849 0.999849 0.999849
5910 46.369104 46.369104 46.369104 0.999849 0.999849 0.999849
5920 46.369104 46.369104 46.369104 0.999849 0.999849 0.999849
5930 46.369104 46.369104 46.369104 0.999849 0.999849 0.999849
5940 46.369104 46.369104 46.369104 0.999849 0.999849 0.999849
5950 46.369104 46.369104 46.369104 0.999849 0.999849 0.999849
5960 46.369104 46.369104 46.369104 0.999849 0.999849 0.999849
5970 46.369104 46.369104 46.369104 0.999849 0.999849 0.999849
5980 46.369104 46.369104 46.369104 0.999849 0.999849 0.999849
5990 46.369104 46.369104 46.369104 0.999849 0.999849 0.999849
6000 46.369104 46.369104 46.369104 0.999849 0.999849 0.999849
6010 46.369104 46.369104 46.369104 0.999849 0.999849 0.999849
6020 46.369104 46.369104 46.369104 0.999849 0.999849 0.999849
6030 46.369104 46.369104 46.369104 0.999849 0.999849 0.999849
6040 46.369104 46.369104 46.369104 0.999849 0.999849 0.999849
6050 46.369104 46.369104 46.369104 0.999849 0.999849 0.999849
6060 46.369104 46.369104 46.369104 0.999849 0.999849 0.999849
6070 46.369104 46.369104 46.369104 0.999849 0.999849 0.999849
6080 46.369104 46.369104 46.369104 0.999849 0.999849 0.999849
6090 46.369104 46.369104 46.369104 0.999849 0.999849 0.999849
6100 46.369104 46.369104 46.369104 0.999849 0.999849 0.999849
6110 46.369104 46.369104 46.369104 0.999849 0.999849 0.999849
6120 46.369104 46.369104 46.369104 0.999849 0.999849 0.999849
6130 46.369104 46.369104 46.369104 0.999849 0.999849 0.999849
6140 46.369104 46.369104 46.369104 0.999849 0.999849 0.999849
6150 46.369104 46.369104 46.369104 0.999849 0.999849 0.999849
6160 46.369104 46.369104 46.369104 0.999849 0.999849 0.999849
6170 46.369104 46.369104 46.369104 0.999849 0.999849 0.999849
6180 46.369104 46.369104 46.369104 0.999849 0.999849 0.999849
6190 46.369104 46.369104 46.369104 0.999849 0.999849 0.999849
6200 46.369104 46.369104 46.369104 0.999849 0.999849 0.999849
6210 46.369104 46.369104 46.369104 0.999849 0.999849 0.999849
6220 46.369104 46.369104 46.369104 0.999849 0.999849 0.999849
6230 46.369104 46.369104 46.369104 0.999849 0.999849 0.999849
6240 46.369104 46.369104 46.369104 0.999849 0.999849 0.999849
6250 46.369104 46.369104 46.369104 0.999849 0.999849 0.999849
6260 46.369104 46.369104 46.369104 0.999849 0.999849 0.999849
6270 46.369104 46.369104 46.369104 0.999849 0.999849 0.999849
6280 46.369104 46.369104 46.369104 0.999849 0.999849 0.999849
6290 46.369104 46.369104 46.369104 0.999849 0.999849 0.999849
6300 46.369104 46.369104 46.369104 0.999849 0.999849 0.999849
6310 46.369104 46.369104 46.369104 0.999849 0.999849 0.999849
6320 46.369104 46.369104 46.369104 0.999849 0.999849 0.999849
6330 46.369104 46.369104 46.369104 0.999849 0.999849 0.999849
6340 46.369104 46.369104 46.369104 0.999849 0.999849 0.999849
6350 46.369104 46.369104 46.369104 0.999849 0.999849 0.999849
6360 46.369104 46.369104 46.369104 0.999849 0.999849 0.999849
6370 46.369104 46.369104 46.369104 0.999849 0.999849 0.999849
6380 46.369104 46.369104 46.369104 0.999849 0.999849 0.999849
6390 46.369104 46.369104 46.369104 0.999849 0.999849 0.999849
6400 46.369104 46.369104 46.369104 0.999849 0.999849 0.999849
6410 46.369104 46.369104 46.369104 0.999849 0.999849 0.999849
6420 46.369104 46.369104 46.369104 0.999849 0.999849 0.999849
6430 46.369104 46.369104 46.369104 0.999849 0.999849 0.999849
6440 46.369104 46.369104 46.369104 0.999849 0.999849 0.999849
6450 46.369104 46.369104 46.369104 0.999849 0.999849 0.999849
6460 46.369104 46.369104 46.369104 0.999849 0.999849 0.999849
6470 46.369104 46.369104 46.369104 0.999849 0.999849 0.999849
6480 46.369104 46.369104 46.369104 0.999849 0.999849 0.999849
6490 46.369104 46.369104 46.369104 0.999849 0.999849 0.999849
6500 46.369104 46.369104 46.369104 0.999849 0.999849 0.999849
6510 46.369104 46.369104 46.369104 0.999849 0.999849 0.999849
6520 46.369104 46.369104 46.369104 0.999849 0.999849 0.999849
6530 46.369104 46.369104 46.369104 0.999849 0.999849 0.999849
6540 46.369104 46.369104 46.369104 0.999849 0.999849 0.999849
6550 46.369104 46.369104 46.369104 0.999849 0.999849 0.999849
6560 46.369104 46.369104 46.369104 0.999849 0.999849 0.999849
6570 46.369104 46.369104 46.369104 0.999849 0.999849 0.999849
6580 46.369104 46.369104 46.369104 0.999849 0.999849 0.999849
6590 46.369104 46.369104 46.369104 0.999849 0.999849 0.999849
6600 46.369104 46.369104 46.369104 0.999849 0.999849 0.999849
6610 46.369104 46.369104 46.369104 0.999849 0.999849 0.999849
6620 46.369104 46.369104 46.369104 0.999849 0.999849 0.999849
6630 46.369104 46.369104 46.369104 0.999849 0.999849 0.999849
6640 46.369104 46.369104 46.369104 0.999849 0.999849 0.999849
6650 46.369104 46.369104 46.369104 0.999849 0.999849 0.999849
6660 46.369104 46.369104 46.369104 0.999849 0.999849 0.999849
6670 46.369104 46.369104 46.369104 0.999849 0.999849 0.999849
6680 46.369104 46.369104 46.369104 0.999849 0.999849 0.999849
6690 46.369104 46.369104 46.369104 0.999849 0.999849 0.999849
6700 46.369104 46.369104 46.369104 0.999849 0.999849 0.999849
6710 46.369104 46.369104 46.369104 0.999849 0.999849 0.999849
6720 46.369104 46.369104 46.369104 0.999849 0.999849 0.999849
6730 46.369104 46.369104 46.369104 0.999849 0.999849 0.999849
6740 46.369104 46.369104 46.369104 0.999849 0.999849 0.999849
6750 46.369104 46.369104 46.369104 0.999849 0.999849 0.999849
6760 46.369104 46.369104 46.369104 0.999849 0.999849 0.999849
6770 46.369104 46.369104 46.369104 0.999849 0.999849 0.999849
6780 46.369104 46.369104 46.369104 0.999849 0.999849 0.999849
6790 46.369104 46.369104 46.369104 0.999849 0.999849 0.999849
6800 46.369104 46.369104 46.369104 0.999849 0.999849 0.999849
6810 46.369104 46.369104 46.369104 0.999849 0.999849 0.999849
6820 46.369104 46.369104 46.369104 0.999849 0.999849 0.999849
6830 46.369104 46.369104 46.369104 0.999849 0.999849 0.999849
6840 46.369104 46.369104 46.369104 0.999849 0.999849 0.999849
6850 46.369104 46.369104 46.369104 0.999849 0.999849 0.999849
6860 46.369104 46.369104 46.369104 0.999849 0.999849 0.999849
6870 46.369104 46.369104 46.369104 0.999849 0.999849 0.999849
6880 46.369104 46.369104 46.369104 0.999849 0.999849 0.999849
6890 46.369104 46.369104 46.369104 0.999849 0.999849 0.999849
6900 46.369104 46.369104 46.369104 0.999849 0.999849 0.999849
6910 46.369104 46.369104 46.369104 0.999849 0.999849 0.999849
6920 46.369104 46.369104 46.369104 0.999849 0.999849 0.999849
6930 46.369104 46.369104 46.369104 0.999849 0.999849 0.999849
6940 46.369104 46.369104 46.369104 0.999849 0.999849 0.999849
6950 46.369104 46.369104 46.369104 0.999849 0.999849 0.999849
6960 46.369104 46.369104 46.369104 0.999849 0.999849 0.999849
6970 46.369104 46.369104 46.369104 0.999849 0.999849 0.999849
6980 46.369104 46.369104 46.369104 0.999849 0.999849 0.999849
6990 46.369104 46.369104 46.369104 0.999849 0.999849 0.999849
7000 46.369104 46.369104 46.369104 0.999849 0.999849 0.999849
7010 46.369104 46.369104 46.369104 0.999849 0.999849 0.999849
7020 46.369104 46.369104 46.369104 0.999849 0.999849 0.999849
7030 46.369104 46.369104 46.369104 0.999849 0.999849 0.999849
7040 46.369104 46.369104 46.369104 0.999849 0.999849 0.999849
7050 46.369104 46.369104 46.369104 0.999849 0.999849 0.999849
7060 46.369104 46.369104 46.369104 0.999849 0.999849 0.999849
7070 46.369104 46.369104 46.369104 0.999849 0.999849 0.999849
7080 46.369104 46.369104 46.369104 0.999849 0.999849 0.999849
7090 46.369104 46.369104 46.369104 0.999849 0.999849 0.999849
7100 46.369104 46.369104 46.369104 0.999849 0.999849 0.999849
7110 46.369104 46.369104 46.369104 0.999849 0.999849 0.999849
7120 46.369104 46.369104 46.369104 0.999849 0.999849 0.999849
7130 46.369104 46.369104 46.369104 0.999849 0.999849 0.999849
7140 46.369104 46.369104 46.369104 0.999849 0.999849 0.999849
7150 46.369104 46.369104 46.369104 0.999849 0.999849 0.999849
7160 46.369104 46.369104 46.369104 0.999849 0.999849 0.999849
7170 46.369104 46.369104 46.369104 0.999849 0.999849 0.999849
7180 46.369104 46.369104 46.369104 0.999849 0.999849 0.999849
7190 46.369104 46.369104 46.369104 0.999849 0.999849 0.999849
7200 46.369104 46.369104 46.369104 0.999849 0.999849 0.999849
7210 46.369104 46.369104 46.369104 0.999849 0.999849 0.999849
7220 46.369104 46.369104 46.369104 0.999849 0.999849 0.999849
7230 46.369104 46.369104 46.369104 0.999849 0.999849 0.999849
7240 46.369104 46.369104 46.369104 0.999849 0.999849 0.999849
7250 46.369104 46.369104 46.369104 0.999849 0.999849 0.999849
7260 46.369104 46.369104 46.369104 0.999849 0.999849 0.999849
7270 46.369104 46.369104 46.369104 0.999849 0.999849 0.999849
7280 46.369104 46.369104 46.369104 0.999849 0.999849 0.999849
7290 46.369104 46.369104 46.369104 0.999849 0.999849 0.999849
7300 46.369104 46.369104 46.369104 0.999849 0.999849 0.999849
7310 46.369104 46.369104 46.369104 0.999849 0.999849 0.999849
7320 46.369104 46.369104 46.369104 0.999849 0.999849 0.999849
7330 46.369104 46.369104 46.369104 0.999849 0.999849 0.999849
7340 46.369104 46.369104 46.369104 0.999849 0.999849 0.999849
7350 46.369104 46.369104 46.369104 0.999849 0.999849 0.999849
7360 46.369104 46.369104 46.369104 0.999849 0.999849 0.999849
7370 46.369104 46.369104 46.369104 0.999849 0.999849 0.999849
7380 46.369104 46.369104 46.369104 0.999849 0.999849 0.999849
7390 46.369104 46.369104 46.369104 0.999849 0.999849 0.999849
7400 46.369104 46.369104 46.369104 0.999849 0.999849 0.999849
7410 46.369104 46.369104 46.369104 0.999849 0.999849 0.999849
7420 46.369104 46.369104 46.369104 0.999849 0.999849 0.999849
7430 46.369104 46.369104 46.369104 0.999849 0.999849 0.999849
7440 46.369104 46.369104 46.369104 0.999849 0.999849 0.999849
7450 46.369104 46.369104 46.369104 0.999849 0.999849 0.999849
7460 46.369104 46.369104 46.369104 0.999849 0.999849 0.999849
7470 46.369104 46.369104 46.369104 0.999849 0.999849 0.999849
7480 46.369104 46.369104 46.369104 0.999849 0.999849 0.999849
7490 46.369104 46.369104 46.369104 0.999849 0.999849 0.999849
7500 46.369104 46.369104 46.369104 0.999849 0.999849 0.999849
7510 46.369104 46.369104 46.369104 0.999849 0.999849 0.999849
7520 46.369104 46.369104 46.369104 0.999849 0.999849 0.999849
7530 46.369104 46.369104 46.369104 0.999849 0.999849 0.999849
7540 46.369104 46.369104 46.369104 0.999849 0.999849 0.999849
7550 46.369104 46.369104 46.369104 0.999849 0.999849 0.999849
7560 46.369104 46.369104 46.369104 0.999849 0.999849 0.999849
7570 46.369104 46.369104 46.369104 0.999849 0.999849 0.999849
7580 46.369104 46.369104 46.369104 0.999849 0.999849 0.999849
7590 46.369104 46.369104 46.369104 0.999849 0.999849 0.999849
7600 46.369104 46.369104 46.369104 0.999849 0.999849 0.999849
7610 46.369104 46.369104 46.369104 0.999849 0.999849 0.999849
7620 46.369104 46.369104 46.369104 0.999849 0.999849 0.999849
7630 46.369104 46.369104 46.369104 0.999849 0.999849 0.999849
7640 46.369104 46.369104 46.369104 0.999849 0.999849 0.999849
7650 46.369104 46.369104 46.369104 0.999849 0.999849 0.999849
7660 46.369104 46.369104 46.369104 0.999849 0.999849 0.999849
7670 46.369104 46.369104 46.369104 0.999849 0.999849 0.999849
7680 46.369104 46.369104 46.369104 0.999849 0.999849 0.999849
7690 46.369104 46.369104 46.369104 0.999849 0.999849 0.999849
7700 46.369104 46.369104 46.369104 0.999849 0.999849 0.999849
7710 46.369104 46.369104 46.369104 0.999849 0.999849 0.999849
7720 46.369104 46.369104 46.369104 0.999849 0.999849 0.999849
7730 46.369104 46.369104 46.369104 0.999849 0.999849 0.999849
7740 46.369104 46.369104 46.369104 0.999849 0.999849 0.999849
7750 46.369104 46.369104 46.369104 0.999849 0.999849 0.999849
7760 46.369104 46.369104 46.369104 0.999849 0.999849 0.999849
7770 46.369104 46.369104 46.369104 0.999849 0.999849 0.999849
7780 46.369104 46.369104 46.369104 0.999849 0.999849 0.999849
7790 46.369104 46.369104 46.369104 0.999849 0.999849 0.999849
7800 46.369104 46.369104 46.369104 0.999849 0.999849 0.999849
7810 46.369104 46.369104 46.369104 0.999849 0.999849 0.999849
7820 46.369104 46.369104 46.369104 0.999849 0.999849 0.999849
7830 46.369104 46.369104 46.369104 0.999849 0.999849 0.999849
7840 46.369104 46.369104 46.369104 0.999849 0.999849 0.999849
7850 46.369104 46.369104 46.369104 0.999849 0.999849 0.999849
7860 46.369104 46.369104 46.369104 0.999849 0.999849 0.999849
7870 46.369104 46.369104 46.369104 0.999849 0.999849 0.999849
7880 46.369104 46.369104 46.369104 0.999849 0.999849 0.999849
7890 46.369104 46.369104 46.369104 0.999849 0.999849 0.999849
7900 46.369104 46.369104 46.369104 0.999849 0.999849 0.999849
7910 46.369104 46.369104 46.369104 0.999849 0.999849 0.999849
7920 46.369104 46.369104 46.369104 0.999849 0.999849 0.999849
7930 46.369104 46.369104 46.369104 0.999849 0.999849 0.999849
7940 46.369104 46.369104 46.369104 0.999849 0.999849 0.999849
7950 46.369104 46.369104 46.369104 0.999849 0.999849 0.999849
7960 46.369104 46.369104 46.369104 0.999849 0.999849 0.999849
7970 46.369104 46.369104 46.369104 0.999849 0.999849 0.999849
7980 46.369104 46.369104 46.369104 0.999849 0.999849 0.999849
7990 46.369104 46.369104 46.369104 0.999849 0.999849 0.999849
8000 46.369104 46.369104 46.369104 0.999849 0.999849 0.999849
8010 46.369104 46.369104 46.369104 0.999849 0.999849 0.999849
8020 46.369104 46.369104 46.369104 0.999849 0.999849 0.999849
8030 46.369104 46.369104 46.369104 0.999849 0.999849 0.999849
8040 46.369104 46.369104 46.369104 0.999849 0.999849 0.999849
8050 46.369104 46.369104 46.369104 0.999849 0.999849 0.999849
8060 46.369104 46.369104 46.369104 0.999849 0.999849 0.999849
8070 46.369104 46.369104 46.369104 0.999849 0.999849 0.999849
8080 46.369104 46.369104 46.369104 0.999849 0.999849 0.999849
8090 46.369104 46.369104 46.369104 0.999849 0.999849 0.999849
8100 46.369104 46.369104 46.369104 0.999849 0.999849 0.999849
8110 46.369104 46.369104 46.369104 0.999849 0.999849 0.999849
8120 46.369104 46.369104 46.369104 0.999849 0.999849 0.999849
8130 46.369104 46.369104 46.369104 0.999849 0.999849 0.999849
8140 46.369104 46.369104 46.369104 0.999849 0.999849 0.999849
8150 46.369104 46.369104 46.369104 0.999849 0.999849 0.999849
8160 46.369104 46.369104 46.369104 0.999849 0.999849 0.999849
8170 46.369104 46.369104 46.369104 0.999849 0.999849 0.999849
8180 46.369104 46.369104 46.369104 0.999849 0.999849 0.999849
8190 46.369104 46.369104 46.369104 0.999849 0.999849 0.999849
8200 46.369104 46.369104 46.369104 0.999849 0.999849 0.999849
8210 46.369104 46.369104 46.369104 0.999849 0.999849 0.999849
8220 46.369104 46.369104 46.369104 0.999849 0.999849 0.999849
8230 46.369104 46.369104 46.369104 0.999849 0.999849 0.999849
8240 46.369104 46.369104 46.369104 0.999849 0.999849 0.999849
8250 46.369104 46.369104 46.369104 0.999849 0.999849 0.999849
8260 46.369104 46.369104 46.369104 0.999849 0.999849 0.999849
8270 46.369104 46.369104 46.369104 0.999849 0.999849 0.999849
8280 46.369104 46.369104 46.369104 0.999849 0.999849 0.999849
8290 46.369104 46.369104 46.369104 0.999849 0.999849 0.999849
8300 46.369104 46.369104 46.369104 0.999849 0.999849 0.999849
8310 46.369104 46.369104 46.369104 0.999849 0.999849 0.999849
8320 46.369104 46.369104 46.369104 0.999849 0.999849 0.999849
8330 46.369104 46.369104 46.369104 0.999849 0.999849 0.999849
8340 46.369104 46.369104 46.369104 0.999849 0.999849 0.999849
8350 46.369104 46.369104 46.369104 0.999849 0.999849 0.999849
8360 46.369104 46.369104 46.369104 0.999849 0.999849 0.999849
8370 46.369104 46.369104 46.369104 0.999849 0.999849 0.999849
8380 46.369104 46.369104 46.369104 0.999849 0.999849 0.999849
8390 46.369104 46.369104 46.369104 0.999849 0.999849 0.999849
8400 46.369104 46.369104 46.369104 0.999849 0.999849 0.999849
8410 46.369104 46.369104 46.369104 0.999849 0.999849 0.999849
8420 46.369104 46.369104 46.369104 0.999849 0.999849 0.999849
8430 46.369104 46.369104 46.369104 0.999849 0.999849 0.999849
8440 46.369104 46.369104 46.369104 0.999849 0.999849 0.999849
8450 46.369104 46.369104 46.369104 0.999849 0.999849 0.999849
8460 46.369104 46.369104 46.369104 0.999849 0.999849 0.999849
8470 46.369104 46.369104 46.369104 0.999849 0.999849 0.999849
8480 46.369104 46.369104 46.369104 0.999849 0.999849 0.999849
8490 46.369104 46.369104 46.369104 0.999849 0.999849 0.999849
8500 46.369104 46.369104 46.369104 0.999849 0.999849 0.999849
8510 46.369104 46.369104 46.369104 0.999849 0.999849 0.999849
8520 46.369104 46.369104 46.369104 0.999849 0.999849 0.999849
8530 46.369104 46.369104 46.369104 0.999849 0.999849 0.999849
8540 46.369104 46.369104 46.369104 0.999849 0.999849 0.999849
8550 46.369104 46.369104 46.369104 0.999849 0.999849 0.999849
8560 46.369104 46.369104 46.369104 0.999849 0.999849 0.999849
8570 46.369104 46.369104 46.369104 0.999849 0.999849 0.999849
8580 46.369104 46.369104 46.369104 0.999849 0.999849 0.999849
8590 46.369104 46.369104 46.369104 0.999849 0.999849 0.999849
8600 46.369104 46.369104 46.369104 0.999849 0.999849 0.999849
8610 46.369104 46.369104 46.369104 0.999849 0.999849 0.999849
8620 46.369104 46.369104 46.369104 0.999849 0.999849 0.999849
8630 46.369104 46.369104 46.369104 0.999849 0.999849 0.999849
8640 46.369104 46.369104 46.369104 0.999849 0.999849 0.999849
8650 46.369104 46.369104 46.369104 0.999849 0.999849 0.999849
8660 46.369104 46.369104 46.369104 0.999849 0.999849 0.999849
8670 46.369104 46.369104 46.369104 0.999849 0.999849 0.999849
8680 46.369104 46.369104 46.369104 0.999849 0.999849 0.999849
8690 46.369104 46.369104 46.369104 0.999849 0.999849 0.999849
8700 46.369104 46.369104 46.369104 0.999849 0.999849 0.999849
8710 46.369104 46.369104 46.369104 0.999849 0.999849 0.999849
8720 46.369104 46.369104 46.369104 0.999849 0.999849 0.999849
8730 46.369104 46.369104 46.369104 0.999849 0.999849 0.999849
8740 46.369104 46.369104 46.369104 0.999849 0.999849 0.999849
8750 46.369104 46.369104 46.369104 0.999849 0.999849 0.999849
8760 46.369104 46.369104 46.369104 0.999849 0.999849 0.999849
8770 46.369104 46.369104 46.369104 0.999849 0.999849 0.999849
8780 46.369104 46.369104 46.369104 0.999849 0.999849 0.999849
8790 46.369104 46.369104 46.369104 0.999849 0.999849 0.999849
8800 46.369104 46.369104 46.369104 0.999849 0.999849 0.999849
8810 46.369104 46.369104 46.369104 0.999849 0.999849 0.999849
8820 46.369104 46.369104 46.369104 0.999849 0.999849 0.999849
8830 46.369104 46.369104 46.369104 0.999849 0.999849 0.999849
8840 46.369104 46.369104 46.369104 0.999849 0.999849 0.999849
8850 46.369104 46.369104 46.369104 0.999849 0.999849 0.999849
8860 46.369104 46.369104 46.369104 0.999849 0.999849 0.999849
8870 46.369104 46.369104 46.369104 0.999849 0.999849 0.999849
8880 46.369104 46.369104 46.369104 0.999849 0.999849 0.999849
8890 46.369104 46.369104 46.369104 0.999849 0.999849 0.999849
8900 46.369104 46.369104 46.369104 0.999849 0.999849 0.999849
8910 46.369104 46.369104 46.369104 0.999849 0.999849 0.999849
8920 46.369104 46.369104 46.369104 0.999849 0.999849 0.999849
8930 46.369104 46.369104 46.369104 0.999849 0.999849 0.999849
8940 46.369104 46.369104 46.369104 0.999849 0.999849 0.999849
8950 46.369104 46.369104 46.369104 0.999849 0.999849 0.999849
8960 46.369104 46.369104 46.369104 0.999849 0.999849 0.999849
8970 46.369104 46.369104 46.369104 0.999849 0.999849 0.999849
8980 46.369104 46.369104 46.369104 0.999849 0.999849 0.999849
8990 46.369104 46.369104 46.369104 0.999849 0.999849 0.999849
9000 46.369104 46.369104 46.369104 0.999849 0.999849 0.999849
9010 46.369104 46.369104 46.369104 0.999849 0.999849 0.999849
9020 46.369104 46.369104 46.369104 0.999849 0.999849 0.999849
9030 46.369104 46.369104 46.369104 0.999849 0.999849 0.999849
9040 46.369104 46.369104 46.369104 0.999849 0.999849 0.999849
9050 46.369104 46.369104 46.369104 0.999849 0.999849 0.999849
9060 46.369104 46.369104 46.369104 0.999849 0.999849 0.999849
9070 46.369104 46.369104 46.369104 0.999849 0.999849 0.999849
9080 46.369104 46.369104 46.369104 0.999849 0.999849 0.999849
9090 46.369104 46.369104 46.369104 0.999849 0.999849 0.999849
9100 46.369104 46.369104 46.369104 0.999849 0.999849 0.999849
9110 46.369104 46.369104 46.369104 0.999849 0.999849 0.999849
9120 46.369104 46.369104 46.369104 0.999849 0.999849 0.999849
9130 46.369104 46.369104 46.369104 0.999849 0.999849 0.999849
9140 46.369104 46.369104 46.369104 0.999849 0.999849 0.999849
9150 46.369104 46.369104 46.369104 0.999849 0.999849 0.999849
9160 46.369104 46.369104 46.369104 0.999849 0.999849 0.999849
9170 46.369104 46.369104 46.369104 0.999849 0.999849 0.999849
9180 46.369104 46.369104 46.369104 0.999849 0.999849 0.999849
9190 46.369104 46.369104 46.369104 0.999849 0.999849 0.999849
9200 46.369104 46.369104 46.369104 0.999849 0.999849 0.999849
9210 46.369104 46.369104 46.369104 0.999849 0.999849 0.999849
9220 46.369104 46.369104 46.369104 0.999849 0.999849 0.999849
9230 46.369104 46.369104 46.369104 0.999849 0.999849 0.999849
9240 46.369104 46.369104 46.369104 0.999849 0.999849 0.999849
9250 46.369104 46.369104 46.369104 0.999849 0.999849 0.999849
9260 46.369104 46.369104 46.369104 0.999849 0.999849 0.999849
9270 46.369104 46.369104 46.369104 0.999849 0.999849 0.999849
9280 46.369104 46.369104 46.369104 0.999849 0.999849 0.999849
9290 46.369104 46.369104 46.369104 0.999849 0.999849 0.999849
9300 46.369104 46.369104 46.369104 0.999849 0.999849 0.999849
9310 46.369104 46.369104 46.369104 0.999849 0.999849 0.999849
9320 46.369104 46.369104 46.369104 0.999849 0.999849 0.999849
9330 46.369104 46.369104 46.369104 0.999849 0.999849 0.999849
9340 46.369104 46.369104 46.369104 0.999849 0.999849 0.999849
9350 46.369104 46.369104 46.369104 0.999849 0.999849 0.999849
9360 46.369104 46.369104 46.369104 0.999849 0.999849 0.999849
9370 46.369104 46.369104 46.369104 0.999849 0.999849 0.999849
9380 46.369104 46.369104 46.369104 0.999849 0.999849 0.999849
9390 46.369104 46.369104 46.369104 0.999849 0.999849 0.999849
9400 46.369104 46.369104 46.369104 0.999849 0.999849 0.999849
9410 46.369104 46.369104 46.369104 0.999849 0.999849 0.999849
9420 46.369104 46.369104 46.369104 0.999849 0.999849 0.999849
9430 46.369104 46.369104 46.369104 0.999849 0.999849 0.999849
9440 46.369104 46.369104 46.369104 0.999849 0.999849 0.999849
9450 46.369104 46.369104 46.369104 0.999849 0.999849 0.999849
9460 46.369104 46.369104 46.369104 0.999849 0.999849 0.999849
9470 46.369104 46.369104 46.369104 0.999849 0.999849 0.999849
9480 46.369104 46.369104 46.369104 0.999849 0.999849 0.999849
9490 46.369104 46.369104 46.369104 0.999849 0.999849 0.999849
9500 46.369104 46.369104 46.369104 0.999849 0.999849 0.999849
9510 46.369104 46.369104 46.369104 0.999849 0.999849 0.999849
9520 46.369104 46.369104 46.369104 0.999849 0.999849 0.999849
9530 46.369104 46.369104 46.369104 0.999849 0.999849 0.999849
9540 46.369104 46.369104 46.369104 0.999849 0.999849 0.999849
9550 46.369104 46.369104 46.369104 0.999849 0.999849 0.999849
9560 46.369104 46.369104 46.369104 0.999849 0.999849 0.999849
9570 46.369104 46.369104 46.369104 0.999849 0.999849 0.999849
9580 46.369104 46.369104 46.369104 0.999849 0.999849 0.999849
9590 46.369104 46.369104 46.369104 0.999849 0.999849 0.999849
9600 46.369104 46.369104 46.369104 0.999849 0.999849 0.999849
9610 46.369104 46.369104 46.369104 0.999849 0.999849 0.999849
9620 46.369104 46.369104 46.369104 0.999849 0.999849 0.999849
9630 46.369104 46.369104 46.369104 0.999849 0.999849 0.999849
9640 46.369104 46.369104 46.369104 0.999849 0.999849 0.999849
9650 46.369104 46.369104 46.369104 0.999849 0.999849 0.999849
9660 46.369104 46.369104 46.369104 0.999849 0.999849 0.999849
9670 46.369104 46.369104 46.369104 0.999849 0.999849 0.999849
9680 46.369104 46.369104 46.369104 0.999849 0.999849 0.999849
9690 46.369104 46.369104 46.369104 0.999849 0.999849 0.999849
9700 46.369104 46.369104 46.369104 0.999849 0.999849 0.999849
9710 46.369104 46.369104 46.369104 0.999849 0.999849 0.999849
9720 46.369104 46.369104 46.369104 0.999849 0.999849 0.999849
9730 46.369104 46.369104 46.369104 0.999849 0.999849 0.999849
9740 46.369104 46.369104 46.369104 0.999849 0.999849 0.999849
9750 46.369104 46.369104 46.369104 0.999849 0.999849 0.999849
9760 46.369104 46.369104 46.369104 0.999849 0.999849 0.999849
9770 46.369104 46.369104 46.369104 0.999849 0.999849 0.999849
9780 46.369104 46.369104 46.369104 0.999849 0.999849 0.999849
9790 46.369104 46.369104 46.369104 0.999849 0.999849 0.999849
9800 46.369104 46.369104 46.369104 0.999849 0.999849 0.999849
9810 46.369104 46.369104 46.369104 0.999849 0.999849 0.999849
9820 46.369104 46.369104 46.369104 0.999849 0.999849 0.999849
9830 46.369104 46.369104 46.369104 0.999849 0.999849 0.999849
9840 46.369104 46.369104 46.369104 0.999849 0.999849 0.999849
9850 46.369104 46.369104 46.369104 0.999849 0.999849 0.999849
9860 46.369104 46.369104 46.369104 0.999849 0.999849 0.999849
9870 46.369104 46.369104 46.369104 0.999849 0.999849 0.999849
9880 46.369104 46.369104 46.369104 0.999849 0.999849 0.999849
9890 46.369104 46.369104 46.369104 0.999849 0.999849 0.999849
9900 46.369104 46.369104 46.369104 0.999849 0.999849 0.999849
9910 46.369104 46.369104 46.369104 0.999849 0.999849 0.999849
9920 46.369104 46.369104 46.369104 0.999849 0.999849 0.999849
9930 46.369104 46.369104 46.369104 0.999849 0.999849 0.999849
9940 46.369104 46.369104 46.369104 0.999849 0.999849 0.999849
9950 46.369104 46.369104 46.369104 0.999849 0.999849 0.999849
9960 46.369104 46.369104 46.369104 0.999849 0.999849 0.999849
9970 46.369104 46.369104 46.369104 0.999849 0.999849 0.999849
9980 46.369104 46.369104 46.369104 0.999849 0.999849 0.999849
9990 46.369104 46.369104 46.369104 0.999849 0.999849 0.999849
10000 46.369104 46.369104 46.369104 0.999849 0.999849 0.999849
