# generation power_min power_avg power_max util_min util_avg util_max
1 44.724420 44.724420 44.724420 1.358206 1.485191 1.499876
10 44.368404 44.368404 44.368404 1.085998 1.466759 1.499876
20 46.474862 23.749175 46.474862 0.918415 1.438974 1.499876
30 46.474862 27.590915 46.474862 0.677171 1.402413 1.499876
40 46.474862 25.932473 46.474862 0.677171 1.370475 1.499876
50 47.019000 25.526896 47.019000 0.677171 1.330771 1.499876
60 47.019000 24.756430 47.019000 0.677171 1.295459 1.499876
70 47.019000 24.805170 47.019000 0.677171 1.249668 1.499876
80 47.019000 24.465049 47.019000 0.677171 1.209907 1.499876
90 47.019000 23.678305 47.019000 0.677171 1.162873 1.499876
100 47.019000 23.179116 47.019000 0.677171 1.122485 1.499876
110 47.019000 22.575147 47.019000 0.677171 1.082000 1.499876
120 41.141821 22.006729 41.141821 0.677171 1.042757 1.499876
130 41.141821 21.604628 41.141821 0.677171 1.011660 1.499876
140 32.382900 20.921564 32.382900 0.677171 0.989879 1.499876
150 27.732520 20.436932 27.732520 0.677171 0.956381 1.249357
160 25.198022 19.914313 25.198022 0.677171 0.944774 1.234646
170 22.808752 19.296656 22.808752 0.677562 0.942821 1.234646
180 21.797618 18.688637 21.797618 0.677562 0.941049 1.234646
190 21.038451 18.315415 21.038451 0.677562 0.940645 1.234646
200 20.719937 17.811984 20.719937 0.677562 0.941466 1.141349
210 19.765831 17.320435 19.765831 0.677562 0.945111 1.141349
220 19.108704 17.060002 19.108704 0.677562 0.939995 1.081064
230 18.656460 16.819677 18.656460 0.677562 0.942423 1.077817
240 17.893236 16.588065 17.893236 0.799738 0.945779 1.077817
250 17.509509 16.475932 17.509509 0.799738 0.942140 1.068980
260 14.561727 16.340915 17.061567 0.799738 0.942312 1.068980
270 14.561727 16.217814 16.968970 0.799738 0.942608 1.068980
280 14.561727 16.061240 16.873955 0.819009 0.945341 1.068980
290 14.561727 15.951395 16.747013 0.819009 0.944565 1.068980
300 14.513154 15.794780 16.634641 0.819009 0.944251 1.068980
310 16.534608 15.661717 16.534608 0.843754 0.947708 1.032217
320 16.415715 15.518399 16.415715 0.843754 0.948449 1.032217
330 16.218731 15.352409 16.218731 0.796500 0.947544 1.032217
340 15.968492 15.237522 15.968492 0.796500 0.949436 1.032217
350 15.799270 15.104272 15.799270 0.796500 0.951049 1.032217
360 15.684248 14.982560 15.684248 0.796500 0.950870 1.032217
370 15.553443 14.848471 15.553443 0.796500 0.955682 1.032217
380 15.402007 14.726655 15.402007 0.796500 0.958085 1.032217
390 15.177417 14.619276 15.177417 0.796500 0.961246 1.032217
400 13.482064 14.510171 15.068187 0.796500 0.963827 1.032217
410 13.482064 14.421727 14.943519 0.854679 0.970343 1.032217
420 13.374126 14.311183 14.741047 0.854679 0.976401 1.032217
430 14.647746 14.230507 14.647746 0.911146 0.981349 1.032217
440 14.561727 14.157350 14.561727 0.911146 0.980932 1.032217
450 14.518809 14.085702 14.518809 0.911146 0.982019 1.032217
460 14.473935 13.971216 14.473935 0.911146 0.983677 1.032217
470 14.412079 13.893116 14.412079 0.911146 0.985885 1.027200
480 14.288093 13.793584 14.288093 0.911146 0.984845 1.027200
490 14.183081 13.691042 14.183081 0.911146 0.984075 1.027200
500 14.043680 13.600109 14.043680 0.917695 0.983540 1.027200
510 14.011002 13.529230 14.011002 0.917695 0.981193 1.027200
520 13.936911 13.453213 13.936911 0.917695 0.981455 1.027200
530 13.708465 13.417872 13.708465 0.917695 0.980004 1.021530
540 13.657745 13.352522 13.657745 0.917695 0.980154 1.021530
550 13.001091 13.297788 13.605551 0.917695 0.980924 1.021530
560 12.995237 13.255829 13.531181 0.908161 0.978156 1.021530
570 12.932514 13.222691 13.426539 0.908161 0.975655 1.012966
580 12.800803 13.190398 13.392371 0.908161 0.973540 1.012966
590 12.800803 13.152484 13.365604 0.908161 0.972724 1.012966
600 12.662078 13.117195 13.324999 0.908161 0.972240 1.012070
610 12.662078 13.093836 13.282932 0.908161 0.969853 1.006164
620 12.662078 13.058307 13.249946 0.908161 0.969042 1.006164
630 13.193524 13.027765 13.193524 0.913740 0.969167 1.008632
640 13.174147 12.999745 13.174147 0.913740 0.967503 1.008632
650 13.148111 12.970269 13.148111 0.913740 0.966455 1.008632
660 12.513230 12.935309 13.121033 0.913740 0.967459 1.008632
670 12.513230 12.899624 13.096834 0.913740 0.966806 1.008632
680 12.513230 12.858651 13.046275 0.913740 0.966534 1.008632
690 12.993029 12.825949 12.993029 0.913740 0.967228 1.008632
700 12.465539 12.789272 12.957339 0.920197 0.967235 1.008632
710 12.435356 12.754554 12.935363 0.941253 0.968612 1.008632
720 12.921238 12.715026 12.921238 0.941253 0.971048 1.008632
730 12.896683 12.673403 12.896683 0.941253 0.973481 1.008632
740 12.848955 12.633678 12.848955 0.940036 0.974140 1.008632
750 12.801301 12.608052 12.801301 0.940036 0.972539 1.008632
760 12.774842 12.577057 12.774842 0.940036 0.972754 1.007831
770 12.737550 12.540845 12.737550 0.940036 0.971994 1.007831
780 12.693122 12.510432 12.693122 0.940036 0.971046 1.007831
790 12.662078 12.478697 12.662078 0.942151 0.972723 1.007831
800 12.608636 12.451106 12.608636 0.942151 0.973989 1.007831
810 12.553390 12.429516 12.553390 0.942151 0.974594 1.007831
820 12.531319 12.410706 12.531319 0.942151 0.972426 1.007831
830 12.517944 12.394530 12.517944 0.944361 0.974107 1.007831
840 12.508008 12.376530 12.508008 0.944361 0.975186 1.007831
850 12.436976 12.362101 12.436976 0.967571 0.975847 1.007831
860 12.392019 12.355351 12.392019 0.967674 0.976416 1.007831
870 12.259347 12.350527 12.376642 0.967674 0.975451 0.978306
880 12.259347 12.344777 12.376642 0.967674 0.975654 0.978306
890 12.249755 12.335857 12.376642 0.967674 0.975770 0.978306
900 12.249755 12.329629 12.376642 0.967674 0.975870 0.978306
910 12.249755 12.323937 12.356654 0.969422 0.975888 0.978306
920 12.249755 12.317710 12.348636 0.969422 0.975702 0.978306
930 12.249755 12.309954 12.348636 0.969422 0.975684 0.978306
940 12.249755 12.301306 12.348636 0.969422 0.975667 0.978306
950 12.249755 12.293550 12.348636 0.969422 0.975649 0.978306
960 12.249755 12.284621 12.348636 0.969422 0.975649 0.978306
970 12.249755 12.275692 12.348636 0.969422 0.975649 0.978306
980 12.249755 12.268038 12.307039 0.972459 0.975902 0.978306
990 12.249755 12.264253 12.287353 0.974669 0.976187 0.978306
1000 12.249755 12.261452 12.287353 0.974669 0.976362 0.978306
1010 12.249755 12.259251 12.259347 0.976417 0.976428 0.977491
1020 12.249755 12.259251 12.259347 0.976417 0.976428 0.977491
1030 12.249755 12.259156 12.259347 0.976417 0.976438 0.977491
1040 12.249755 12.259156 12.259347 0.976417 0.976438 0.977491
1050 12.249755 12.259156 12.259347 0.976417 0.976438 0.977491
1060 12.249755 12.259156 12.259347 0.976417 0.976438 0.977491
1070 12.249755 12.259156 12.259347 0.976417 0.976438 0.977491
1080 12.249755 12.259060 12.259347 0.976417 0.976449 0.977491
1090 12.249755 12.258868 12.259347 0.976417 0.976471 0.977491
1100 12.249755 12.258580 12.259347 0.976417 0.976503 0.977491
1110 12.249755 12.258388 12.259347 0.976417 0.976524 0.977491
1120 12.249755 12.258292 12.259347 0.976417 0.976535 0.977491
1130 12.249755 12.258292 12.259347 0.976417 0.976535 0.977491
1140 12.249755 12.257717 12.259347 0.976417 0.976600 0.977491
1150 12.249755 12.257429 12.259347 0.976417 0.976632 0.977491
1160 12.249755 12.256949 12.259347 0.976417 0.976685 0.977491
1170 12.249755 12.256182 12.259347 0.976417 0.976771 0.977491
1180 12.249755 12.255510 12.259347 0.976417 0.976847 0.977491
1190 12.249755 12.254647 12.259347 0.976417 0.976943 0.977491
1200 12.249755 12.253688 12.259347 0.976417 0.977051 0.977491
1210 12.249755 12.252729 12.259347 0.976417 0.977158 0.977491
1220 12.249755 12.251770 12.259347 0.976417 0.977265 0.977491
1230 12.249755 12.250810 12.259347 0.976417 0.977373 0.977491
1240 12.249755 12.249851 12.259347 0.976417 0.977480 0.977491
1250 12.249755 12.249755 12.249755 0.977491 0.977491 0.977491
1260 12.249755 12.249755 12.249755 0.977491 0.977491 0.977491
1270 12.249755 12.249755 12.249755 0.977491 0.977491 0.977491
1280 12.249755 12.249755 12.249755 0.977491 0.977491 0.977491
1290 12.249755 12.249755 12.249755 0.977491 0.977491 0.977491
1300 12.249755 12.249755 12.249755 0.977491 0.977491 0.977491
1310 12.249755 12.249755 12.249755 0.977491 0.977491 0.977491
1320 12.249755 12.249755 12.249755 0.977491 0.977491 0.977491
1330 12.249755 12.249755 12.249755 0.977491 0.977491 0.977491
1340 12.249755 12.249755 12.249755 0.977491 0.977491 0.977491
1350 12.249755 12.249755 12.249755 0.977491 0.977491 0.977491
1360 12.249755 12.249755 12.249755 0.977491 0.977491 0.977491
1370 12.249755 12.249755 12.249755 0.977491 0.977491 0.977491
1380 12.249755 12.249755 12.249755 0.977491 0.977491 0.977491
1390 12.249755 12.249755 12.249755 0.977491 0.977491 0.977491
1400 12.249755 12.249755 12.249755 0.977491 0.977491 0.977491
1410 12.249755 12.249755 12.249755 0.977491 0.977491 0.977491
1420 12.249755 12.249755 12.249755 0.977491 0.977491 0.977491
1430 12.249755 12.249755 12.249755 0.977491 0.977491 0.977491
1440 12.249755 12.249755 12.249755 0.977491 0.977491 0.977491
1450 12.249755 12.249755 12.249755 0.977491 0.977491 0.977491
1460 12.249755 12.249755 12.249755 0.977491 0.977491 0.977491
1470 12.249755 12.249755 12.249755 0.977491 0.977491 0.977491
1480 12.249755 12.249755 12.249755 0.977491 0.977491 0.977491
1490 12.249755 12.249755 12.249755 0.977491 0.977491 0.977491
1500 12.249755 12.249755 12.249755 0.977491 0.977491 0.977491
1510 12.249755 12.249755 12.249755 0.977491 0.977491 0.977491
1520 12.249755 12.249755 12.249755 0.977491 0.977491 0.977491
1530 12.249755 12.249755 12.249755 0.977491 0.977491 0.977491
1540 12.249755 12.249755 12.249755 0.977491 0.977491 0.977491
1550 12.249755 12.249755 12.249755 0.977491 0.977491 0.977491
1560 12.249755 12.249755 12.249755 0.977491 0.977491 0.977491
1570 12.249755 12.249755 12.249755 0.977491 0.977491 0.977491
1580 12.249755 12.249755 12.249755 0.977491 0.977491 0.977491
1590 12.249755 12.249755 12.249755 0.977491 0.977491 0.977491
1600 12.249755 12.249755 12.249755 0.977491 0.977491 0.977491
1610 12.249755 12.249755 12.249755 0.977491 0.977491 0.977491
1620 12.249755 12.249755 12.249755 0.977491 0.977491 0.977491
1630 12.249755 12.249755 12.249755 0.977491 0.977491 0.977491
1640 12.249755 12.249755 12.249755 0.977491 0.977491 0.977491
1650 12.249755 12.249755 12.249755 0.977491 0.977491 0.977491
1660 12.249755 12.249755 12.249755 0.977491 0.977491 0.977491
1670 12.249755 12.249755 12.249755 0.977491 0.977491 0.977491
1680 12.249755 12.249755 12.249755 0.977491 0.977491 0.977491
1690 12.249755 12.249755 12.249755 0.977491 0.977491 0.977491
1700 12.249755 12.249755 12.249755 0.977491 0.977491 0.977491
1710 12.249755 12.249755 12.249755 0.977491 0.977491 0.977491
1720 12.249755 12.249755 12.249755 0.977491 0.977491 0.977491
1730 12.249755 12.249755 12.249755 0.977491 0.977491 0.977491
1740 12.249755 12.249755 12.249755 0.977491 0.977491 0.977491
1750 12.249755 12.249755 12.249755 0.977491 0.977491 0.977491
1760 12.249755 12.249755 12.249755 0.977491 0.977491 0.977491
1770 12.249755 12.249755 12.249755 0.977491 0.977491 0.977491
1780 12.249755 12.249755 12.249755 0.977491 0.977491 0.977491
1790 12.249755 12.249755 12.249755 0.977491 0.977491 0.977491
1800 12.249755 12.249755 12.249755 0.977491 0.977491 0.977491
1810 12.249755 12.249755 12.249755 0.977491 0.977491 0.977491
1820 12.249755 12.249755 12.249755 0.977491 0.977491 0.977491
1830 12.249755 12.249755 12.249755 0.977491 0.977491 0.977491
1840 12.249755 12.249755 12.249755 0.977491 0.977491 0.977491
1850 12.249755 12.249755 12.249755 0.977491 0.977491 0.977491
1860 12.249755 12.249755 12.249755 0.977491 0.977491 0.977491
1870 12.249755 12.249755 12.249755 0.977491 0.977491 0.977491
1880 12.249755 12.249755 12.249755 0.977491 0.977491 0.977491
1890 12.249755 12.249755 12.249755 0.977491 0.977491 0.977491
1900 12.249755 12.249755 12.249755 0.977491 0.977491 0.977491
1910 12.249755 12.249755 12.249755 0.977491 0.977491 0.977491
1920 12.249755 12.249755 12.249755 0.977491 0.977491 0.977491
1930 12.249755 12.249755 12.249755 0.977491 0.977491 0.977491
1940 12.249755 12.249755 12.249755 0.977491 0.977491 0.977491
1950 12.249755 12.249755 12.249755 0.977491 0.977491 0.977491
1960 12.249755 12.249755 12.249755 0.977491 0.977491 0.977491
1970 12.249755 12.249755 12.249755 0.977491 0.977491 0.977491
1980 12.249755 12.249755 12.249755 0.977491 0.977491 0.977491
1990 12.249755 12.249755 12.249755 0.977491 0.977491 0.977491
2000 12.249755 12.249755 12.249755 0.977491 0.977491 0.977491
2010 12.249755 12.249755 12.249755 0.977491 0.977491 0.977491
2020 12.249755 12.249755 12.249755 0.977491 0.977491 0.977491
2030 12.249755 12.249755 12.249755 0.977491 0.977491 0.977491
2040 12.249755 12.249755 12.249755 0.977491 0.977491 0.977491
2050 12.249755 12.249755 12.249755 0.977491 0.977491 0.977491
2060 12.249755 12.249755 12.249755 0.977491 0.977491 0.977491
2070 12.249755 12.249755 12.249755 0.977491 0.977491 0.977491
2080 12.249755 12.249755 12.249755 0.977491 0.977491 0.977491
2090 12.249755 12.249755 12.249755 0.977491 0.977491 0.977491
2100 12.249755 12.249755 12.249755 0.977491 0.977491 0.977491
2110 12.249755 12.249755 12.249755 0.977491 0.977491 0.977491
2120 12.249755 12.249755 12.249755 0.977491 0.977491 0.977491
2130 12.249755 12.249755 12.249755 0.977491 0.977491 0.977491
2140 12.249755 12.249755 12.249755 0.977491 0.977491 0.977491
2150 12.249755 12.249755 12.249755 0.977491 0.977491 0.977491
2160 12.249755 12.249755 12.249755 0.977491 0.977491 0.977491
2170 12.249755 12.249755 12.249755 0.977491 0.977491 0.977491
2180 12.249755 12.249755 12.249755 0.977491 0.977491 0.977491
2190 12.249755 12.249755 12.249755 0.977491 0.977491 0.977491
2200 12.249755 12.249755 12.249755 0.977491 0.977491 0.977491
2210 12.249755 12.249755 12.249755 0.977491 0.977491 0.977491
2220 12.249755 12.249755 12.249755 0.977491 0.977491 0.977491
2230 12.249755 12.249755 12.249755 0.977491 0.977491 0.977491
2240 12.249755 12.249755 12.249755 0.977491 0.977491 0.977491
2250 12.249755 12.249755 12.249755 0.977491 0.977491 0.977491
2260 12.249755 12.249755 12.249755 0.977491 0.977491 0.977491
2270 12.249755 12.249755 12.249755 0.977491 0.977491 0.977491
2280 12.249755 12.249755 12.249755 0.977491 0.977491 0.977491
2290 12.249755 12.249755 12.249755 0.977491 0.977491 0.977491
2300 12.249755 12.249755 12.249755 0.977491 0.977491 0.977491
2310 12.249755 12.249755 12.249755 0.977491 0.977491 0.977491
2320 12.249755 12.249755 12.249755 0.977491 0.977491 0.977491
2330 12.249755 12.249755 12.249755 0.977491 0.977491 0.977491
2340 12.249755 12.249755 12.249755 0.977491 0.977491 0.977491
2350 12.249755 12.249755 12.249755 0.977491 0.977491 0.977491
2360 12.249755 12.249755 12.249755 0.977491 0.977491 0.977491
2370 12.249755 12.249755 12.249755 0.977491 0.977491 0.977491
2380 12.249755 12.249755 12.249755 0.977491 0.977491 0.977491
2390 12.249755 12.249755 12.249755 0.977491 0.977491 0.977491
2400 12.249755 12.249755 12.249755 0.977491 0.977491 0.977491
2410 12.249755 12.249755 12.249755 0.977491 0.977491 0.977491
2420 12.249755 12.249755 12.249755 0.977491 0.977491 0.977491
2430 12.249755 12.249755 12.249755 0.977491 0.977491 0.977491
2440 12.249755 12.249755 12.249755 0.977491 0.977491 0.977491
2450 12.249755 12.249755 12.249755 0.977491 0.977491 0.977491
2460 12.249755 12.249755 12.249755 0.977491 0.977491 0.977491
2470 12.249755 12.249755 12.249755 0.977491 0.977491 0.977491
2480 12.249755 12.249755 12.249755 0.977491 0.977491 0.977491
2490 12.249755 12.249755 12.249755 0.977491 0.977491 0.977491
2500 12.249755 12.249755 12.249755 0.977491 0.977491 0.977491
2510 12.249755 12.249755 12.249755 0.977491 0.977491 0.977491
2520 12.249755 12.249755 12.249755 0.977491 0.977491 0.977491
2530 12.249755 12.249755 12.249755 0.977491 0.977491 0.977491
2540 12.249755 12.249755 12.249755 0.977491 0.977491 0.977491
2550 12.249755 12.249755 12.249755 0.977491 0.977491 0.977491
2560 12.249755 12.249755 12.249755 0.977491 0.977491 0.977491
2570 12.249755 12.249755 12.249755 0.977491 0.977491 0.977491
2580 12.249755 12.249755 12.249755 0.977491 0.977491 0.977491
2590 12.249755 12.249755 12.249755 0.977491 0.977491 0.977491
2600 12.249755 12.249755 12.249755 0.977491 0.977491 0.977491
2610 12.249755 12.249755 12.249755 0.977491 0.977491 0.977491
2620 12.249755 12.249755 12.249755 0.977491 0.977491 0.977491
2630 12.249755 12.249755 12.249755 0.977491 0.977491 0.977491
2640 12.249755 12.249755 12.249755 0.977491 0.977491 0.977491
2650 12.249755 12.249755 12.249755 0.977491 0.977491 0.977491
2660 12.249755 12.249755 12.249755 0.977491 0.977491 0.977491
2670 12.249755 12.249755 12.249755 0.977491 0.977491 0.977491
2680 12.249755 12.249755 12.249755 0.977491 0.977491 0.977491
2690 12.249755 12.249755 12.249755 0.977491 0.977491 0.977491
2700 12.249755 12.249755 12.249755 0.977491 0.977491 0.977491
2710 12.249755 12.249755 12.249755 0.977491 0.977491 0.977491
2720 12.249755 12.249755 12.249755 0.977491 0.977491 0.977491
2730 12.249755 12.249755 12.249755 0.977491 0.977491 0.977491
2740 12.249755 12.249755 12.249755 0.977491 0.977491 0.977491
2750 12.249755 12.249755 12.249755 0.977491 0.977491 0.977491
2760 12.249755 12.249755 12.249755 0.977491 0.977491 0.977491
2770 12.249755 12.249755 12.249755 0.977491 0.977491 0.977491
2780 12.249755 12.249755 12.249755 0.977491 0.977491 0.977491
2790 12.249755 12.249755 12.249755 0.977491 0.977491 0.977491
2800 12.249755 12.249755 12.249755 0.977491 0.977491 0.977491
2810 12.249755 12.249755 12.249755 0.977491 0.977491 0.977491
2820 12.249755 12.249755 12.249755 0.977491 0.977491 0.977491
2830 12.249755 12.249755 12.249755 0.977491 0.977491 0.977491
2840 12.249755 12.249755 12.249755 0.977491 0.977491 0.977491
2850 12.249755 12.249755 12.249755 0.977491 0.977491 0.977491
2860 12.249755 12.249755 12.249755 0.977491 0.977491 0.977491
2870 12.249755 12.249755 12.249755 0.977491 0.977491 0.977491
2880 12.249755 12.249755 12.249755 0.977491 0.977491 0.977491
2890 12.249755 12.249755 12.249755 0.977491 0.977491 0.977491
2900 12.249755 12.249755 12.249755 0.977491 0.977491 0.977491
2910 12.249755 12.249755 12.249755 0.977491 0.977491 0.977491
2920 12.249755 12.249755 12.249755 0.977491 0.977491 0.977491
2930 12.249755 12.249755 12.249755 0.977491 0.977491 0.977491
2940 12.249755 12.249755 12.249755 0.977491 0.977491 0.977491
2950 12.249755 12.249755 12.249755 0.977491 0.977491 0.977491
2960 12.249755 12.249755 12.249755 0.977491 0.977491 0.977491
2970 12.249755 12.249755 12.249755 0.977491 0.977491 0.977491
2980 12.249755 12.249755 12.249755 0.977491 0.977491 0.977491
2990 12.249755 12.249755 12.249755 0.977491 0.977491 0.977491
3000 12.249755 12.249755 12.249755 0.977491 0.977491 0.977491
3010 12.249755 12.249755 12.249755 0.977491 0.977491 0.977491
3020 12.249755 12.249755 12.249755 0.977491 0.977491 0.977491
3030 12.249755 12.249755 12.249755 0.977491 0.977491 0.977491
3040 12.249755 12.249755 12.249755 0.977491 0.977491 0.977491
3050 12.249755 12.249755 12.249755 0.977491 0.977491 0.977491
3060 12.249755 12.249755 12.249755 0.977491 0.977491 0.977491
3070 12.249755 12.249755 12.249755 0.977491 0.977491 0.977491
3080 12.249755 12.249755 12.249755 0.977491 0.977491 0.977491
3090 12.249755 12.249755 12.249755 0.977491 0.977491 0.977491
3100 12.249755 12.249755 12.249755 0.977491 0.977491 0.977491
3110 12.249755 12.249755 12.249755 0.977491 0.977491 0.977491
3120 12.249755 12.249755 12.249755 0.977491 0.977491 0.977491
3130 12.249755 12.249755 12.249755 0.977491 0.977491 0.977491
3140 12.249755 12.249755 12.249755 0.977491 0.977491 0.977491
3150 12.249755 12.249755 12.249755 0.977491 0.977491 0.977491
3160 12.249755 12.249755 12.249755 0.977491 0.977491 0.977491
3170 12.249755 12.249755 12.249755 0.977491 0.977491 0.977491
3180 12.249755 12.249755 12.249755 0.977491 0.977491 0.977491
3190 12.249755 12.249755 12.249755 0.977491 0.977491 0.977491
3200 12.249755 12.249755 12.249755 0.977491 0.977491 0.977491
3210 12.249755 12.249755 12.249755 0.977491 0.977491 0.977491
3220 12.249755 12.249755 12.249755 0.977491 0.977491 0.977491
3230 12.249755 12.249755 12.249755 0.977491 0.977491 0.977491
3240 12.249755 12.249755 12.249755 0.977491 0.977491 0.977491
3250 12.249755 12.249755 12.249755 0.977491 0.977491 0.977491
3260 12.249755 12.249755 12.249755 0.977491 0.977491 0.977491
3270 12.249755 12.249755 12.249755 0.977491 0.977491 0.977491
3280 12.249755 12.249755 12.249755 0.977491 0.977491 0.977491
3290 12.249755 12.249755 12.249755 0.977491 0.977491 0.977491
3300 12.249755 12.249755 12.249755 0.977491 0.977491 0.977491
3310 12.249755 12.249755 12.249755 0.977491 0.977491 0.977491
3320 12.249755 12.249755 12.249755 0.977491 0.977491 0.977491
3330 12.249755 12.249755 12.249755 0.977491 0.977491 0.977491
3340 12.249755 12.249755 12.249755 0.977491 0.977491 0.977491
3350 12.249755 12.249755 12.249755 0.977491 0.977491 0.977491
3360 12.249755 12.249755 12.249755 0.977491 0.977491 0.977491
3370 12.249755 12.249755 12.249755 0.977491 0.977491 0.977491
3380 12.249755 12.249755 12.249755 0.977491 0.977491 0.977491
3390 12.249755 12.249755 12.249755 0.977491 0.977491 0.977491
3400 12.249755 12.249755 12.249755 0.977491 0.977491 0.977491
3410 12.249755 12.249755 12.249755 0.977491 0.977491 0.977491
3420 12.249755 12.249755 12.249755 0.977491 0.977491 0.977491
3430 12.249755 12.249755 12.249755 0.977491 0.977491 0.977491
3440 12.249755 12.249755 12.249755 0.977491 0.977491 0.977491
3450 12.249755 12.249755 12.249755 0.977491 0.977491 0.977491
3460 12.249755 12.249755 12.249755 0.977491 0.977491 0.977491
3470 12.249755 12.249755 12.249755 0.977491 0.977491 0.977491
3480 12.249755 12.249755 12.249755 0.977491 0.977491 0.977491
3490 12.249755 12.249755 12.249755 0.977491 0.977491 0.977491
3500 12.249755 12.249755 12.249755 0.977491 0.977491 0.977491
3510 12.249755 12.249755 12.249755 0.977491 0.977491 0.977491
3520 12.249755 12.249755 12.249755 0.977491 0.977491 0.977491
3530 12.249755 12.249755 12.249755 0.977491 0.977491 0.977491
3540 12.249755 12.249755 12.249755 0.977491 0.977491 0.977491
3550 12.249755 12.249755 12.249755 0.977491 0.977491 0.977491
3560 12.249755 12.249755 12.249755 0.977491 0.977491 0.977491
3570 12.249755 12.249755 12.249755 0.977491 0.977491 0.977491
3580 12.249755 12.249755 12.249755 0.977491 0.977491 0.977491
3590 12.249755 12.249755 12.249755 0.977491 0.977491 0.977491
3600 12.249755 12.249755 12.249755 0.977491 0.977491 0.977491
3610 12.249755 12.249755 12.249755 0.977491 0.977491 0.977491
3620 12.249755 12.249755 12.249755 0.977491 0.977491 0.977491
3630 12.249755 12.249755 12.249755 0.977491 0.977491 0.977491
3640 12.249755 12.249755 12.249755 0.977491 0.977491 0.977491
3650 12.249755 12.249755 12.249755 0.977491 0.977491 0.977491
3660 12.249755 12.249755 12.249755 0.977491 0.977491 0.977491
3670 12.249755 12.249755 12.249755 0.977491 0.977491 0.977491
3680 12.249755 12.249755 12.249755 0.977491 0.977491 0.977491
3690 12.249755 12.249755 12.249755 0.977491 0.977491 0.977491
3700 12.249755 12.249755 12.249755 0.977491 0.977491 0.977491
3710 12.249755 12.249755 12.249755 0.977491 0.977491 0.977491
3720 12.249755 12.249755 12.249755 0.977491 0.977491 0.977491
3730 12.249755 12.249755 12.249755 0.977491 0.977491 0.977491
3740 12.249755 12.249755 12.249755 0.977491 0.977491 0.977491
3750 12.249755 12.249755 12.249755 0.977491 0.977491 0.977491
3760 12.249755 12.249755 12.249755 0.977491 0.977491 0.977491
3770 12.249755 12.249755 12.249755 0.977491 0.977491 0.977491
3780 12.249755 12.249755 12.249755 0.977491 0.977491 0.977491
3790 12.249755 12.249755 12.249755 0.977491 0.977491 0.977491
3800 12.249755 12.249755 12.249755 0.977491 0.977491 0.977491
3810 12.249755 12.249755 12.249755 0.977491 0.977491 0.977491
3820 12.249755 12.249755 12.249755 0.977491 0.977491 0.977491
3830 12.249755 12.249755 12.249755 0.977491 0.977491 0.977491
3840 12.249755 12.249755 12.249755 0.977491 0.977491 0.977491
3850 12.249755 12.249755 12.249755 0.977491 0.977491 0.977491
3860 12.249755 12.249755 12.249755 0.977491 0.977491 0.977491
3870 12.249755 12.249755 12.249755 0.977491 0.977491 0.977491
3880 12.249755 12.249755 12.249755 0.977491 0.977491 0.977491
3890 12.249755 12.249755 12.249755 0.977491 0.977491 0.977491
3900 12.249755 12.249755 12.249755 0.977491 0.977491 0.977491
3910 12.249755 12.249755 12.249755 0.977491 0.977491 0.977491
3920 12.249755 12.249755 12.249755 0.977491 0.977491 0.977491
3930 12.249755 12.249755 12.249755 0.977491 0.977491 0.977491
3940 12.249755 12.249755 12.249755 0.977491 0.977491 0.977491
3950 12.249755 12.249755 12.249755 0.977491 0.977491 0.977491
3960 12.249755 12.249755 12.249755 0.977491 0.977491 0.977491
3970 12.249755 12.249755 12.249755 0.977491 0.977491 0.977491
3980 12.249755 12.249755 12.249755 0.977491 0.977491 0.977491
3990 12.249755 12.249755 12.249755 0.977491 0.977491 0.977491
4000 12.249755 12.249755 12.249755 0.977491 0.977491 0.977491
4010 12.249755 12.249755 12.249755 0.977491 0.977491 0.977491
4020 12.249755 12.249755 12.249755 0.977491 0.977491 0.977491
4030 12.249755 12.249755 12.249755 0.977491 0.977491 0.977491
4040 12.249755 12.249755 12.249755 0.977491 0.977491 0.977491
4050 12.249755 12.249755 12.249755 0.977491 0.977491 0.977491
4060 12.249755 12.249755 12.249755 0.977491 0.977491 0.977491
4070 12.249755 12.249755 12.249755 0.977491 0.977491 0.977491
4080 12.249755 12.249755 12.249755 0.977491 0.977491 0.977491
4090 12.249755 12.249755 12.249755 0.977491 0.977491 0.977491
4100 12.249755 12.249755 12.249755 0.977491 0.977491 0.977491
4110 12.249755 12.249755 12.249755 0.977491 0.977491 0.977491
4120 12.249755 12.249755 12.249755 0.977491 0.977491 0.977491
4130 12.249755 12.249755 12.249755 0.977491 0.977491 0.977491
4140 12.249755 12.249755 12.249755 0.977491 0.977491 0.977491
4150 12.249755 12.249755 12.249755 0.977491 0.977491 0.977491
4160 12.249755 12.249755 12.249755 0.977491 0.977491 0.977491
4170 12.249755 12.249755 12.249755 0.977491 0.977491 0.977491
4180 12.249755 12.249755 12.249755 0.977491 0.977491 0.977491
4190 12.249755 12.249755 12.249755 0.977491 0.977491 0.977491
4200 12.249755 12.249755 12.249755 0.977491 0.977491 0.977491
4210 12.249755 12.249755 12.249755 0.977491 0.977491 0.977491
4220 12.249755 12.249755 12.249755 0.977491 0.977491 0.977491
4230 12.249755 12.249755 12.249755 0.977491 0.977491 0.977491
4240 12.249755 12.249755 12.249755 0.977491 0.977491 0.977491
4250 12.249755 12.249755 12.249755 0.977491 0.977491 0.977491
4260 12.249755 12.249755 12.249755 0.977491 0.977491 0.977491
4270 12.249755 12.249755 12.249755 0.977491 0.977491 0.977491
4280 12.249755 12.249755 12.249755 0.977491 0.977491 0.977491
4290 12.249755 12.249755 12.249755 0.977491 0.977491 0.977491
4300 12.249755 12.249755 12.249755 0.977491 0.977491 0.977491
4310 12.249755 12.249755 12.249755 0.977491 0.977491 0.977491
4320 12.249755 12.249755 12.249755 0.977491 0.977491 0.977491
4330 12.249755 12.249755 12.249755 0.977491 0.977491 0.977491
4340 12.249755 12.249755 12.249755 0.977491 0.977491 0.977491
4350 12.249755 12.249755 12.249755 0.977491 0.977491 0.977491
4360 12.249755 12.249755 12.249755 0.977491 0.977491 0.977491
4370 12.249755 12.249755 12.249755 0.977491 0.977491 0.977491
4380 12.249755 12.249755 12.249755 0.977491 0.977491 0.977491
4390 12.249755 12.249755 12.249755 0.977491 0.977491 0.977491
4400 12.249755 12.249755 12.249755 0.977491 0.977491 0.977491
4410 12.249755 12.249755 12.249755 0.977491 0.977491 0.977491
4420 12.249755 12.249755 12.249755 0.977491 0.977491 0.977491
4430 12.249755 12.249755 12.249755 0.977491 0.977491 0.977491
4440 12.249755 12.249755 12.249755 0.977491 0.977491 0.977491
4450 12.249755 12.249755 12.249755 0.977491 0.977491 0.977491
4460 12.249755 12.249755 12.249755 0.977491 0.977491 0.977491
4470 12.249755 12.249755 12.249755 0.977491 0.977491 0.977491
4480 12.249755 12.249755 12.249755 0.977491 0.977491 0.977491
4490 12.249755 12.249755 12.249755 0.977491 0.977491 0.977491
4500 12.249755 12.249755 12.249755 0.977491 0.977491 0.977491
4510 12.249755 12.249755 12.249755 0.977491 0.977491 0.977491
4520 12.249755 12.249755 12.249755 0.977491 0.977491 0.977491
4530 12.249755 12.249755 12.249755 0.977491 0.977491 0.977491
4540 12.249755 12.249755 12.249755 0.977491 0.977491 0.977491
4550 12.249755 12.249755 12.249755 0.977491 0.977491 0.977491
4560 12.249755 12.249755 12.249755 0.977491 0.977491 0.977491
4570 12.249755 12.249755 12.249755 0.977491 0.977491 0.977491
4580 12.249755 12.249755 12.249755 0.977491 0.977491 0.977491
4590 12.249755 12.249755 12.249755 0.977491 0.977491 0.977491
4600 12.249755 12.249755 12.249755 0.977491 0.977491 0.977491
4610 12.249755 12.249755 12.249755 0.977491 0.977491 0.977491
4620 12.249755 12.249755 12.249755 0.977491 0.977491 0.977491
4630 12.249755 12.249755 12.249755 0.977491 0.977491 0.977491
4640 12.249755 12.249755 12.249755 0.977491 0.977491 0.977491
4650 12.249755 12.249755 12.249755 0.977491 0.977491 0.977491
4660 12.249755 12.249755 12.249755 0.977491 0.977491 0.977491
4670 12.249755 12.249755 12.249755 0.977491 0.977491 0.977491
4680 12.249755 12.249755 12.249755 0.977491 0.977491 0.977491
4690 12.249755 12.249755 12.249755 0.977491 0.977491 0.977491
4700 12.249755 12.249755 12.249755 0.977491 0.977491 0.977491
4710 12.249755 12.249755 12.249755 0.977491 0.977491 0.977491
4720 12.249755 12.249755 12.249755 0.977491 0.977491 0.977491
4730 12.249755 12.249755 12.249755 0.977491 0.977491 0.977491
4740 12.249755 12.249755 12.249755 0.977491 0.977491 0.977491
4750 12.249755 12.249755 12.249755 0.977491 0.977491 0.977491
4760 12.249755 12.249755 12.249755 0.977491 0.977491 0.977491
4770 12.249755 12.249755 12.249755 0.977491 0.977491 0.977491
4780 12.249755 12.249755 12.249755 0.977491 0.977491 0.977491
4790 12.249755 12.249755 12.249755 0.977491 0.977491 0.977491
4800 12.249755 12.249755 12.249755 0.977491 0.977491 0.977491
4810 12.249755 12.249755 12.249755 0.977491 0.977491 0.977491
4820 12.249755 12.249755 12.249755 0.977491 0.977491 0.977491
4830 12.249755 12.249755 12.249755 0.977491 0.977491 0.977491
4840 12.249755 12.249755 12.249755 0.977491 0.977491 0.977491
4850 12.249755 12.249755 12.249755 0.977491 0.977491 0.977491
4860 12.249755 12.249755 12.249755 0.977491 0.977491 0.977491
4870 12.249755 12.249755 12.249755 0.977491 0.977491 0.977491
4880 12.249755 12.249755 12.249755 0.977491 0.977491 0.977491
4890 12.249755 12.249755 12.249755 0.977491 0.977491 0.977491
4900 12.249755 12.249755 12.249755 0.977491 0.977491 0.977491
4910 12.249755 12.249755 12.249755 0.977491 0.977491 0.977491
4920 12.249755 12.249755 12.249755 0.977491 0.977491 0.977491
4930 12.249755 12.249755 12.249755 0.977491 0.977491 0.977491
4940 12.249755 12.249755 12.249755 0.977491 0.977491 0.977491
4950 12.249755 12.249755 12.249755 0.977491 0.977491 0.977491
4960 12.249755 12.249755 12.249755 0.977491 0.977491 0.977491
4970 12.249755 12.249755 12.249755 0.977491 0.977491 0.977491
4980 12.249755 12.249755 12.249755 0.977491 0.977491 0.977491
4990 12.249755 12.249755 12.249755 0.977491 0.977491 0.977491
5000 12.249755 12.249755 12.249755 0.977491 0.977491 0.977491
5010 12.249755 12.249755 12.249755 0.977491 0.977491 0.977491
5020 12.249755 12.249755 12.249755 0.977491 0.977491 0.977491
5030 12.249755 12.249755 12.249755 0.977491 0.977491 0.977491
5040 12.249755 12.249755 12.249755 0.977491 0.977491 0.977491
5050 12.249755 12.249755 12.249755 0.977491 0.977491 0.977491
5060 12.249755 12.249755 12.249755 0.977491 0.977491 0.977491
5070 12.249755 12.249755 12.249755 0.977491 0.977491 0.977491
5080 12.249755 12.249755 12.249755 0.977491 0.977491 0.977491
5090 12.249755 12.249755 12.249755 0.977491 0.977491 0.977491
5100 12.249755 12.249755 12.249755 0.977491 0.977491 0.977491
5110 12.249755 12.249755 12.249755 0.977491 0.977491 0.977491
5120 12.249755 12.249755 12.249755 0.977491 0.977491 0.977491
5130 12.249755 12.249755 12.249755 0.977491 0.977491 0.977491
5140 12.249755 12.249755 12.249755 0.977491 0.977491 0.977491
5150 12.249755 12.249755 12.249755 0.977491 0.977491 0.977491
5160 12.249755 12.249755 12.249755 0.977491 0.977491 0.977491
5170 12.249755 12.249755 12.249755 0.977491 0.977491 0.977491
5180 12.249755 12.249755 12.249755 0.977491 0.977491 0.977491
5190 12.249755 12.249755 12.249755 0.977491 0.977491 0.977491
5200 12.249755 12.249755 12.249755 0.977491 0.977491 0.977491
5210 12.249755 12.249755 12.249755 0.977491 0.977491 0.977491
5220 12.249755 12.249755 12.249755 0.977491 0.977491 0.977491
5230 12.249755 12.249755 12.249755 0.977491 0.977491 0.977491
5240 12.249755 12.249755 12.249755 0.977491 0.977491 0.977491
5250 12.249755 12.249755 12.249755 0.977491 0.977491 0.977491
5260 12.249755 12.249755 12.249755 0.977491 0.977491 0.977491
5270 12.249755 12.249755 12.249755 0.977491 0.977491 0.977491
5280 12.249755 12.249755 12.249755 0.977491 0.977491 0.977491
5290 12.249755 12.249755 12.249755 0.977491 0.977491 0.977491
5300 12.249755 12.249755 12.249755 0.977491 0.977491 0.977491
5310 12.249755 12.249755 12.249755 0.977491 0.977491 0.977491
5320 12.249755 12.249755 12.249755 0.977491 0.977491 0.977491
5330 12.249755 12.249755 12.249755 0.977491 0.977491 0.977491
5340 12.249755 12.249755 12.249755 0.977491 0.977491 0.977491
5350 12.249755 12.249755 12.249755 0.977491 0.977491 0.977491
5360 12.249755 12.249755 12.249755 0.977491 0.977491 0.977491
5370 12.249755 12.249755 12.249755 0.977491 0.977491 0.977491
5380 12.249755 12.249755 12.249755 0.977491 0.977491 0.977491
5390 12.249755 12.249755 12.249755 0.977491 0.977491 0.977491
5400 12.249755 12.249755 12.249755 0.977491 0.977491 0.977491
5410 12.249755 12.249755 12.249755 0.977491 0.977491 0.977491
5420 12.249755 12.249755 12.249755 0.977491 0.977491 0.977491
5430 12.249755 12.249755 12.249755 0.977491 0.977491 0.977491
5440 12.249755 12.249755 12.249755 0.977491 0.977491 0.977491
5450 12.249755 12.249755 12.249755 0.977491 0.977491 0.977491
5460 12.249755 12.249755 12.249755 0.977491 0.977491 0.977491
5470 12.249755 12.249755 12.249755 0.977491 0.977491 0.977491
5480 12.249755 12.249755 12.249755 0.977491 0.977491 0.977491
5490 12.249755 12.249755 12.249755 0.977491 0.977491 0.977491
5500 12.249755 12.249755 12.249755 0.977491 0.977491 0.977491
5510 12.249755 12.249755 12.249755 0.977491 0.977491 0.977491
5520 12.249755 12.249755 12.249755 0.977491 0.977491 0.977491
5530 12.249755 12.249755 12.249755 0.977491 0.977491 0.977491
5540 12.249755 12.249755 12.249755 0.977491 0.977491 0.977491
5550 12.249755 12.249755 12.249755 0.977491 0.977491 0.977491
5560 12.249755 12.249755 12.249755 0.977491 0.977491 0.977491
5570 12.249755 12.249755 12.249755 0.977491 0.977491 0.977491
5580 12.249755 12.249755 12.249755 0.977491 0.977491 0.977491
5590 12.249755 12.249755 12.249755 0.977491 0.977491 0.977491
5600 12.249755 12.249755 12.249755 0.977491 0.977491 0.977491
5610 12.249755 12.249755 12.249755 0.977491 0.977491 0.977491
5620 12.249755 12.249755 12.249755 0.977491 0.977491 0.977491
5630 12.249755 12.249755 12.249755 0.977491 0.977491 0.977491
5640 12.249755 12.249755 12.249755 0.977491 0.977491 0.977491
5650 12.249755 12.249755 12.249755 0.977491 0.977491 0.977491
5660 12.249755 12.249755 12.249755 0.977491 0.977491 0.977491
5670 12.249755 12.249755 12.249755 0.977491 0.977491 0.977491
5680 12.249755 12.249755 12.249755 0.977491 0.977491 0.977491
5690 12.249755 12.249755 12.249755 0.977491 0.977491 0.977491
5700 12.249755 12.249755 12.249755 0.977491 0.977491 0.977491
5710 12.249755 12.249755 12.249755 0.977491 0.977491 0.977491
5720 12.249755 12.249755 12.249755 0.977491 0.977491 0.977491
5730 12.249755 12.249755 12.249755 0.977491 0.977491 0.977491
5740 12.249755 12.249755 12.249755 0.977491 0.977491 0.977491
5750 12.249755 12.249755 12.249755 0.977491 0.977491 0.977491
5760 12.249755 12.249755 12.249755 0.977491 0.977491 0.977491
5770 12.249755 12.249755 12.249755 0.977491 0.977491 0.977491
5780 12.249755 12.249755 12.249755 0.977491 0.977491 0.977491
5790 12.249755 12.249755 12.249755 0.977491 0.977491 0.977491
5800 12.249755 12.249755 12.249755 0.977491 0.977491 0.977491
5810 12.249755 12.249755 12.249755 0.977491 0.977491 0.977491
5820 12.249755 12.249755 12.249755 0.977491 0.977491 0.977491
5830 12.249755 12.249755 12.249755 0.977491 0.977491 0.977491
5840 12.249755 12.249755 12.249755 0.977491 0.977491 0.977491
5850 12.249755 12.249755 12.249755 0.977491 0.977491 0.977491
5860 12.249755 12.249755 12.249755 0.977491 0.977491 0.977491
5870 12.249755 12.249755 12.249755 0.977491 0.977491 0.977491
5880 12.249755 12.249755 12.249755 0.977491 0.977491 0.977491
5890 12.249755 12.249755 12.249755 0.977491 0.977491 0.977491
5900 12.249755 12.249755 12.249755 0.977491 0.977491 0.977491
5910 12.249755 12.249755 12.249755 0.977491 0.977491 0.977491
5920 12.249755 12.249755 12.249755 0.977491 0.977491 0.977491
5930 12.249755 12.249755 12.249755 0.977491 0.977491 0.977491
5940 12.249755 12.249755 12.249755 0.977491 0.977491 0.977491
5950 12.249755 12.249755 12.249755 0.977491 0.977491 0.977491
5960 12.249755 12.249755 12.249755 0.977491 0.977491 0.977491
5970 12.249755 12.249755 12.249755 0.977491 0.977491 0.977491
5980 12.249755 12.249755 12.249755 0.977491 0.977491 0.977491
5990 12.249755 12.249755 12.249755 0.977491 0.977491 0.977491
6000 12.249755 12.249755 12.249755 0.977491 0.977491 0.977491
6010 12.249755 12.249755 12.249755 0.977491 0.977491 0.977491
6020 12.249755 12.249755 12.249755 0.977491 0.977491 0.977491
6030 12.249755 12.249755 12.249755 0.977491 0.977491 0.977491
6040 12.249755 12.249755 12.249755 0.977491 0.977491 0.977491
6050 12.249755 12.249755 12.249755 0.977491 0.977491 0.977491
6060 12.249755 12.249755 12.249755 0.977491 0.977491 0.977491
6070 12.249755 12.249755 12.249755 0.977491 0.977491 0.977491
6080 12.249755 12.249755 12.249755 0.977491 0.977491 0.977491
6090 12.249755 12.249755 12.249755 0.977491 0.977491 0.977491
6100 12.249755 12.249755 12.249755 0.977491 0.977491 0.977491
6110 12.249755 12.249755 12.249755 0.977491 0.977491 0.977491
6120 12.249755 12.249755 12.249755 0.977491 0.977491 0.977491
6130 12.249755 12.249755 12.249755 0.977491 0.977491 0.977491
6140 12.249755 12.249755 12.249755 0.977491 0.977491 0.977491
6150 12.249755 12.249755 12.249755 0.977491 0.977491 0.977491
6160 12.249755 12.249755 12.249755 0.977491 0.977491 0.977491
6170 12.249755 12.249755 12.249755 0.977491 0.977491 0.977491
6180 12.249755 12.249755 12.249755 0.977491 0.977491 0.977491
6190 12.249755 12.249755 12.249755 0.977491 0.977491 0.977491
6200 12.249755 12.249755 12.249755 0.977491 0.977491 0.977491
6210 12.249755 12.249755 12.249755 0.977491 0.977491 0.977491
6220 12.249755 12.249755 12.249755 0.977491 0.977491 0.977491
6230 12.249755 12.249755 12.249755 0.977491 0.977491 0.977491
6240 12.249755 12.249755 12.249755 0.977491 0.977491 0.977491
6250 12.249755 12.249755 12.249755 0.977491 0.977491 0.977491
6260 12.249755 12.249755 12.249755 0.977491 0.977491 0.977491
6270 12.249755 12.249755 12.249755 0.977491 0.977491 0.977491
6280 12.249755 12.249755 12.249755 0.977491 0.977491 0.977491
6290 12.249755 12.249755 12.249755 0.977491 0.977491 0.977491
6300 12.249755 12.249755 12.249755 0.977491 0.977491 0.977491
6310 12.249755 12.249755 12.249755 0.977491 0.977491 0.977491
6320 12.249755 12.249755 12.249755 0.977491 0.977491 0.977491
6330 12.249755 12.249755 12.249755 0.977491 0.977491 0.977491
6340 12.249755 12.249755 12.249755 0.977491 0.977491 0.977491
6350 12.249755 12.249755 12.249755 0.977491 0.977491 0.977491
6360 12.249755 12.249755 12.249755 0.977491 0.977491 0.977491
6370 12.249755 12.249755 12.249755 0.977491 0.977491 0.977491
6380 12.249755 12.249755 12.249755 0.977491 0.977491 0.977491
6390 12.249755 12.249755 12.249755 0.977491 0.977491 0.977491
6400 12.249755 12.249755 12.249755 0.977491 0.977491 0.977491
6410 12.249755 12.249755 12.249755 0.977491 0.977491 0.977491
6420 12.249755 12.249755 12.249755 0.977491 0.977491 0.977491
6430 12.249755 12.249755 12.249755 0.977491 0.977491 0.977491
6440 12.249755 12.249755 12.249755 0.977491 0.977491 0.977491
6450 12.249755 12.249755 12.249755 0.977491 0.977491 0.977491
6460 12.249755 12.249755 12.249755 0.977491 0.977491 0.977491
6470 12.249755 12.249755 12.249755 0.977491 0.977491 0.977491
6480 12.249755 12.249755 12.249755 0.977491 0.977491 0.977491
6490 12.249755 12.249755 12.249755 0.977491 0.977491 0.977491
6500 12.249755 12.249755 12.249755 0.977491 0.977491 0.977491
6510 12.249755 12.249755 12.249755 0.977491 0.977491 0.977491
6520 12.249755 12.249755 12.249755 0.977491 0.977491 0.977491
6530 12.249755 12.249755 12.249755 0.977491 0.977491 0.977491
6540 12.249755 12.249755 12.249755 0.977491 0.977491 0.977491
6550 12.249755 12.249755 12.249755 0.977491 0.977491 0.977491
6560 12.249755 12.249755 12.249755 0.977491 0.977491 0.977491
6570 12.249755 12.249755 12.249755 0.977491 0.977491 0.977491
6580 12.249755 12.249755 12.249755 0.977491 0.977491 0.977491
6590 12.249755 12.249755 12.249755 0.977491 0.977491 0.977491
6600 12.249755 12.249755 12.249755 0.977491 0.977491 0.977491
6610 12.249755 12.249755 12.249755 0.977491 0.977491 0.977491
6620 12.249755 12.249755 12.249755 0.977491 0.977491 0.977491
6630 12.249755 12.249755 12.249755 0.977491 0.977491 0.977491
6640 12.249755 12.249755 12.249755 0.977491 0.977491 0.977491
6650 12.249755 12.249755 12.249755 0.977491 0.977491 0.977491
6660 12.249755 12.249755 12.249755 0.977491 0.977491 0.977491
6670 12.249755 12.249755 12.249755 0.977491 0.977491 0.977491
6680 12.249755 12.249755 12.249755 0.977491 0.977491 0.977491
6690 12.249755 12.249755 12.249755 0.977491 0.977491 0.977491
6700 12.249755 12.249755 12.249755 0.977491 0.977491 0.977491
6710 12.249755 12.249755 12.249755 0.977491 0.977491 0.977491
6720 12.249755 12.249755 12.249755 0.977491 0.977491 0.977491
6730 12.249755 12.249755 12.249755 0.977491 0.977491 0.977491
6740 12.249755 12.249755 12.249755 0.977491 0.977491 0.977491
6750 12.249755 12.249755 12.249755 0.977491 0.977491 0.977491
6760 12.249755 12.249755 12.249755 0.977491 0.977491 0.977491
6770 12.249755 12.249755 12.249755 0.977491 0.977491 0.977491
6780 12.249755 12.249755 12.249755 0.977491 0.977491 0.977491
6790 12.249755 12.249755 12.249755 0.977491 0.977491 0.977491
6800 12.249755 12.249755 12.249755 0.977491 0.977491 0.977491
6810 12.249755 12.249755 12.249755 0.977491 0.977491 0.977491
6820 12.249755 12.249755 12.249755 0.977491 0.977491 0.977491
6830 12.249755 12.249755 12.249755 0.977491 0.977491 0.977491
6840 12.249755 12.249755 12.249755 0.977491 0.977491 0.977491
6850 12.249755 12.249755 12.249755 0.977491 0.977491 0.977491
6860 12.249755 12.249755 12.249755 0.977491 0.977491 0.977491
6870 12.249755 12.249755 12.249755 0.977491 0.977491 0.977491
6880 12.249755 12.249755 12.249755 0.977491 0.977491 0.977491
6890 12.249755 12.249755 12.249755 0.977491 0.977491 0.977491
6900 12.249755 12.249755 12.249755 0.977491 0.977491 0.977491
6910 12.249755 12.249755 12.249755 0.977491 0.977491 0.977491
6920 12.249755 12.249755 12.249755 0.977491 0.977491 0.977491
6930 12.249755 12.249755 12.249755 0.977491 0.977491 0.977491
6940 12.249755 12.249755 12.249755 0.977491 0.977491 0.977491
6950 12.249755 12.249755 12.249755 0.977491 0.977491 0.977491
6960 12.249755 12.249755 12.249755 0.977491 0.977491 0.977491
6970 12.249755 12.249755 12.249755 0.977491 0.977491 0.977491
6980 12.249755 12.249755 12.249755 0.977491 0.977491 0.977491
6990 12.249755 12.249755 12.249755 0.977491 0.977491 0.977491
7000 12.249755 12.249755 12.249755 0.977491 0.977491 0.977491
7010 12.249755 12.249755 12.249755 0.977491 0.977491 0.977491
7020 12.249755 12.249755 12.249755 0.977491 0.977491 0.977491
7030 12.249755 12.249755 12.249755 0.977491 0.977491 0.977491
7040 12.249755 12.249755 12.249755 0.977491 0.977491 0.977491
7050 12.249755 12.249755 12.249755 0.977491 0.977491 0.977491
7060 12.249755 12.249755 12.249755 0.977491 0.977491 0.977491
7070 12.249755 12.249755 12.249755 0.977491 0.977491 0.977491
7080 12.249755 12.249755 12.249755 0.977491 0.977491 0.977491
7090 12.249755 12.249755 12.249755 0.977491 0.977491 0.977491
7100 12.249755 12.249755 12.249755 0.977491 0.977491 0.977491
7110 12.249755 12.249755 12.249755 0.977491 0.977491 0.977491
7120 12.249755 12.249755 12.249755 0.977491 0.977491 0.977491
7130 12.249755 12.249755 12.249755 0.977491 0.977491 0.977491
7140 12.249755 12.249755 12.249755 0.977491 0.977491 0.977491
7150 12.249755 12.249755 12.249755 0.977491 0.977491 0.977491
7160 12.249755 12.249755 12.249755 0.977491 0.977491 0.977491
7170 12.249755 12.249755 12.249755 0.977491 0.977491 0.977491
7180 12.249755 12.249755 12.249755 0.977491 0.977491 0.977491
7190 12.249755 12.249755 12.249755 0.977491 0.977491 0.977491
7200 12.249755 12.249755 12.249755 0.977491 0.977491 0.977491
7210 12.249755 12.249755 12.249755 0.977491 0.977491 0.977491
7220 12.249755 12.249755 12.249755 0.977491 0.977491 0.977491
7230 12.249755 12.249755 12.249755 0.977491 0.977491 0.977491
7240 12.249755 12.249755 12.249755 0.977491 0.977491 0.977491
7250 12.249755 12.249755 12.249755 0.977491 0.977491 0.977491
7260 12.249755 12.249755 12.249755 0.977491 0.977491 0.977491
7270 12.249755 12.249755 12.249755 0.977491 0.977491 0.977491
7280 12.249755 12.249755 12.249755 0.977491 0.977491 0.977491
7290 12.249755 12.249755 12.249755 0.977491 0.977491 0.977491
7300 12.249755 12.249755 12.249755 0.977491 0.977491 0.977491
7310 12.249755 12.249755 12.249755 0.977491 0.977491 0.977491
7320 12.249755 12.249755 12.249755 0.977491 0.977491 0.977491
7330 12.249755 12.249755 12.249755 0.977491 0.977491 0.977491
7340 12.249755 12.249755 12.249755 0.977491 0.977491 0.977491
7350 12.249755 12.249755 12.249755 0.977491 0.977491 0.977491
7360 12.249755 12.249755 12.249755 0.977491 0.977491 0.977491
7370 12.249755 12.249755 12.249755 0.977491 0.977491 0.977491
7380 12.249755 12.249755 12.249755 0.977491 0.977491 0.977491
7390 12.249755 12.249755 12.249755 0.977491 0.977491 0.977491
7400 12.249755 12.249755 12.249755 0.977491 0.977491 0.977491
7410 12.249755 12.249755 12.249755 0.977491 0.977491 0.977491
7420 12.249755 12.249755 12.249755 0.977491 0.977491 0.977491
7430 12.249755 12.249755 12.249755 0.977491 0.977491 0.977491
7440 12.249755 12.249755 12.249755 0.977491 0.977491 0.977491
7450 12.249755 12.249755 12.249755 0.977491 0.977491 0.977491
7460 12.249755 12.249755 12.249755 0.977491 0.977491 0.977491
7470 12.249755 12.249755 12.249755 0.977491 0.977491 0.977491
7480 12.249755 12.249755 12.249755 0.977491 0.977491 0.977491
7490 12.249755 12.249755 12.249755 0.977491 0.977491 0.977491
7500 12.249755 12.249755 12.249755 0.977491 0.977491 0.977491
7510 12.249755 12.249755 12.249755 0.977491 0.977491 0.977491
7520 12.249755 12.249755 12.249755 0.977491 0.977491 0.977491
7530 12.249755 12.249755 12.249755 0.977491 0.977491 0.977491
7540 12.249755 12.249755 12.249755 0.977491 0.977491 0.977491
7550 12.249755 12.249755 12.249755 0.977491 0.977491 0.977491
7560 12.249755 12.249755 12.249755 0.977491 0.977491 0.977491
7570 12.249755 12.249755 12.249755 0.977491 0.977491 0.977491
7580 12.249755 12.249755 12.249755 0.977491 0.977491 0.977491
7590 12.249755 12.249755 12.249755 0.977491 0.977491 0.977491
7600 12.249755 12.249755 12.249755 0.977491 0.977491 0.977491
7610 12.249755 12.249755 12.249755 0.977491 0.977491 0.977491
7620 12.249755 12.249755 12.249755 0.977491 0.977491 0.977491
7630 12.249755 12.249755 12.249755 0.977491 0.977491 0.977491
7640 12.249755 12.249755 12.249755 0.977491 0.977491 0.977491
7650 12.249755 12.249755 12.249755 0.977491 0.977491 0.977491
7660 12.249755 12.249755 12.249755 0.977491 0.977491 0.977491
7670 12.249755 12.249755 12.249755 0.977491 0.977491 0.977491
7680 12.249755 12.249755 12.249755 0.977491 0.977491 0.977491
7690 12.249755 12.249755 12.249755 0.977491 0.977491 0.977491
7700 12.249755 12.249755 12.249755 0.977491 0.977491 0.977491
7710 12.249755 12.249755 12.249755 0.977491 0.977491 0.977491
7720 12.249755 12.249755 12.249755 0.977491 0.977491 0.977491
7730 12.249755 12.249755 12.249755 0.977491 0.977491 0.977491
7740 12.249755 12.249755 12.249755 0.977491 0.977491 0.977491
7750 12.249755 12.249755 12.249755 0.977491 0.977491 0.977491
7760 12.249755 12.249755 12.249755 0.977491 0.977491 0.977491
7770 12.249755 12.249755 12.249755 0.977491 0.977491 0.977491
7780 12.249755 12.249755 12.249755 0.977491 0.977491 0.977491
7790 12.249755 12.249755 12.249755 0.977491 0.977491 0.977491
7800 12.249755 12.249755 12.249755 0.977491 0.977491 0.977491
7810 12.249755 12.249755 12.249755 0.977491 0.977491 0.977491
7820 12.249755 12.249755 12.249755 0.977491 0.977491 0.977491
7830 12.249755 12.249755 12.249755 0.977491 0.977491 0.977491
7840 12.249755 12.249755 12.249755 0.977491 0.977491 0.977491
7850 12.249755 12.249755 12.249755 0.977491 0.977491 0.977491
7860 12.249755 12.249755 12.249755 0.977491 0.977491 0.977491
7870 12.249755 12.249755 12.249755 0.977491 0.977491 0.977491
7880 12.249755 12.249755 12.249755 0.977491 0.977491 0.977491
7890 12.249755 12.249755 12.249755 0.977491 0.977491 0.977491
7900 12.249755 12.249755 12.249755 0.977491 0.977491 0.977491
7910 12.249755 12.249755 12.249755 0.977491 0.977491 0.977491
7920 12.249755 12.249755 12.249755 0.977491 0.977491 0.977491
7930 12.249755 12.249755 12.249755 0.977491 0.977491 0.977491
7940 12.249755 12.249755 12.249755 0.977491 0.977491 0.977491
7950 12.249755 12.249755 12.249755 0.977491 0.977491 0.977491
7960 12.249755 12.249755 12.249755 0.977491 0.977491 0.977491
7970 12.249755 12.249755 12.249755 0.977491 0.977491 0.977491
7980 12.249755 12.249755 12.249755 0.977491 0.977491 0.977491
7990 12.249755 12.249755 12.249755 0.977491 0.977491 0.977491
8000 12.249755 12.249755 12.249755 0.977491 0.977491 0.977491
8010 12.249755 12.249755 12.249755 0.977491 0.977491 0.977491
8020 12.249755 12.249755 12.249755 0.977491 0.977491 0.977491
8030 12.249755 12.249755 12.249755 0.977491 0.977491 0.977491
8040 12.249755 12.249755 12.249755 0.977491 0.977491 0.977491
8050 12.249755 12.249755 12.249755 0.977491 0.977491 0.977491
8060 12.249755 12.249755 12.249755 0.977491 0.977491 0.977491
8070 12.249755 12.249755 12.249755 0.977491 0.977491 0.977491
8080 12.249755 12.249755 12.249755 0.977491 0.977491 0.977491
8090 12.249755 12.249755 12.249755 0.977491 0.977491 0.977491
8100 12.249755 12.249755 12.249755 0.977491 0.977491 0.977491
8110 12.249755 12.249755 12.249755 0.977491 0.977491 0.977491
8120 12.249755 12.249755 12.249755 0.977491 0.977491 0.977491
8130 12.249755 12.249755 12.249755 0.977491 0.977491 0.977491
8140 12.249755 12.249755 12.249755 0.977491 0.977491 0.977491
8150 12.249755 12.249755 12.249755 0.977491 0.977491 0.977491
8160 12.249755 12.249755 12.249755 0.977491 0.977491 0.977491
8170 12.249755 12.249755 12.249755 0.977491 0.977491 0.977491
8180 12.249755 12.249755 12.249755 0.977491 0.977491 0.977491
8190 12.249755 12.249755 12.249755 0.977491 0.977491 0.977491
8200 12.249755 12.249755 12.249755 0.977491 0.977491 0.977491
8210 12.249755 12.249755 12.249755 0.977491 0.977491 0.977491
8220 12.249755 12.249755 12.249755 0.977491 0.977491 0.977491
8230 12.249755 12.249755 12.249755 0.977491 0.977491 0.977491
8240 12.249755 12.249755 12.249755 0.977491 0.977491 0.977491
8250 12.249755 12.249755 12.249755 0.977491 0.977491 0.977491
8260 12.249755 12.249755 12.249755 0.977491 0.977491 0.977491
8270 12.249755 12.249755 12.249755 0.977491 0.977491 0.977491
8280 12.249755 12.249755 12.249755 0.977491 0.977491 0.977491
8290 12.249755 12.249755 12.249755 0.977491 0.977491 0.977491
8300 12.249755 12.249755 12.249755 0.977491 0.977491 0.977491
8310 12.249755 12.249755 12.249755 0.977491 0.977491 0.977491
8320 12.249755 12.249755 12.249755 0.977491 0.977491 0.977491
8330 12.249755 12.249755 12.249755 0.977491 0.977491 0.977491
8340 12.249755 12.249755 12.249755 0.977491 0.977491 0.977491
8350 12.249755 12.249755 12.249755 0.977491 0.977491 0.977491
8360 12.249755 12.249755 12.249755 0.977491 0.977491 0.977491
8370 12.249755 12.249755 12.249755 0.977491 0.977491 0.977491
8380 12.249755 12.249755 12.249755 0.977491 0.977491 0.977491
8390 12.249755 12.249755 12.249755 0.977491 0.977491 0.977491
8400 12.249755 12.249755 12.249755 0.977491 0.977491 0.977491
8410 12.249755 12.249755 12.249755 0.977491 0.977491 0.977491
8420 12.249755 12.249755 12.249755 0.977491 0.977491 0.977491
8430 12.249755 12.249755 12.249755 0.977491 0.977491 0.977491
8440 12.249755 12.249755 12.249755 0.977491 0.977491 0.977491
8450 12.249755 12.249755 12.249755 0.977491 0.977491 0.977491
8460 12.249755 12.249755 12.249755 0.977491 0.977491 0.977491
8470 12.249755 12.249755 12.249755 0.977491 0.977491 0.977491
8480 12.249755 12.249755 12.249755 0.977491 0.977491 0.977491
8490 12.249755 12.249755 12.249755 0.977491 0.977491 0.977491
8500 12.249755 12.249755 12.249755 0.977491 0.977491 0.977491
8510 12.249755 12.249755 12.249755 0.977491 0.977491 0.977491
8520 12.249755 12.249755 12.249755 0.977491 0.977491 0.977491
8530 12.249755 12.249755 12.249755 0.977491 0.977491 0.977491
8540 12.249755 12.249755 12.249755 0.977491 0.977491 0.977491
8550 12.249755 12.249755 12.249755 0.977491 0.977491 0.977491
8560 12.249755 12.249755 12.249755 0.977491 0.977491 0.977491
8570 12.249755 12.249755 12.249755 0.977491 0.977491 0.977491
8580 12.249755 12.249755 12.249755 0.977491 0.977491 0.977491
8590 12.249755 12.249755 12.249755 0.977491 0.977491 0.977491
8600 12.249755 12.249755 12.249755 0.977491 0.977491 0.977491
8610 12.249755 12.249755 12.249755 0.977491 0.977491 0.977491
8620 12.249755 12.249755 12.249755 0.977491 0.977491 0.977491
8630 12.249755 12.249755 12.249755 0.977491 0.977491 0.977491
8640 12.249755 12.249755 12.249755 0.977491 0.977491 0.977491
8650 12.249755 12.249755 12.249755 0.977491 0.977491 0.977491
8660 12.249755 12.249755 12.249755 0.977491 0.977491 0.977491
8670 12.249755 12.249755 12.249755 0.977491 0.977491 0.977491
8680 12.249755 12.249755 12.249755 0.977491 0.977491 0.977491
8690 12.249755 12.249755 12.249755 0.977491 0.977491 0.977491
8700 12.249755 12.249755 12.249755 0.977491 0.977491 0.977491
8710 12.249755 12.249755 12.249755 0.977491 0.977491 0.977491
8720 12.249755 12.249755 12.249755 0.977491 0.977491 0.977491
8730 12.249755 12.249755 12.249755 0.977491 0.977491 0.977491
8740 12.249755 12.249755 12.249755 0.977491 0.977491 0.977491
8750 12.249755 12.249755 12.249755 0.977491 0.977491 0.977491
8760 12.249755 12.249755 12.249755 0.977491 0.977491 0.977491
8770 12.249755 12.249755 12.249755 0.977491 0.977491 0.977491
8780 12.249755 12.249755 12.249755 0.977491 0.977491 0.977491
8790 12.249755 12.249755 12.249755 0.977491 0.977491 0.977491
8800 12.249755 12.249755 12.249755 0.977491 0.977491 0.977491
8810 12.249755 12.249755 12.249755 0.977491 0.977491 0.977491
8820 12.249755 12.249755 12.249755 0.977491 0.977491 0.977491
8830 12.249755 12.249755 12.249755 0.977491 0.977491 0.977491
8840 12.249755 12.249755 12.249755 0.977491 0.977491 0.977491
8850 12.249755 12.249755 12.249755 0.977491 0.977491 0.977491
8860 12.249755 12.249755 12.249755 0.977491 0.977491 0.977491
8870 12.249755 12.249755 12.249755 0.977491 0.977491 0.977491
8880 12.249755 12.249755 12.249755 0.977491 0.977491 0.977491
8890 12.249755 12.249755 12.249755 0.977491 0.977491 0.977491
8900 12.249755 12.249755 12.249755 0.977491 0.977491 0.977491
8910 12.249755 12.249755 12.249755 0.977491 0.977491 0.977491
8920 12.249755 12.249755 12.249755 0.977491 0.977491 0.977491
8930 12.249755 12.249755 12.249755 0.977491 0.977491 0.977491
8940 12.249755 12.249755 12.249755 0.977491 0.977491 0.977491
8950 12.249755 12.249755 12.249755 0.977491 0.977491 0.977491
8960 12.249755 12.249755 12.249755 0.977491 0.977491 0.977491
8970 12.249755 12.249755 12.249755 0.977491 0.977491 0.977491
8980 12.249755 12.249755 12.249755 0.977491 0.977491 0.977491
8990 12.249755 12.249755 12.249755 0.977491 0.977491 0.977491
9000 12.249755 12.249755 12.249755 0.977491 0.977491 0.977491
9010 12.249755 12.249755 12.249755 0.977491 0.977491 0.977491
9020 12.249755 12.249755 12.249755 0.977491 0.977491 0.977491
9030 12.249755 12.249755 12.249755 0.977491 0.977491 0.977491
9040 12.249755 12.249755 12.249755 0.977491 0.977491 0.977491
9050 12.249755 12.249755 12.249755 0.977491 0.977491 0.977491
9060 12.249755 12.249755 12.249755 0.977491 0.977491 0.977491
9070 12.249755 12.249755 12.249755 0.977491 0.977491 0.977491
9080 12.249755 12.249755 12.249755 0.977491 0.977491 0.977491
9090 12.249755 12.249755 12.249755 0.977491 0.977491 0.977491
9100 12.249755 12.249755 12.249755 0.977491 0.977491 0.977491
9110 12.249755 12.249755 12.249755 0.977491 0.977491 0.977491
9120 12.249755 12.249755 12.249755 0.977491 0.977491 0.977491
9130 12.249755 12.249755 12.249755 0.977491 0.977491 0.977491
9140 12.249755 12.249755 12.249755 0.977491 0.977491 0.977491
9150 12.249755 12.249755 12.249755 0.977491 0.977491 0.977491
9160 12.249755 12.249755 12.249755 0.977491 0.977491 0.977491
9170 12.249755 12.249755 12.249755 0.977491 0.977491 0.977491
9180 12.249755 12.249755 12.249755 0.977491 0.977491 0.977491
9190 12.249755 12.249755 12.249755 0.977491 0.977491 0.977491
9200 12.249755 12.249755 12.249755 0.977491 0.977491 0.977491
9210 12.249755 12.249755 12.249755 0.977491 0.977491 0.977491
9220 12.249755 12.249755 12.249755 0.977491 0.977491 0.977491
9230 12.249755 12.249755 12.249755 0.977491 0.977491 0.977491
9240 12.249755 12.249755 12.249755 0.977491 0.977491 0.977491
9250 12.249755 12.249755 12.249755 0.977491 0.977491 0.977491
9260 12.249755 12.249755 12.249755 0.977491 0.977491 0.977491
9270 12.249755 12.249755 12.249755 0.977491 0.977491 0.977491
9280 12.249755 12.249755 12.249755 0.977491 0.977491 0.977491
9290 12.249755 12.249755 12.249755 0.977491 0.977491 0.977491
9300 12.249755 12.249755 12.249755 0.977491 0.977491 0.977491
9310 12.249755 12.249755 12.249755 0.977491 0.977491 0.977491
9320 12.249755 12.249755 12.249755 0.977491 0.977491 0.977491
9330 12.249755 12.249755 12.249755 0.977491 0.977491 0.977491
9340 12.249755 12.249755 12.249755 0.977491 0.977491 0.977491
9350 12.249755 12.249755 12.249755 0.977491 0.977491 0.977491
9360 12.249755 12.249755 12.249755 0.977491 0.977491 0.977491
9370 12.249755 12.249755 12.249755 0.977491 0.977491 0.977491
9380 12.249755 12.249755 12.249755 0.977491 0.977491 0.977491
9390 12.249755 12.249755 12.249755 0.977491 0.977491 0.977491
9400 12.249755 12.249755 12.249755 0.977491 0.977491 0.977491
9410 12.249755 12.249755 12.249755 0.977491 0.977491 0.977491
9420 12.249755 12.249755 12.249755 0.977491 0.977491 0.977491
9430 12.249755 12.249755 12.249755 0.977491 0.977491 0.977491
9440 12.249755 12.249755 12.249755 0.977491 0.977491 0.977491
9450 12.249755 12.249755 12.249755 0.977491 0.977491 0.977491
9460 12.249755 12.249755 12.249755 0.977491 0.977491 0.977491
9470 12.249755 12.249755 12.249755 0.977491 0.977491 0.977491
9480 12.249755 12.249755 12.249755 0.977491 0.977491 0.977491
9490 12.249755 12.249755 12.249755 0.977491 0.977491 0.977491
9500 12.249755 12.249755 12.249755 0.977491 0.977491 0.977491
9510 12.249755 12.249755 12.249755 0.977491 0.977491 0.977491
9520 12.249755 12.249755 12.249755 0.977491 0.977491 0.977491
9530 12.249755 12.249755 12.249755 0.977491 0.977491 0.977491
9540 12.249755 12.249755 12.249755 0.977491 0.977491 0.977491
9550 12.249755 12.249755 12.249755 0.977491 0.977491 0.977491
9560 12.249755 12.249755 12.249755 0.977491 0.977491 0.977491
9570 12.249755 12.249755 12.249755 0.977491 0.977491 0.977491
9580 12.249755 12.249755 12.249755 0.977491 0.977491 0.977491
9590 12.249755 12.249755 12.249755 0.977491 0.977491 0.977491
9600 12.249755 12.249755 12.249755 0.977491 0.977491 0.977491
9610 12.249755 12.249755 12.249755 0.977491 0.977491 0.977491
9620 12.249755 12.249755 12.249755 0.977491 0.977491 0.977491
9630 12.249755 12.249755 12.249755 0.977491 0.977491 0.977491
9640 12.249755 12.249755 12.249755 0.977491 0.977491 0.977491
9650 12.249755 12.249755 12.249755 0.977491 0.977491 0.977491
9660 12.249755 12.249755 12.249755 0.977491 0.977491 0.977491
9670 12.249755 12.249755 12.249755 0.977491 0.977491 0.977491
9680 12.249755 12.249755 12.249755 0.977491 0.977491 0.977491
9690 12.249755 12.249755 12.249755 0.977491 0.977491 0.977491
9700 12.249755 12.249755 12.249755 0.977491 0.977491 0.977491
9710 12.249755 12.249755 12.249755 0.977491 0.977491 0.977491
9720 12.249755 12.249755 12.249755 0.977491 0.977491 0.977491
9730 12.249755 12.249755 12.249755 0.977491 0.977491 0.977491
9740 12.249755 12.249755 12.249755 0.977491 0.977491 0.977491
9750 12.249755 12.249755 12.249755 0.977491 0.977491 0.977491
9760 12.249755 12.249755 12.249755 0.977491 0.977491 0.977491
9770 12.249755 12.249755 12.249755 0.977491 0.977491 0.977491
9780 12.249755 12.249755 12.249755 0.977491 0.977491 0.977491
9790 12.249755 12.249755 12.249755 0.977491 0.977491 0.977491
9800 12.249755 12.249755 12.249755 0.977491 0.977491 0.977491
9810 12.249755 12.249755 12.249755 0.977491 0.977491 0.977491
9820 12.249755 12.249755 12.249755 0.977491 0.977491 0.977491
9830 12.249755 12.249755 12.249755 0.977491 0.977491 0.977491
9840 12.249755 12.249755 12.249755 0.977491 0.977491 0.977491
9850 12.249755 12.249755 12.249755 0.977491 0.977491 0.977491
9860 12.249755 12.249755 12.249755 0.977491 0.977491 0.977491
9870 12.249755 12.249755 12.249755 0.977491 0.977491 0.977491
9880 12.249755 12.249755 12.249755 0.977491 0.977491 0.977491
9890 12.249755 12.249755 12.249755 0.977491 0.977491 0.977491
9900 12.249755 12.249755 12.249755 0.977491 0.977491 0.977491
9910 12.249755 12.249755 12.249755 0.977491 0.977491 0.977491
9920 12.249755 12.249755 12.249755 0.977491 0.977491 0.977491
9930 12.249755 12.249755 12.249755 0.977491 0.977491 0.977491
9940 12.249755 12.249755 12.249755 0.977491 0.977491 0.977491
9950 12.249755 12.249755 12.249755 0.977491 0.977491 0.977491
9960 12.249755 12.249755 12.249755 0.977491 0.977491 0.977491
9970 12.249755 12.249755 12.249755 0.977491 0.977491 0.977491
9980 12.249755 12.249755 12.249755 0.977491 0.977491 0.977491
9990 12.249755 12.249755 12.249755 0.977491 0.977491 0.977491
10000 12.997042 12.997042 12.997042 1.145829 1.145829 1.145829
