# generation power_min power_avg power_max util_min util_avg util_max
1 48.647346 49.223430 49.912037 0.892634 0.927900 0.949406
10 48.348103 49.137001 49.702612 0.907651 0.931267 0.952807
20 48.251797 49.048456 49.499884 0.907651 0.933886 0.952807
30 48.251797 48.985546 49.356758 0.911165 0.936421 0.952807
40 48.221952 48.920847 49.280547 0.920616 0.938381 0.956580
50 48.126035 48.848521 49.183511 0.921097 0.940703 0.958879
60 48.126035 48.781590 49.120683 0.921097 0.942623 0.959102
70 47.956199 48.712893 49.071397 0.926010 0.944580 0.962856
80 47.956199 48.654816 49.027237 0.926920 0.946372 0.962856
90 47.951955 48.591164 48.962469 0.926920 0.947592 0.964002
100 47.951955 48.518769 48.918380 0.926920 0.948855 0.964002
110 47.951955 48.448819 48.833545 0.937536 0.950472 0.964002
120 47.951955 48.384844 48.749920 0.937631 0.951753 0.964002
130 47.951955 48.328445 48.666519 0.939715 0.953001 0.964002
140 47.951955 48.274111 48.603318 0.940793 0.954002 0.964002
150 47.946535 48.220293 48.551925 0.940793 0.954971 0.966678
160 47.946535 48.169308 48.508074 0.942986 0.956128 0.966678
170 47.867888 48.119738 48.407477 0.943312 0.957345 0.971870
180 47.867888 48.080060 48.332458 0.948902 0.958773 0.971870
190 47.858855 48.048594 48.221952 0.950706 0.959981 0.971910
200 47.858855 48.024587 48.147046 0.952409 0.961084 0.971910
210 47.749888 48.003045 48.132525 0.955355 0.961965 0.977298
220 47.749888 47.982679 48.114062 0.955355 0.962711 0.977298
230 47.749888 47.963294 48.066711 0.957871 0.963704 0.977298
240 47.749888 47.945822 48.042921 0.957871 0.964730 0.977298
250 47.749888 47.928313 48.024194 0.958563 0.965714 0.977298
260 47.749888 47.911683 48.006001 0.958827 0.966890 0.977298
270 47.749888 47.894955 47.978521 0.960902 0.968202 0.977298
280 47.739698 47.879176 47.969736 0.961221 0.969457 0.977298
290 47.739698 47.864284 47.951955 0.961918 0.970686 0.977298
300 47.739698 47.852203 47.951955 0.961918 0.971701 0.977298
310 47.739698 47.838488 47.928754 0.964900 0.972750 0.977298
320 47.739698 47.827161 47.878497 0.966084 0.973601 0.977298
330 47.739698 47.819954 47.867888 0.968518 0.974195 0.977298
340 47.739698 47.811942 47.867888 0.968518 0.974550 0.977298
350 47.735653 47.803673 47.858855 0.968518 0.974907 0.977298
360 47.735653 47.798637 47.821962 0.973490 0.975194 0.977298
370 47.735653 47.792155 47.821962 0.973490 0.975354 0.977298
380 47.735653 47.785990 47.821962 0.973490 0.975492 0.977298
390 47.673264 47.778608 47.821962 0.973490 0.975669 0.979206
400 47.673264 47.770963 47.821962 0.973490 0.975875 0.979206
410 47.673264 47.762528 47.817917 0.973490 0.976072 0.979206
420 47.673264 47.753890 47.800090 0.973490 0.976309 0.979206
430 47.673264 47.746685 47.777140 0.976200 0.976611 0.979206
440 47.673264 47.742055 47.777140 0.976200 0.976662 0.979206
450 47.673264 47.737445 47.777140 0.976200 0.976691 0.979206
460 47.668276 47.731297 47.777140 0.976200 0.976776 0.979432
470 47.668276 47.727654 47.745843 0.976200 0.976795 0.979432
480 47.668276 47.725962 47.739698 0.976200 0.976799 0.979432
490 47.668276 47.723893 47.739698 0.976200 0.976862 0.979432
500 47.668276 47.720045 47.739698 0.976200 0.976993 0.979432
510 47.668276 47.717487 47.739698 0.976200 0.977070 0.979432
520 47.664231 47.712061 47.739698 0.976200 0.977272 0.979432
530 47.664231 47.706282 47.735653 0.976200 0.977499 0.979432
540 47.664231 47.701475 47.735653 0.976200 0.977717 0.979432
550 47.664231 47.695564 47.735653 0.976200 0.977983 0.979432
560 47.664231 47.689270 47.735653 0.976200 0.978272 0.979432
570 47.664231 47.682851 47.735653 0.976200 0.978574 0.979432
580 47.664231 47.677066 47.694877 0.977944 0.978841 0.979432
590 47.664231 47.674529 47.694877 0.977944 0.978959 0.979432
600 47.664231 47.672496 47.685844 0.977984 0.979078 0.979432
610 47.664231 47.670606 47.685844 0.977984 0.979203 0.979432
620 47.664231 47.669812 47.673264 0.979206 0.979230 0.979432
630 47.664231 47.668999 47.673264 0.979206 0.979233 0.979432
640 47.664231 47.668186 47.673264 0.979206 0.979237 0.979432
650 47.664231 47.667283 47.673264 0.979206 0.979241 0.979432
660 47.664231 47.666380 47.673264 0.979206 0.979245 0.979432
670 47.664231 47.665476 47.673264 0.979206 0.979249 0.979432
680 47.664231 47.664573 47.673264 0.979206 0.979253 0.979432
690 47.664231 47.664231 47.664231 0.979246 0.979246 0.979246
700 47.664231 47.664231 47.664231 0.979246 0.979246 0.979246
710 47.664231 47.664231 47.664231 0.979246 0.979246 0.979246
720 47.664231 47.664231 47.664231 0.979246 0.979246 0.979246
730 47.664231 47.664231 47.664231 0.979246 0.979246 0.979246
740 47.664231 47.664231 47.664231 0.979246 0.979246 0.979246
750 47.664231 47.664231 47.664231 0.979246 0.979246 0.979246
760 47.664231 47.664231 47.664231 0.979246 0.979246 0.979246
770 47.664231 47.664231 47.664231 0.979246 0.979246 0.979246
780 47.664231 47.664231 47.664231 0.979246 0.979246 0.979246
790 47.664231 47.664231 47.664231 0.979246 0.979246 0.979246
800 47.664231 47.664231 47.664231 0.979246 0.979246 0.979246
810 47.664231 47.664231 47.664231 0.979246 0.979246 0.979246
820 47.664231 47.664231 47.664231 0.979246 0.979246 0.979246
830 47.664231 47.664231 47.664231 0.979246 0.979246 0.979246
840 47.664231 47.664231 47.664231 0.979246 0.979246 0.979246
850 47.664231 47.664231 47.664231 0.979246 0.979246 0.979246
860 47.664231 47.664231 47.664231 0.979246 0.979246 0.979246
870 47.664231 47.664231 47.664231 0.979246 0.979246 0.979246
880 47.664231 47.664231 47.664231 0.979246 0.979246 0.979246
890 47.664231 47.664231 47.664231 0.979246 0.979246 0.979246
900 47.664231 47.664231 47.664231 0.979246 0.979246 0.979246
910 47.664231 47.664231 47.664231 0.979246 0.979246 0.979246
920 47.664231 47.664231 47.664231 0.979246 0.979246 0.979246
930 47.664231 47.664231 47.664231 0.979246 0.979246 0.979246
940 47.664231 47.664231 47.664231 0.979246 0.979246 0.979246
950 47.664231 47.664231 47.664231 0.979246 0.979246 0.979246
960 47.664231 47.664231 47.664231 0.979246 0.979246 0.979246
970 47.664231 47.664231 47.664231 0.979246 0.979246 0.979246
980 47.664231 47.664231 47.664231 0.979246 0.979246 0.979246
990 47.664231 47.664231 47.664231 0.979246 0.979246 0.979246
1000 47.664231 47.664231 47.664231 0.979246 0.979246 0.979246
1010 47.664231 47.664231 47.664231 0.979246 0.979246 0.979246
1020 47.664231 47.664231 47.664231 0.979246 0.979246 0.979246
1030 47.664231 47.664231 47.664231 0.979246 0.979246 0.979246
1040 47.664231 47.664231 47.664231 0.979246 0.979246 0.979246
1050 47.664231 47.664231 47.664231 0.979246 0.979246 0.979246
1060 47.664231 47.664231 47.664231 0.979246 0.979246 0.979246
1070 47.664231 47.664231 47.664231 0.979246 0.979246 0.979246
1080 47.664231 47.664231 47.664231 0.979246 0.979246 0.979246
1090 47.664231 47.664231 47.664231 0.979246 0.979246 0.979246
1100 47.664231 47.664231 47.664231 0.979246 0.979246 0.979246
1110 47.664231 47.664231 47.664231 0.979246 0.979246 0.979246
1120 47.664231 47.664231 47.664231 0.979246 0.979246 0.979246
1130 47.664231 47.664231 47.664231 0.979246 0.979246 0.979246
1140 47.664231 47.664231 47.664231 0.979246 0.979246 0.979246
1150 47.664231 47.664231 47.664231 0.979246 0.979246 0.979246
1160 47.664231 47.664231 47.664231 0.979246 0.979246 0.979246
1170 47.664231 47.664231 47.664231 0.979246 0.979246 0.979246
1180 47.664231 47.664231 47.664231 0.979246 0.979246 0.979246
1190 47.664231 47.664231 47.664231 0.979246 0.979246 0.979246
1200 47.664231 47.664231 47.664231 0.979246 0.979246 0.979246
1210 47.664231 47.664231 47.664231 0.979246 0.979246 0.979246
1220 47.664231 47.664231 47.664231 0.979246 0.979246 0.979246
1230 47.664231 47.664231 47.664231 0.979246 0.979246 0.979246
1240 47.664231 47.664231 47.664231 0.979246 0.979246 0.979246
1250 47.664231 47.664231 47.664231 0.979246 0.979246 0.979246
1260 47.664231 47.664231 47.664231 0.979246 0.979246 0.979246
1270 47.664231 47.664231 47.664231 0.979246 0.979246 0.979246
1280 47.664231 47.664231 47.664231 0.979246 0.979246 0.979246
1290 47.664231 47.664231 47.664231 0.979246 0.979246 0.979246
1300 47.664231 47.664231 47.664231 0.979246 0.979246 0.979246
1310 47.664231 47.664231 47.664231 0.979246 0.979246 0.979246
1320 47.664231 47.664231 47.664231 0.979246 0.979246 0.979246
1330 47.664231 47.664231 47.664231 0.979246 0.979246 0.979246
1340 47.664231 47.664231 47.664231 0.979246 0.979246 0.979246
1350 47.664231 47.664231 47.664231 0.979246 0.979246 0.979246
1360 47.664231 47.664231 47.664231 0.979246 0.979246 0.979246
1370 47.664231 47.664231 47.664231 0.979246 0.979246 0.979246
1380 47.664231 47.664231 47.664231 0.979246 0.979246 0.979246
1390 47.664231 47.664231 47.664231 0.979246 0.979246 0.979246
1400 47.664231 47.664231 47.664231 0.979246 0.979246 0.979246
1410 47.664231 47.664231 47.664231 0.979246 0.979246 0.979246
1420 47.664231 47.664231 47.664231 0.979246 0.979246 0.979246
1430 47.664231 47.664231 47.664231 0.979246 0.979246 0.979246
1440 47.664231 47.664231 47.664231 0.979246 0.979246 0.979246
1450 47.664231 47.664231 47.664231 0.979246 0.979246 0.979246
1460 47.664231 47.664231 47.664231 0.979246 0.979246 0.979246
1470 47.664231 47.664231 47.664231 0.979246 0.979246 0.979246
1480 47.664231 47.664231 47.664231 0.979246 0.979246 0.979246
1490 47.664231 47.664231 47.664231 0.979246 0.979246 0.979246
1500 47.664231 47.664231 47.664231 0.979246 0.979246 0.979246
1510 47.664231 47.664231 47.664231 0.979246 0.979246 0.979246
1520 47.664231 47.664231 47.664231 0.979246 0.979246 0.979246
1530 47.664231 47.664231 47.664231 0.979246 0.979246 0.979246
1540 47.664231 47.664231 47.664231 0.979246 0.979246 0.979246
1550 47.664231 47.664231 47.664231 0.979246 0.979246 0.979246
1560 47.664231 47.664231 47.664231 0.979246 0.979246 0.979246
1570 47.664231 47.664231 47.664231 0.979246 0.979246 0.979246
1580 47.664231 47.664231 47.664231 0.979246 0.979246 0.979246
1590 47.664231 47.664231 47.664231 0.979246 0.979246 0.979246
1600 47.664231 47.664231 47.664231 0.979246 0.979246 0.979246
1610 47.664231 47.664231 47.664231 0.979246 0.979246 0.979246
1620 47.664231 47.664231 47.664231 0.979246 0.979246 0.979246
1630 47.664231 47.664231 47.664231 0.979246 0.979246 0.979246
1640 47.664231 47.664231 47.664231 0.979246 0.979246 0.979246
1650 47.664231 47.664231 47.664231 0.979246 0.979246 0.979246
1660 47.664231 47.664231 47.664231 0.979246 0.979246 0.979246
1670 47.664231 47.664231 47.664231 0.979246 0.979246 0.979246
1680 47.664231 47.664231 47.664231 0.979246 0.979246 0.979246
1690 47.664231 47.664231 47.664231 0.979246 0.979246 0.979246
1700 47.664231 47.664231 47.664231 0.979246 0.979246 0.979246
1710 47.664231 47.664231 47.664231 0.979246 0.979246 0.979246
1720 47.664231 47.664231 47.664231 0.979246 0.979246 0.979246
1730 47.664231 47.664231 47.664231 0.979246 0.979246 0.979246
1740 47.664231 47.664231 47.664231 0.979246 0.979246 0.979246
1750 47.664231 47.664231 47.664231 0.979246 0.979246 0.979246
1760 47.664231 47.664231 47.664231 0.979246 0.979246 0.979246
1770 47.664231 47.664231 47.664231 0.979246 0.979246 0.979246
1780 47.664231 47.664231 47.664231 0.979246 0.979246 0.979246
1790 47.664231 47.664231 47.664231 0.979246 0.979246 0.979246
1800 47.664231 47.664231 47.664231 0.979246 0.979246 0.979246
1810 47.664231 47.664231 47.664231 0.979246 0.979246 0.979246
1820 47.664231 47.664231 47.664231 0.979246 0.979246 0.979246
1830 47.664231 47.664231 47.664231 0.979246 0.979246 0.979246
1840 47.664231 47.664231 47.664231 0.979246 0.979246 0.979246
1850 47.664231 47.664231 47.664231 0.979246 0.979246 0.979246
1860 47.664231 47.664231 47.664231 0.979246 0.979246 0.979246
1870 47.664231 47.664231 47.664231 0.979246 0.979246 0.979246
1880 47.664231 47.664231 47.664231 0.979246 0.979246 0.979246
1890 47.664231 47.664231 47.664231 0.979246 0.979246 0.979246
1900 47.664231 47.664231 47.664231 0.979246 0.979246 0.979246
1910 47.664231 47.664231 47.664231 0.979246 0.979246 0.979246
1920 47.664231 47.664231 47.664231 0.979246 0.979246 0.979246
1930 47.664231 47.664231 47.664231 0.979246 0.979246 0.979246
1940 47.664231 47.664231 47.664231 0.979246 0.979246 0.979246
1950 47.664231 47.664231 47.664231 0.979246 0.979246 0.979246
1960 47.664231 47.664231 47.664231 0.979246 0.979246 0.979246
1970 47.664231 47.664231 47.664231 0.979246 0.979246 0.979246
1980 47.664231 47.664231 47.664231 0.979246 0.979246 0.979246
1990 47.664231 47.664231 47.664231 0.979246 0.979246 0.979246
2000 47.664231 47.664231 47.664231 0.979246 0.979246 0.979246
2010 47.664231 47.664231 47.664231 0.979246 0.979246 0.979246
2020 47.664231 47.664231 47.664231 0.979246 0.979246 0.979246
2030 47.664231 47.664231 47.664231 0.979246 0.979246 0.979246
2040 47.664231 47.664231 47.664231 0.979246 0.979246 0.979246
2050 47.664231 47.664231 47.664231 0.979246 0.979246 0.979246
2060 47.664231 47.664231 47.664231 0.979246 0.979246 0.979246
2070 47.664231 47.664231 47.664231 0.979246 0.979246 0.979246
2080 47.664231 47.664231 47.664231 0.979246 0.979246 0.979246
2090 47.664231 47.664231 47.664231 0.979246 0.979246 0.979246
2100 47.664231 47.664231 47.664231 0.979246 0.979246 0.979246
2110 47.664231 47.664231 47.664231 0.979246 0.979246 0.979246
2120 47.664231 47.664231 47.664231 0.979246 0.979246 0.979246
2130 47.664231 47.664231 47.664231 0.979246 0.979246 0.979246
2140 47.664231 47.664231 47.664231 0.979246 0.979246 0.979246
2150 47.664231 47.664231 47.664231 0.979246 0.979246 0.979246
2160 47.664231 47.664231 47.664231 0.979246 0.979246 0.979246
2170 47.664231 47.664231 47.664231 0.979246 0.979246 0.979246
2180 47.664231 47.664231 47.664231 0.979246 0.979246 0.979246
2190 47.664231 47.664231 47.664231 0.979246 0.979246 0.979246
2200 47.664231 47.664231 47.664231 0.979246 0.979246 0.979246
2210 47.664231 47.664231 47.664231 0.979246 0.979246 0.979246
2220 47.664231 47.664231 47.664231 0.979246 0.979246 0.979246
2230 47.664231 47.664231 47.664231 0.979246 0.979246 0.979246
2240 47.664231 47.664231 47.664231 0.979246 0.979246 0.979246
2250 47.664231 47.664231 47.664231 0.979246 0.979246 0.979246
2260 47.664231 47.664231 47.664231 0.979246 0.979246 0.979246
2270 47.664231 47.664231 47.664231 0.979246 0.979246 0.979246
2280 47.664231 47.664231 47.664231 0.979246 0.979246 0.979246
2290 47.664231 47.664231 47.664231 0.979246 0.979246 0.979246
2300 47.664231 47.664231 47.664231 0.979246 0.979246 0.979246
2310 47.664231 47.664231 47.664231 0.979246 0.979246 0.979246
2320 47.664231 47.664231 47.664231 0.979246 0.979246 0.979246
2330 47.664231 47.664231 47.664231 0.979246 0.979246 0.979246
2340 47.664231 47.664231 47.664231 0.979246 0.979246 0.979246
2350 47.664231 47.664231 47.664231 0.979246 0.979246 0.979246
2360 47.664231 47.664231 47.664231 0.979246 0.979246 0.979246
2370 47.664231 47.664231 47.664231 0.979246 0.979246 0.979246
2380 47.664231 47.664231 47.664231 0.979246 0.979246 0.979246
2390 47.664231 47.664231 47.664231 0.979246 0.979246 0.979246
2400 47.664231 47.664231 47.664231 0.979246 0.979246 0.979246
2410 47.664231 47.664231 47.664231 0.979246 0.979246 0.979246
2420 47.664231 47.664231 47.664231 0.979246 0.979246 0.979246
2430 47.664231 47.664231 47.664231 0.979246 0.979246 0.979246
2440 47.664231 47.664231 47.664231 0.979246 0.979246 0.979246
2450 47.664231 47.664231 47.664231 0.979246 0.979246 0.979246
2460 47.664231 47.664231 47.664231 0.979246 0.979246 0.979246
2470 47.664231 47.664231 47.664231 0.979246 0.979246 0.979246
2480 47.664231 47.664231 47.664231 0.979246 0.979246 0.979246
2490 47.664231 47.664231 47.664231 0.979246 0.979246 0.979246
2500 47.664231 47.664231 47.664231 0.979246 0.979246 0.979246
2510 47.664231 47.664231 47.664231 0.979246 0.979246 0.979246
2520 47.664231 47.664231 47.664231 0.979246 0.979246 0.979246
2530 47.664231 47.664231 47.664231 0.979246 0.979246 0.979246
2540 47.664231 47.664231 47.664231 0.979246 0.979246 0.979246
2550 47.664231 47.664231 47.664231 0.979246 0.979246 0.979246
2560 47.664231 47.664231 47.664231 0.979246 0.979246 0.979246
2570 47.664231 47.664231 47.664231 0.979246 0.979246 0.979246
2580 47.664231 47.664231 47.664231 0.979246 0.979246 0.979246
2590 47.664231 47.664231 47.664231 0.979246 0.979246 0.979246
2600 47.664231 47.664231 47.664231 0.979246 0.979246 0.979246
2610 47.664231 47.664231 47.664231 0.979246 0.979246 0.979246
2620 47.664231 47.664231 47.664231 0.979246 0.979246 0.979246
2630 47.664231 47.664231 47.664231 0.979246 0.979246 0.979246
2640 47.664231 47.664231 47.664231 0.979246 0.979246 0.979246
2650 47.664231 47.664231 47.664231 0.979246 0.979246 0.979246
2660 47.664231 47.664231 47.664231 0.979246 0.979246 0.979246
2670 47.664231 47.664231 47.664231 0.979246 0.979246 0.979246
2680 47.664231 47.664231 47.664231 0.979246 0.979246 0.979246
2690 47.664231 47.664231 47.664231 0.979246 0.979246 0.979246
2700 47.664231 47.664231 47.664231 0.979246 0.979246 0.979246
2710 47.664231 47.664231 47.664231 0.979246 0.979246 0.979246
2720 47.664231 47.664231 47.664231 0.979246 0.979246 0.979246
2730 47.664231 47.664231 47.664231 0.979246 0.979246 0.979246
2740 47.664231 47.664231 47.664231 0.979246 0.979246 0.979246
2750 47.664231 47.664231 47.664231 0.979246 0.979246 0.979246
2760 47.664231 47.664231 47.664231 0.979246 0.979246 0.979246
2770 47.664231 47.664231 47.664231 0.979246 0.979246 0.979246
2780 47.664231 47.664231 47.664231 0.979246 0.979246 0.979246
2790 47.664231 47.664231 47.664231 0.979246 0.979246 0.979246
2800 47.664231 47.664231 47.664231 0.979246 0.979246 0.979246
2810 47.664231 47.664231 47.664231 0.979246 0.979246 0.979246
2820 47.664231 47.664231 47.664231 0.979246 0.979246 0.979246
2830 47.664231 47.664231 47.664231 0.979246 0.979246 0.979246
2840 47.664231 47.664231 47.664231 0.979246 0.979246 0.979246
2850 47.664231 47.664231 47.664231 0.979246 0.979246 0.979246
2860 47.664231 47.664231 47.664231 0.979246 0.979246 0.979246
2870 47.664231 47.664231 47.664231 0.979246 0.979246 0.979246
2880 47.664231 47.664231 47.664231 0.979246 0.979246 0.979246
2890 47.664231 47.664231 47.664231 0.979246 0.979246 0.979246
2900 47.664231 47.664231 47.664231 0.979246 0.979246 0.979246
2910 47.664231 47.664231 47.664231 0.979246 0.979246 0.979246
2920 47.664231 47.664231 47.664231 0.979246 0.979246 0.979246
2930 47.664231 47.664231 47.664231 0.979246 0.979246 0.979246
2940 47.664231 47.664231 47.664231 0.979246 0.979246 0.979246
2950 47.664231 47.664231 47.664231 0.979246 0.979246 0.979246
2960 47.664231 47.664231 47.664231 0.979246 0.979246 0.979246
2970 47.664231 47.664231 47.664231 0.979246 0.979246 0.979246
2980 47.664231 47.664231 47.664231 0.979246 0.979246 0.979246
2990 47.664231 47.664231 47.664231 0.979246 0.979246 0.979246
3000 47.664231 47.664231 47.664231 0.979246 0.979246 0.979246
3010 47.664231 47.664231 47.664231 0.979246 0.979246 0.979246
3020 47.664231 47.664231 47.664231 0.979246 0.979246 0.979246
3030 47.664231 47.664231 47.664231 0.979246 0.979246 0.979246
3040 47.664231 47.664231 47.664231 0.979246 0.979246 0.979246
3050 47.664231 47.664231 47.664231 0.979246 0.979246 0.979246
3060 47.664231 47.664231 47.664231 0.979246 0.979246 0.979246
3070 47.664231 47.664231 47.664231 0.979246 0.979246 0.979246
3080 47.664231 47.664231 47.664231 0.979246 0.979246 0.979246
3090 47.664231 47.664231 47.664231 0.979246 0.979246 0.979246
3100 47.664231 47.664231 47.664231 0.979246 0.979246 0.979246
3110 47.664231 47.664231 47.664231 0.979246 0.979246 0.979246
3120 47.664231 47.664231 47.664231 0.979246 0.979246 0.979246
3130 47.664231 47.664231 47.664231 0.979246 0.979246 0.979246
3140 47.664231 47.664231 47.664231 0.979246 0.979246 0.979246
3150 47.664231 47.664231 47.664231 0.979246 0.979246 0.979246
3160 47.664231 47.664231 47.664231 0.979246 0.979246 0.979246
3170 47.664231 47.664231 47.664231 0.979246 0.979246 0.979246
3180 47.664231 47.664231 47.664231 0.979246 0.979246 0.979246
3190 47.664231 47.664231 47.664231 0.979246 0.979246 0.979246
3200 47.664231 47.664231 47.664231 0.979246 0.979246 0.979246
3210 47.664231 47.664231 47.664231 0.979246 0.979246 0.979246
3220 47.664231 47.664231 47.664231 0.979246 0.979246 0.979246
3230 47.664231 47.664231 47.664231 0.979246 0.979246 0.979246
3240 47.664231 47.664231 47.664231 0.979246 0.979246 0.979246
3250 47.664231 47.664231 47.664231 0.979246 0.979246 0.979246
3260 47.664231 47.664231 47.664231 0.979246 0.979246 0.979246
3270 47.664231 47.664231 47.664231 0.979246 0.979246 0.979246
3280 47.664231 47.664231 47.664231 0.979246 0.979246 0.979246
3290 47.664231 47.664231 47.664231 0.979246 0.979246 0.979246
3300 47.664231 47.664231 47.664231 0.979246 0.979246 0.979246
3310 47.664231 47.664231 47.664231 0.979246 0.979246 0.979246
3320 47.664231 47.664231 47.664231 0.979246 0.979246 0.979246
3330 47.664231 47.664231 47.664231 0.979246 0.979246 0.979246
3340 47.664231 47.664231 47.664231 0.979246 0.979246 0.979246
3350 47.664231 47.664231 47.664231 0.979246 0.979246 0.979246
3360 47.664231 47.664231 47.664231 0.979246 0.979246 0.979246
3370 47.664231 47.664231 47.664231 0.979246 0.979246 0.979246
3380 47.664231 47.664231 47.664231 0.979246 0.979246 0.979246
3390 47.664231 47.664231 47.664231 0.979246 0.979246 0.979246
3400 47.664231 47.664231 47.664231 0.979246 0.979246 0.979246
3410 47.664231 47.664231 47.664231 0.979246 0.979246 0.979246
3420 47.664231 47.664231 47.664231 0.979246 0.979246 0.979246
3430 47.664231 47.664231 47.664231 0.979246 0.979246 0.979246
3440 47.664231 47.664231 47.664231 0.979246 0.979246 0.979246
3450 47.664231 47.664231 47.664231 0.979246 0.979246 0.979246
3460 47.664231 47.664231 47.664231 0.979246 0.979246 0.979246
3470 47.664231 47.664231 47.664231 0.979246 0.979246 0.979246
3480 47.664231 47.664231 47.664231 0.979246 0.979246 0.979246
3490 47.664231 47.664231 47.664231 0.979246 0.979246 0.979246
3500 47.664231 47.664231 47.664231 0.979246 0.979246 0.979246
3510 47.664231 47.664231 47.664231 0.979246 0.979246 0.979246
3520 47.664231 47.664231 47.664231 0.979246 0.979246 0.979246
3530 47.664231 47.664231 47.664231 0.979246 0.979246 0.979246
3540 47.664231 47.664231 47.664231 0.979246 0.979246 0.979246
3550 47.664231 47.664231 47.664231 0.979246 0.979246 0.979246
3560 47.664231 47.664231 47.664231 0.979246 0.979246 0.979246
3570 47.664231 47.664231 47.664231 0.979246 0.979246 0.979246
3580 47.664231 47.664231 47.664231 0.979246 0.979246 0.979246
3590 47.664231 47.664231 47.664231 0.979246 0.979246 0.979246
3600 47.664231 47.664231 47.664231 0.979246 0.979246 0.979246
3610 47.664231 47.664231 47.664231 0.979246 0.979246 0.979246
3620 47.664231 47.664231 47.664231 0.979246 0.979246 0.979246
3630 47.664231 47.664231 47.664231 0.979246 0.979246 0.979246
3640 47.664231 47.664231 47.664231 0.979246 0.979246 0.979246
3650 47.664231 47.664231 47.664231 0.979246 0.979246 0.979246
3660 47.664231 47.664231 47.664231 0.979246 0.979246 0.979246
3670 47.664231 47.664231 47.664231 0.979246 0.979246 0.979246
3680 47.664231 47.664231 47.664231 0.979246 0.979246 0.979246
3690 47.664231 47.664231 47.664231 0.979246 0.979246 0.979246
3700 47.664231 47.664231 47.664231 0.979246 0.979246 0.979246
3710 47.664231 47.664231 47.664231 0.979246 0.979246 0.979246
3720 47.664231 47.664231 47.664231 0.979246 0.979246 0.979246
3730 47.664231 47.664231 47.664231 0.979246 0.979246 0.979246
3740 47.664231 47.664231 47.664231 0.979246 0.979246 0.979246
3750 47.664231 47.664231 47.664231 0.979246 0.979246 0.979246
3760 47.664231 47.664231 47.664231 0.979246 0.979246 0.979246
3770 47.664231 47.664231 47.664231 0.979246 0.979246 0.979246
3780 47.664231 47.664231 47.664231 0.979246 0.979246 0.979246
3790 47.664231 47.664231 47.664231 0.979246 0.979246 0.979246
3800 47.664231 47.664231 47.664231 0.979246 0.979246 0.979246
3810 47.664231 47.664231 47.664231 0.979246 0.979246 0.979246
3820 47.664231 47.664231 47.664231 0.979246 0.979246 0.979246
3830 47.664231 47.664231 47.664231 0.979246 0.979246 0.979246
3840 47.664231 47.664231 47.664231 0.979246 0.979246 0.979246
3850 47.664231 47.664231 47.664231 0.979246 0.979246 0.979246
3860 47.664231 47.664231 47.664231 0.979246 0.979246 0.979246
3870 47.664231 47.664231 47.664231 0.979246 0.979246 0.979246
3880 47.664231 47.664231 47.664231 0.979246 0.979246 0.979246
3890 47.664231 47.664231 47.664231 0.979246 0.979246 0.979246
3900 47.664231 47.664231 47.664231 0.979246 0.979246 0.979246
3910 47.664231 47.664231 47.664231 0.979246 0.979246 0.979246
3920 47.664231 47.664231 47.664231 0.979246 0.979246 0.979246
3930 47.664231 47.664231 47.664231 0.979246 0.979246 0.979246
3940 47.664231 47.664231 47.664231 0.979246 0.979246 0.979246
3950 47.664231 47.664231 47.664231 0.979246 0.979246 0.979246
3960 47.664231 47.664231 47.664231 0.979246 0.979246 0.979246
3970 47.664231 47.664231 47.664231 0.979246 0.979246 0.979246
3980 47.664231 47.664231 47.664231 0.979246 0.979246 0.979246
3990 47.664231 47.664231 47.664231 0.979246 0.979246 0.979246
4000 47.664231 47.664231 47.664231 0.979246 0.979246 0.979246
4010 47.664231 47.664231 47.664231 0.979246 0.979246 0.979246
4020 47.664231 47.664231 47.664231 0.979246 0.979246 0.979246
4030 47.664231 47.664231 47.664231 0.979246 0.979246 0.979246
4040 47.664231 47.664231 47.664231 0.979246 0.979246 0.979246
4050 47.664231 47.664231 47.664231 0.979246 0.979246 0.979246
4060 47.664231 47.664231 47.664231 0.979246 0.979246 0.979246
4070 47.664231 47.664231 47.664231 0.979246 0.979246 0.979246
4080 47.664231 47.664231 47.664231 0.979246 0.979246 0.979246
4090 47.664231 47.664231 47.664231 0.979246 0.979246 0.979246
4100 47.664231 47.664231 47.664231 0.979246 0.979246 0.979246
4110 47.664231 47.664231 47.664231 0.979246 0.979246 0.979246
4120 47.664231 47.664231 47.664231 0.979246 0.979246 0.979246
4130 47.664231 47.664231 47.664231 0.979246 0.979246 0.979246
4140 47.664231 47.664231 47.664231 0.979246 0.979246 0.979246
4150 47.664231 47.664231 47.664231 0.979246 0.979246 0.979246
4160 47.664231 47.664231 47.664231 0.979246 0.979246 0.979246
4170 47.664231 47.664231 47.664231 0.979246 0.979246 0.979246
4180 47.664231 47.664231 47.664231 0.979246 0.979246 0.979246
4190 47.664231 47.664231 47.664231 0.979246 0.979246 0.979246
4200 47.664231 47.664231 47.664231 0.979246 0.979246 0.979246
4210 47.664231 47.664231 47.664231 0.979246 0.979246 0.979246
4220 47.664231 47.664231 47.664231 0.979246 0.979246 0.979246
4230 47.664231 47.664231 47.664231 0.979246 0.979246 0.979246
4240 47.664231 47.664231 47.664231 0.979246 0.979246 0.979246
4250 47.664231 47.664231 47.664231 0.979246 0.979246 0.979246
4260 47.664231 47.664231 47.664231 0.979246 0.979246 0.979246
4270 47.664231 47.664231 47.664231 0.979246 0.979246 0.979246
4280 47.664231 47.664231 47.664231 0.979246 0.979246 0.979246
4290 47.664231 47.664231 47.664231 0.979246 0.979246 0.979246
4300 47.664231 47.664231 47.664231 0.979246 0.979246 0.979246
4310 47.664231 47.664231 47.664231 0.979246 0.979246 0.979246
4320 47.664231 47.664231 47.664231 0.979246 0.979246 0.979246
4330 47.664231 47.664231 47.664231 0.979246 0.979246 0.979246
4340 47.664231 47.664231 47.664231 0.979246 0.979246 0.979246
4350 47.664231 47.664231 47.664231 0.979246 0.979246 0.979246
4360 47.664231 47.664231 47.664231 0.979246 0.979246 0.979246
4370 47.664231 47.664231 47.664231 0.979246 0.979246 0.979246
4380 47.664231 47.664231 47.664231 0.979246 0.979246 0.979246
4390 47.664231 47.664231 47.664231 0.979246 0.979246 0.979246
4400 47.664231 47.664231 47.664231 0.979246 0.979246 0.979246
4410 47.664231 47.664231 47.664231 0.979246 0.979246 0.979246
4420 47.664231 47.664231 47.664231 0.979246 0.979246 0.979246
4430 47.664231 47.664231 47.664231 0.979246 0.979246 0.979246
4440 47.664231 47.664231 47.664231 0.979246 0.979246 0.979246
4450 47.664231 47.664231 47.664231 0.979246 0.979246 0.979246
4460 47.664231 47.664231 47.664231 0.979246 0.979246 0.979246
4470 47.664231 47.664231 47.664231 0.979246 0.979246 0.979246
4480 47.664231 47.664231 47.664231 0.979246 0.979246 0.979246
4490 47.664231 47.664231 47.664231 0.979246 0.979246 0.979246
4500 47.664231 47.664231 47.664231 0.979246 0.979246 0.979246
4510 47.664231 47.664231 47.664231 0.979246 0.979246 0.979246
4520 47.664231 47.664231 47.664231 0.979246 0.979246 0.979246
4530 47.664231 47.664231 47.664231 0.979246 0.979246 0.979246
4540 47.664231 47.664231 47.664231 0.979246 0.979246 0.979246
4550 47.664231 47.664231 47.664231 0.979246 0.979246 0.979246
4560 47.664231 47.664231 47.664231 0.979246 0.979246 0.979246
4570 47.664231 47.664231 47.664231 0.979246 0.979246 0.979246
4580 47.664231 47.664231 47.664231 0.979246 0.979246 0.979246
4590 47.664231 47.664231 47.664231 0.979246 0.979246 0.979246
4600 47.664231 47.664231 47.664231 0.979246 0.979246 0.979246
4610 47.664231 47.664231 47.664231 0.979246 0.979246 0.979246
4620 47.664231 47.664231 47.664231 0.979246 0.979246 0.979246
4630 47.664231 47.664231 47.664231 0.979246 0.979246 0.979246
4640 47.664231 47.664231 47.664231 0.979246 0.979246 0.979246
4650 47.664231 47.664231 47.664231 0.979246 0.979246 0.979246
4660 47.664231 47.664231 47.664231 0.979246 0.979246 0.979246
4670 47.664231 47.664231 47.664231 0.979246 0.979246 0.979246
4680 47.664231 47.664231 47.664231 0.979246 0.979246 0.979246
4690 47.664231 47.664231 47.664231 0.979246 0.979246 0.979246
4700 47.664231 47.664231 47.664231 0.979246 0.979246 0.979246
4710 47.664231 47.664231 47.664231 0.979246 0.979246 0.979246
4720 47.664231 47.664231 47.664231 0.979246 0.979246 0.979246
4730 47.664231 47.664231 47.664231 0.979246 0.979246 0.979246
4740 47.664231 47.664231 47.664231 0.979246 0.979246 0.979246
4750 47.664231 47.664231 47.664231 0.979246 0.979246 0.979246
4760 47.664231 47.664231 47.664231 0.979246 0.979246 0.979246
4770 47.664231 47.664231 47.664231 0.979246 0.979246 0.979246
4780 47.664231 47.664231 47.664231 0.979246 0.979246 0.979246
4790 47.664231 47.664231 47.664231 0.979246 0.979246 0.979246
4800 47.664231 47.664231 47.664231 0.979246 0.979246 0.979246
4810 47.664231 47.664231 47.664231 0.979246 0.979246 0.979246
4820 47.664231 47.664231 47.664231 0.979246 0.979246 0.979246
4830 47.664231 47.664231 47.664231 0.979246 0.979246 0.979246
4840 47.664231 47.664231 47.664231 0.979246 0.979246 0.979246
4850 47.664231 47.664231 47.664231 0.979246 0.979246 0.979246
4860 47.664231 47.664231 47.664231 0.979246 0.979246 0.979246
4870 47.664231 47.664231 47.664231 0.979246 0.979246 0.979246
4880 47.664231 47.664231 47.664231 0.979246 0.979246 0.979246
4890 47.664231 47.664231 47.664231 0.979246 0.979246 0.979246
4900 47.664231 47.664231 47.664231 0.979246 0.979246 0.979246
4910 47.664231 47.664231 47.664231 0.979246 0.979246 0.979246
4920 47.664231 47.664231 47.664231 0.979246 0.979246 0.979246
4930 47.664231 47.664231 47.664231 0.979246 0.979246 0.979246
4940 47.664231 47.664231 47.664231 0.979246 0.979246 0.979246
4950 47.664231 47.664231 47.664231 0.979246 0.979246 0.979246
4960 47.664231 47.664231 47.664231 0.979246 0.979246 0.979246
4970 47.664231 47.664231 47.664231 0.979246 0.979246 0.979246
4980 47.664231 47.664231 47.664231 0.979246 0.979246 0.979246
4990 47.664231 47.664231 47.664231 0.979246 0.979246 0.979246
5000 47.664231 47.664231 47.664231 0.979246 0.979246 0.979246
5010 47.664231 47.664231 47.664231 0.979246 0.979246 0.979246
5020 47.664231 47.664231 47.664231 0.979246 0.979246 0.979246
5030 47.664231 47.664231 47.664231 0.979246 0.979246 0.979246
5040 47.664231 47.664231 47.664231 0.979246 0.979246 0.979246
5050 47.664231 47.664231 47.664231 0.979246 0.979246 0.979246
5060 47.664231 47.664231 47.664231 0.979246 0.979246 0.979246
5070 47.664231 47.664231 47.664231 0.979246 0.979246 0.979246
5080 47.664231 47.664231 47.664231 0.979246 0.979246 0.979246
5090 47.664231 47.664231 47.664231 0.979246 0.979246 0.979246
5100 47.664231 47.664231 47.664231 0.979246 0.979246 0.979246
5110 47.664231 47.664231 47.664231 0.979246 0.979246 0.979246
5120 47.664231 47.664231 47.664231 0.979246 0.979246 0.979246
5130 47.664231 47.664231 47.664231 0.979246 0.979246 0.979246
5140 47.664231 47.664231 47.664231 0.979246 0.979246 0.979246
5150 47.664231 47.664231 47.664231 0.979246 0.979246 0.979246
5160 47.664231 47.664231 47.664231 0.979246 0.979246 0.979246
5170 47.664231 47.664231 47.664231 0.979246 0.979246 0.979246
5180 47.664231 47.664231 47.664231 0.979246 0.979246 0.979246
5190 47.664231 47.664231 47.664231 0.979246 0.979246 0.979246
5200 47.664231 47.664231 47.664231 0.979246 0.979246 0.979246
5210 47.664231 47.664231 47.664231 0.979246 0.979246 0.979246
5220 47.664231 47.664231 47.664231 0.979246 0.979246 0.979246
5230 47.664231 47.664231 47.664231 0.979246 0.979246 0.979246
5240 47.664231 47.664231 47.664231 0.979246 0.979246 0.979246
5250 47.664231 47.664231 47.664231 0.979246 0.979246 0.979246
5260 47.664231 47.664231 47.664231 0.979246 0.979246 0.979246
5270 47.664231 47.664231 47.664231 0.979246 0.979246 0.979246
5280 47.664231 47.664231 47.664231 0.979246 0.979246 0.979246
5290 47.664231 47.664231 47.664231 0.979246 0.979246 0.979246
5300 47.664231 47.664231 47.664231 0.979246 0.979246 0.979246
5310 47.664231 47.664231 47.664231 0.979246 0.979246 0.979246
5320 47.664231 47.664231 47.664231 0.979246 0.979246 0.979246
5330 47.664231 47.664231 47.664231 0.979246 0.979246 0.979246
5340 47.664231 47.664231 47.664231 0.979246 0.979246 0.979246
5350 47.664231 47.664231 47.664231 0.979246 0.979246 0.979246
5360 47.664231 47.664231 47.664231 0.979246 0.979246 0.979246
5370 47.664231 47.664231 47.664231 0.979246 0.979246 0.979246
5380 47.664231 47.664231 47.664231 0.979246 0.979246 0.979246
5390 47.664231 47.664231 47.664231 0.979246 0.979246 0.979246
5400 47.664231 47.664231 47.664231 0.979246 0.979246 0.979246
5410 47.664231 47.664231 47.664231 0.979246 0.979246 0.979246
5420 47.664231 47.664231 47.664231 0.979246 0.979246 0.979246
5430 47.664231 47.664231 47.664231 0.979246 0.979246 0.979246
5440 47.664231 47.664231 47.664231 0.979246 0.979246 0.979246
5450 47.664231 47.664231 47.664231 0.979246 0.979246 0.979246
5460 47.664231 47.664231 47.664231 0.979246 0.979246 0.979246
5470 47.664231 47.664231 47.664231 0.979246 0.979246 0.979246
5480 47.664231 47.664231 47.664231 0.979246 0.979246 0.979246
5490 47.664231 47.664231 47.664231 0.979246 0.979246 0.979246
5500 47.664231 47.664231 47.664231 0.979246 0.979246 0.979246
5510 47.664231 47.664231 47.664231 0.979246 0.979246 0.979246
5520 47.664231 47.664231 47.664231 0.979246 0.979246 0.979246
5530 47.664231 47.664231 47.664231 0.979246 0.979246 0.979246
5540 47.664231 47.664231 47.664231 0.979246 0.979246 0.979246
5550 47.664231 47.664231 47.664231 0.979246 0.979246 0.979246
5560 47.664231 47.664231 47.664231 0.979246 0.979246 0.979246
5570 47.664231 47.664231 47.664231 0.979246 0.979246 0.979246
5580 47.664231 47.664231 47.664231 0.979246 0.979246 0.979246
5590 47.664231 47.664231 47.664231 0.979246 0.979246 0.979246
5600 47.664231 47.664231 47.664231 0.979246 0.979246 0.979246
5610 47.664231 47.664231 47.664231 0.979246 0.979246 0.979246
5620 47.664231 47.664231 47.664231 0.979246 0.979246 0.979246
5630 47.664231 47.664231 47.664231 0.979246 0.979246 0.979246
5640 47.664231 47.664231 47.664231 0.979246 0.979246 0.979246
5650 47.664231 47.664231 47.664231 0.979246 0.979246 0.979246
5660 47.664231 47.664231 47.664231 0.979246 0.979246 0.979246
5670 47.664231 47.664231 47.664231 0.979246 0.979246 0.979246
5680 47.664231 47.664231 47.664231 0.979246 0.979246 0.979246
5690 47.664231 47.664231 47.664231 0.979246 0.979246 0.979246
5700 47.664231 47.664231 47.664231 0.979246 0.979246 0.979246
5710 47.664231 47.664231 47.664231 0.979246 0.979246 0.979246
5720 47.664231 47.664231 47.664231 0.979246 0.979246 0.979246
5730 47.664231 47.664231 47.664231 0.979246 0.979246 0.979246
5740 47.664231 47.664231 47.664231 0.979246 0.979246 0.979246
5750 47.664231 47.664231 47.664231 0.979246 0.979246 0.979246
5760 47.664231 47.664231 47.664231 0.979246 0.979246 0.979246
5770 47.664231 47.664231 47.664231 0.979246 0.979246 0.979246
5780 47.664231 47.664231 47.664231 0.979246 0.979246 0.979246
5790 47.664231 47.664231 47.664231 0.979246 0.979246 0.979246
5800 47.664231 47.664231 47.664231 0.979246 0.979246 0.979246
5810 47.664231 47.664231 47.664231 0.979246 0.979246 0.979246
5820 47.664231 47.664231 47.664231 0.979246 0.979246 0.979246
5830 47.664231 47.664231 47.664231 0.979246 0.979246 0.979246
5840 47.664231 47.664231 47.664231 0.979246 0.979246 0.979246
5850 47.664231 47.664231 47.664231 0.979246 0.979246 0.979246
5860 47.664231 47.664231 47.664231 0.979246 0.979246 0.979246
5870 47.664231 47.664231 47.664231 0.979246 0.979246 0.979246
5880 47.664231 47.664231 47.664231 0.979246 0.979246 0.979246
5890 47.664231 47.664231 47.664231 0.979246 0.979246 0.979246
5900 47.664231 47.664231 47.664231 0.979246 0.979246 0.979246
5910 47.664231 47.664231 47.664231 0.979246 0.979246 0.979246
5920 47.664231 47.664231 47.664231 0.979246 0.979246 0.979246
5930 47.664231 47.664231 47.664231 0.979246 0.979246 0.979246
5940 47.664231 47.664231 47.664231 0.979246 0.979246 0.979246
5950 47.664231 47.664231 47.664231 0.979246 0.979246 0.979246
5960 47.664231 47.664231 47.664231 0.979246 0.979246 0.979246
5970 47.664231 47.664231 47.664231 0.979246 0.979246 0.979246
5980 47.664231 47.664231 47.664231 0.979246 0.979246 0.979246
5990 47.664231 47.664231 47.664231 0.979246 0.979246 0.979246
6000 47.664231 47.664231 47.664231 0.979246 0.979246 0.979246
6010 47.664231 47.664231 47.664231 0.979246 0.979246 0.979246
6020 47.664231 47.664231 47.664231 0.979246 0.979246 0.979246
6030 47.664231 47.664231 47.664231 0.979246 0.979246 0.979246
6040 47.664231 47.664231 47.664231 0.979246 0.979246 0.979246
6050 47.664231 47.664231 47.664231 0.979246 0.979246 0.979246
6060 47.664231 47.664231 47.664231 0.979246 0.979246 0.979246
6070 47.664231 47.664231 47.664231 0.979246 0.979246 0.979246
6080 47.664231 47.664231 47.664231 0.979246 0.979246 0.979246
6090 47.664231 47.664231 47.664231 0.979246 0.979246 0.979246
6100 47.664231 47.664231 47.664231 0.979246 0.979246 0.979246
6110 47.664231 47.664231 47.664231 0.979246 0.979246 0.979246
6120 47.664231 47.664231 47.664231 0.979246 0.979246 0.979246
6130 47.664231 47.664231 47.664231 0.979246 0.979246 0.979246
6140 47.664231 47.664231 47.664231 0.979246 0.979246 0.979246
6150 47.664231 47.664231 47.664231 0.979246 0.979246 0.979246
6160 47.664231 47.664231 47.664231 0.979246 0.979246 0.979246
6170 47.664231 47.664231 47.664231 0.979246 0.979246 0.979246
6180 47.664231 47.664231 47.664231 0.979246 0.979246 0.979246
6190 47.664231 47.664231 47.664231 0.979246 0.979246 0.979246
6200 47.664231 47.664231 47.664231 0.979246 0.979246 0.979246
6210 47.664231 47.664231 47.664231 0.979246 0.979246 0.979246
6220 47.664231 47.664231 47.664231 0.979246 0.979246 0.979246
6230 47.664231 47.664231 47.664231 0.979246 0.979246 0.979246
6240 47.664231 47.664231 47.664231 0.979246 0.979246 0.979246
6250 47.664231 47.664231 47.664231 0.979246 0.979246 0.979246
6260 47.664231 47.664231 47.664231 0.979246 0.979246 0.979246
6270 47.664231 47.664231 47.664231 0.979246 0.979246 0.979246
6280 47.664231 47.664231 47.664231 0.979246 0.979246 0.979246
6290 47.664231 47.664231 47.664231 0.979246 0.979246 0.979246
6300 47.664231 47.664231 47.664231 0.979246 0.979246 0.979246
6310 47.664231 47.664231 47.664231 0.979246 0.979246 0.979246
6320 47.664231 47.664231 47.664231 0.979246 0.979246 0.979246
6330 47.664231 47.664231 47.664231 0.979246 0.979246 0.979246
6340 47.664231 47.664231 47.664231 0.979246 0.979246 0.979246
6350 47.664231 47.664231 47.664231 0.979246 0.979246 0.979246
6360 47.664231 47.664231 47.664231 0.979246 0.979246 0.979246
6370 47.664231 47.664231 47.664231 0.979246 0.979246 0.979246
6380 47.664231 47.664231 47.664231 0.979246 0.979246 0.979246
6390 47.664231 47.664231 47.664231 0.979246 0.979246 0.979246
6400 47.664231 47.664231 47.664231 0.979246 0.979246 0.979246
6410 47.664231 47.664231 47.664231 0.979246 0.979246 0.979246
6420 47.664231 47.664231 47.664231 0.979246 0.979246 0.979246
6430 47.664231 47.664231 47.664231 0.979246 0.979246 0.979246
6440 47.664231 47.664231 47.664231 0.979246 0.979246 0.979246
6450 47.664231 47.664231 47.664231 0.979246 0.979246 0.979246
6460 47.664231 47.664231 47.664231 0.979246 0.979246 0.979246
6470 47.664231 47.664231 47.664231 0.979246 0.979246 0.979246
6480 47.664231 47.664231 47.664231 0.979246 0.979246 0.979246
6490 47.664231 47.664231 47.664231 0.979246 0.979246 0.979246
6500 47.664231 47.664231 47.664231 0.979246 0.979246 0.979246
6510 47.664231 47.664231 47.664231 0.979246 0.979246 0.979246
6520 47.664231 47.664231 47.664231 0.979246 0.979246 0.979246
6530 47.664231 47.664231 47.664231 0.979246 0.979246 0.979246
6540 47.664231 47.664231 47.664231 0.979246 0.979246 0.979246
6550 47.664231 47.664231 47.664231 0.979246 0.979246 0.979246
6560 47.664231 47.664231 47.664231 0.979246 0.979246 0.979246
6570 47.664231 47.664231 47.664231 0.979246 0.979246 0.979246
6580 47.664231 47.664231 47.664231 0.979246 0.979246 0.979246
6590 47.664231 47.664231 47.664231 0.979246 0.979246 0.979246
6600 47.664231 47.664231 47.664231 0.979246 0.979246 0.979246
6610 47.664231 47.664231 47.664231 0.979246 0.979246 0.979246
6620 47.664231 47.664231 47.664231 0.979246 0.979246 0.979246
6630 47.664231 47.664231 47.664231 0.979246 0.979246 0.979246
6640 47.664231 47.664231 47.664231 0.979246 0.979246 0.979246
6650 47.664231 47.664231 47.664231 0.979246 0.979246 0.979246
6660 47.664231 47.664231 47.664231 0.979246 0.979246 0.979246
6670 47.664231 47.664231 47.664231 0.979246 0.979246 0.979246
6680 47.664231 47.664231 47.664231 0.979246 0.979246 0.979246
6690 47.664231 47.664231 47.664231 0.979246 0.979246 0.979246
6700 47.664231 47.664231 47.664231 0.979246 0.979246 0.979246
6710 47.664231 47.664231 47.664231 0.979246 0.979246 0.979246
6720 47.664231 47.664231 47.664231 0.979246 0.979246 0.979246
6730 47.664231 47.664231 47.664231 0.979246 0.979246 0.979246
6740 47.664231 47.664231 47.664231 0.979246 0.979246 0.979246
6750 47.664231 47.664231 47.664231 0.979246 0.979246 0.979246
6760 47.664231 47.664231 47.664231 0.979246 0.979246 0.979246
6770 47.664231 47.664231 47.664231 0.979246 0.979246 0.979246
6780 47.664231 47.664231 47.664231 0.979246 0.979246 0.979246
6790 47.664231 47.664231 47.664231 0.979246 0.979246 0.979246
6800 47.664231 47.664231 47.664231 0.979246 0.979246 0.979246
6810 47.664231 47.664231 47.664231 0.979246 0.979246 0.979246
6820 47.664231 47.664231 47.664231 0.979246 0.979246 0.979246
6830 47.664231 47.664231 47.664231 0.979246 0.979246 0.979246
6840 47.664231 47.664231 47.664231 0.979246 0.979246 0.979246
6850 47.664231 47.664231 47.664231 0.979246 0.979246 0.979246
6860 47.664231 47.664231 47.664231 0.979246 0.979246 0.979246
6870 47.664231 47.664231 47.664231 0.979246 0.979246 0.979246
6880 47.664231 47.664231 47.664231 0.979246 0.979246 0.979246
6890 47.664231 47.664231 47.664231 0.979246 0.979246 0.979246
6900 47.664231 47.664231 47.664231 0.979246 0.979246 0.979246
6910 47.664231 47.664231 47.664231 0.979246 0.979246 0.979246
6920 47.664231 47.664231 47.664231 0.979246 0.979246 0.979246
6930 47.664231 47.664231 47.664231 0.979246 0.979246 0.979246
6940 47.664231 47.664231 47.664231 0.979246 0.979246 0.979246
6950 47.664231 47.664231 47.664231 0.979246 0.979246 0.979246
6960 47.664231 47.664231 47.664231 0.979246 0.979246 0.979246
6970 47.664231 47.664231 47.664231 0.979246 0.979246 0.979246
6980 47.664231 47.664231 47.664231 0.979246 0.979246 0.979246
6990 47.664231 47.664231 47.664231 0.979246 0.979246 0.979246
7000 47.664231 47.664231 47.664231 0.979246 0.979246 0.979246
7010 47.664231 47.664231 47.664231 0.979246 0.979246 0.979246
7020 47.664231 47.664231 47.664231 0.979246 0.979246 0.979246
7030 47.664231 47.664231 47.664231 0.979246 0.979246 0.979246
7040 47.664231 47.664231 47.664231 0.979246 0.979246 0.979246
7050 47.664231 47.664231 47.664231 0.979246 0.979246 0.979246
7060 47.664231 47.664231 47.664231 0.979246 0.979246 0.979246
7070 47.664231 47.664231 47.664231 0.979246 0.979246 0.979246
7080 47.664231 47.664231 47.664231 0.979246 0.979246 0.979246
7090 47.664231 47.664231 47.664231 0.979246 0.979246 0.979246
7100 47.664231 47.664231 47.664231 0.979246 0.979246 0.979246
7110 47.664231 47.664231 47.664231 0.979246 0.979246 0.979246
7120 47.664231 47.664231 47.664231 0.979246 0.979246 0.979246
7130 47.664231 47.664231 47.664231 0.979246 0.979246 0.979246
7140 47.664231 47.664231 47.664231 0.979246 0.979246 0.979246
7150 47.664231 47.664231 47.664231 0.979246 0.979246 0.979246
7160 47.664231 47.664231 47.664231 0.979246 0.979246 0.979246
7170 47.664231 47.664231 47.664231 0.979246 0.979246 0.979246
7180 47.664231 47.664231 47.664231 0.979246 0.979246 0.979246
7190 47.664231 47.664231 47.664231 0.979246 0.979246 0.979246
7200 47.664231 47.664231 47.664231 0.979246 0.979246 0.979246
7210 47.664231 47.664231 47.664231 0.979246 0.979246 0.979246
7220 47.664231 47.664231 47.664231 0.979246 0.979246 0.979246
7230 47.664231 47.664231 47.664231 0.979246 0.979246 0.979246
7240 47.664231 47.664231 47.664231 0.979246 0.979246 0.979246
7250 47.664231 47.664231 47.664231 0.979246 0.979246 0.979246
7260 47.664231 47.664231 47.664231 0.979246 0.979246 0.979246
7270 47.664231 47.664231 47.664231 0.979246 0.979246 0.979246
7280 47.664231 47.664231 47.664231 0.979246 0.979246 0.979246
7290 47.664231 47.664231 47.664231 0.979246 0.979246 0.979246
7300 47.664231 47.664231 47.664231 0.979246 0.979246 0.979246
7310 47.664231 47.664231 47.664231 0.979246 0.979246 0.979246
7320 47.664231 47.664231 47.664231 0.979246 0.979246 0.979246
7330 47.664231 47.664231 47.664231 0.979246 0.979246 0.979246
7340 47.664231 47.664231 47.664231 0.979246 0.979246 0.979246
7350 47.664231 47.664231 47.664231 0.979246 0.979246 0.979246
7360 47.664231 47.664231 47.664231 0.979246 0.979246 0.979246
7370 47.664231 47.664231 47.664231 0.979246 0.979246 0.979246
7380 47.664231 47.664231 47.664231 0.979246 0.979246 0.979246
7390 47.664231 47.664231 47.664231 0.979246 0.979246 0.979246
7400 47.664231 47.664231 47.664231 0.979246 0.979246 0.979246
7410 47.664231 47.664231 47.664231 0.979246 0.979246 0.979246
7420 47.664231 47.664231 47.664231 0.979246 0.979246 0.979246
7430 47.664231 47.664231 47.664231 0.979246 0.979246 0.979246
7440 47.664231 47.664231 47.664231 0.979246 0.979246 0.979246
7450 47.664231 47.664231 47.664231 0.979246 0.979246 0.979246
7460 47.664231 47.664231 47.664231 0.979246 0.979246 0.979246
7470 47.664231 47.664231 47.664231 0.979246 0.979246 0.979246
7480 47.664231 47.664231 47.664231 0.979246 0.979246 0.979246
7490 47.664231 47.664231 47.664231 0.979246 0.979246 0.979246
7500 47.664231 47.664231 47.664231 0.979246 0.979246 0.979246
7510 47.664231 47.664231 47.664231 0.979246 0.979246 0.979246
7520 47.664231 47.664231 47.664231 0.979246 0.979246 0.979246
7530 47.664231 47.664231 47.664231 0.979246 0.979246 0.979246
7540 47.664231 47.664231 47.664231 0.979246 0.979246 0.979246
7550 47.664231 47.664231 47.664231 0.979246 0.979246 0.979246
7560 47.664231 47.664231 47.664231 0.979246 0.979246 0.979246
7570 47.664231 47.664231 47.664231 0.979246 0.979246 0.979246
7580 47.664231 47.664231 47.664231 0.979246 0.979246 0.979246
7590 47.664231 47.664231 47.664231 0.979246 0.979246 0.979246
7600 47.664231 47.664231 47.664231 0.979246 0.979246 0.979246
7610 47.664231 47.664231 47.664231 0.979246 0.979246 0.979246
7620 47.664231 47.664231 47.664231 0.979246 0.979246 0.979246
7630 47.664231 47.664231 47.664231 0.979246 0.979246 0.979246
7640 47.664231 47.664231 47.664231 0.979246 0.979246 0.979246
7650 47.664231 47.664231 47.664231 0.979246 0.979246 0.979246
7660 47.664231 47.664231 47.664231 0.979246 0.979246 0.979246
7670 47.664231 47.664231 47.664231 0.979246 0.979246 0.979246
7680 47.664231 47.664231 47.664231 0.979246 0.979246 0.979246
7690 47.664231 47.664231 47.664231 0.979246 0.979246 0.979246
7700 47.664231 47.664231 47.664231 0.979246 0.979246 0.979246
7710 47.664231 47.664231 47.664231 0.979246 0.979246 0.979246
7720 47.664231 47.664231 47.664231 0.979246 0.979246 0.979246
7730 47.664231 47.664231 47.664231 0.979246 0.979246 0.979246
7740 47.664231 47.664231 47.664231 0.979246 0.979246 0.979246
7750 47.664231 47.664231 47.664231 0.979246 0.979246 0.979246
7760 47.664231 47.664231 47.664231 0.979246 0.979246 0.979246
7770 47.664231 47.664231 47.664231 0.979246 0.979246 0.979246
7780 47.664231 47.664231 47.664231 0.979246 0.979246 0.979246
7790 47.664231 47.664231 47.664231 0.979246 0.979246 0.979246
7800 47.664231 47.664231 47.664231 0.979246 0.979246 0.979246
7810 47.664231 47.664231 47.664231 0.979246 0.979246 0.979246
7820 47.664231 47.664231 47.664231 0.979246 0.979246 0.979246
7830 47.664231 47.664231 47.664231 0.979246 0.979246 0.979246
7840 47.664231 47.664231 47.664231 0.979246 0.979246 0.979246
7850 47.664231 47.664231 47.664231 0.979246 0.979246 0.979246
7860 47.664231 47.664231 47.664231 0.979246 0.979246 0.979246
7870 47.664231 47.664231 47.664231 0.979246 0.979246 0.979246
7880 47.664231 47.664231 47.664231 0.979246 0.979246 0.979246
7890 47.664231 47.664231 47.664231 0.979246 0.979246 0.979246
7900 47.664231 47.664231 47.664231 0.979246 0.979246 0.979246
7910 47.664231 47.664231 47.664231 0.979246 0.979246 0.979246
7920 47.664231 47.664231 47.664231 0.979246 0.979246 0.979246
7930 47.664231 47.664231 47.664231 0.979246 0.979246 0.979246
7940 47.664231 47.664231 47.664231 0.979246 0.979246 0.979246
7950 47.664231 47.664231 47.664231 0.979246 0.979246 0.979246
7960 47.664231 47.664231 47.664231 0.979246 0.979246 0.979246
7970 47.664231 47.664231 47.664231 0.979246 0.979246 0.979246
7980 47.664231 47.664231 47.664231 0.979246 0.979246 0.979246
7990 47.664231 47.664231 47.664231 0.979246 0.979246 0.979246
8000 47.664231 47.664231 47.664231 0.979246 0.979246 0.979246
8010 47.664231 47.664231 47.664231 0.979246 0.979246 0.979246
8020 47.664231 47.664231 47.664231 0.979246 0.979246 0.979246
8030 47.664231 47.664231 47.664231 0.979246 0.979246 0.979246
8040 47.664231 47.664231 47.664231 0.979246 0.979246 0.979246
8050 47.664231 47.664231 47.664231 0.979246 0.979246 0.979246
8060 47.664231 47.664231 47.664231 0.979246 0.979246 0.979246
8070 47.664231 47.664231 47.664231 0.979246 0.979246 0.979246
8080 47.664231 47.664231 47.664231 0.979246 0.979246 0.979246
8090 47.664231 47.664231 47.664231 0.979246 0.979246 0.979246
8100 47.664231 47.664231 47.664231 0.979246 0.979246 0.979246
8110 47.664231 47.664231 47.664231 0.979246 0.979246 0.979246
8120 47.664231 47.664231 47.664231 0.979246 0.979246 0.979246
8130 47.664231 47.664231 47.664231 0.979246 0.979246 0.979246
8140 47.664231 47.664231 47.664231 0.979246 0.979246 0.979246
8150 47.664231 47.664231 47.664231 0.979246 0.979246 0.979246
8160 47.664231 47.664231 47.664231 0.979246 0.979246 0.979246
8170 47.664231 47.664231 47.664231 0.979246 0.979246 0.979246
8180 47.664231 47.664231 47.664231 0.979246 0.979246 0.979246
8190 47.664231 47.664231 47.664231 0.979246 0.979246 0.979246
8200 47.664231 47.664231 47.664231 0.979246 0.979246 0.979246
8210 47.664231 47.664231 47.664231 0.979246 0.979246 0.979246
8220 47.664231 47.664231 47.664231 0.979246 0.979246 0.979246
8230 47.664231 47.664231 47.664231 0.979246 0.979246 0.979246
8240 47.664231 47.664231 47.664231 0.979246 0.979246 0.979246
8250 47.664231 47.664231 47.664231 0.979246 0.979246 0.979246
8260 47.664231 47.664231 47.664231 0.979246 0.979246 0.979246
8270 47.664231 47.664231 47.664231 0.979246 0.979246 0.979246
8280 47.664231 47.664231 47.664231 0.979246 0.979246 0.979246
8290 47.664231 47.664231 47.664231 0.979246 0.979246 0.979246
8300 47.664231 47.664231 47.664231 0.979246 0.979246 0.979246
8310 47.664231 47.664231 47.664231 0.979246 0.979246 0.979246
8320 47.664231 47.664231 47.664231 0.979246 0.979246 0.979246
8330 47.664231 47.664231 47.664231 0.979246 0.979246 0.979246
8340 47.664231 47.664231 47.664231 0.979246 0.979246 0.979246
8350 47.664231 47.664231 47.664231 0.979246 0.979246 0.979246
8360 47.664231 47.664231 47.664231 0.979246 0.979246 0.979246
8370 47.664231 47.664231 47.664231 0.979246 0.979246 0.979246
8380 47.664231 47.664231 47.664231 0.979246 0.979246 0.979246
8390 47.664231 47.664231 47.664231 0.979246 0.979246 0.979246
8400 47.664231 47.664231 47.664231 0.979246 0.979246 0.979246
8410 47.664231 47.664231 47.664231 0.979246 0.979246 0.979246
8420 47.664231 47.664231 47.664231 0.979246 0.979246 0.979246
8430 47.664231 47.664231 47.664231 0.979246 0.979246 0.979246
8440 47.664231 47.664231 47.664231 0.979246 0.979246 0.979246
8450 47.664231 47.664231 47.664231 0.979246 0.979246 0.979246
8460 47.664231 47.664231 47.664231 0.979246 0.979246 0.979246
8470 47.664231 47.664231 47.664231 0.979246 0.979246 0.979246
8480 47.664231 47.664231 47.664231 0.979246 0.979246 0.979246
8490 47.664231 47.664231 47.664231 0.979246 0.979246 0.979246
8500 47.664231 47.664231 47.664231 0.979246 0.979246 0.979246
8510 47.664231 47.664231 47.664231 0.979246 0.979246 0.979246
8520 47.664231 47.664231 47.664231 0.979246 0.979246 0.979246
8530 47.664231 47.664231 47.664231 0.979246 0.979246 0.979246
8540 47.664231 47.664231 47.664231 0.979246 0.979246 0.979246
8550 47.664231 47.664231 47.664231 0.979246 0.979246 0.979246
8560 47.664231 47.664231 47.664231 0.979246 0.979246 0.979246
8570 47.664231 47.664231 47.664231 0.979246 0.979246 0.979246
8580 47.664231 47.664231 47.664231 0.979246 0.979246 0.979246
8590 47.664231 47.664231 47.664231 0.979246 0.979246 0.979246
8600 47.664231 47.664231 47.664231 0.979246 0.979246 0.979246
8610 47.664231 47.664231 47.664231 0.979246 0.979246 0.979246
8620 47.664231 47.664231 47.664231 0.979246 0.979246 0.979246
8630 47.664231 47.664231 47.664231 0.979246 0.979246 0.979246
8640 47.664231 47.664231 47.664231 0.979246 0.979246 0.979246
8650 47.664231 47.664231 47.664231 0.979246 0.979246 0.979246
8660 47.664231 47.664231 47.664231 0.979246 0.979246 0.979246
8670 47.664231 47.664231 47.664231 0.979246 0.979246 0.979246
8680 47.664231 47.664231 47.664231 0.979246 0.979246 0.979246
8690 47.664231 47.664231 47.664231 0.979246 0.979246 0.979246
8700 47.664231 47.664231 47.664231 0.979246 0.979246 0.979246
8710 47.664231 47.664231 47.664231 0.979246 0.979246 0.979246
8720 47.664231 47.664231 47.664231 0.979246 0.979246 0.979246
8730 47.664231 47.664231 47.664231 0.979246 0.979246 0.979246
8740 47.664231 47.664231 47.664231 0.979246 0.979246 0.979246
8750 47.664231 47.664231 47.664231 0.979246 0.979246 0.979246
8760 47.664231 47.664231 47.664231 0.979246 0.979246 0.979246
8770 47.664231 47.664231 47.664231 0.979246 0.979246 0.979246
8780 47.664231 47.664231 47.664231 0.979246 0.979246 0.979246
8790 47.664231 47.664231 47.664231 0.979246 0.979246 0.979246
8800 47.664231 47.664231 47.664231 0.979246 0.979246 0.979246
8810 47.664231 47.664231 47.664231 0.979246 0.979246 0.979246
8820 47.664231 47.664231 47.664231 0.979246 0.979246 0.979246
8830 47.664231 47.664231 47.664231 0.979246 0.979246 0.979246
8840 47.664231 47.664231 47.664231 0.979246 0.979246 0.979246
8850 47.664231 47.664231 47.664231 0.979246 0.979246 0.979246
8860 47.664231 47.664231 47.664231 0.979246 0.979246 0.979246
8870 47.664231 47.664231 47.664231 0.979246 0.979246 0.979246
8880 47.664231 47.664231 47.664231 0.979246 0.979246 0.979246
8890 47.664231 47.664231 47.664231 0.979246 0.979246 0.979246
8900 47.664231 47.664231 47.664231 0.979246 0.979246 0.979246
8910 47.664231 47.664231 47.664231 0.979246 0.979246 0.979246
8920 47.664231 47.664231 47.664231 0.979246 0.979246 0.979246
8930 47.664231 47.664231 47.664231 0.979246 0.979246 0.979246
8940 47.664231 47.664231 47.664231 0.979246 0.979246 0.979246
8950 47.664231 47.664231 47.664231 0.979246 0.979246 0.979246
8960 47.664231 47.664231 47.664231 0.979246 0.979246 0.979246
8970 47.664231 47.664231 47.664231 0.979246 0.979246 0.979246
8980 47.664231 47.664231 47.664231 0.979246 0.979246 0.979246
8990 47.664231 47.664231 47.664231 0.979246 0.979246 0.979246
9000 47.664231 47.664231 47.664231 0.979246 0.979246 0.979246
9010 47.664231 47.664231 47.664231 0.979246 0.979246 0.979246
9020 47.664231 47.664231 47.664231 0.979246 0.979246 0.979246
9030 47.664231 47.664231 47.664231 0.979246 0.979246 0.979246
9040 47.664231 47.664231 47.664231 0.979246 0.979246 0.979246
9050 47.664231 47.664231 47.664231 0.979246 0.979246 0.979246
9060 47.664231 47.664231 47.664231 0.979246 0.979246 0.979246
9070 47.664231 47.664231 47.664231 0.979246 0.979246 0.979246
9080 47.664231 47.664231 47.664231 0.979246 0.979246 0.979246
9090 47.664231 47.664231 47.664231 0.979246 0.979246 0.979246
9100 47.664231 47.664231 47.664231 0.979246 0.979246 0.979246
9110 47.664231 47.664231 47.664231 0.979246 0.979246 0.979246
9120 47.664231 47.664231 47.664231 0.979246 0.979246 0.979246
9130 47.664231 47.664231 47.664231 0.979246 0.979246 0.979246
9140 47.664231 47.664231 47.664231 0.979246 0.979246 0.979246
9150 47.664231 47.664231 47.664231 0.979246 0.979246 0.979246
9160 47.664231 47.664231 47.664231 0.979246 0.979246 0.979246
9170 47.664231 47.664231 47.664231 0.979246 0.979246 0.979246
9180 47.664231 47.664231 47.664231 0.979246 0.979246 0.979246
9190 47.664231 47.664231 47.664231 0.979246 0.979246 0.979246
9200 47.664231 47.664231 47.664231 0.979246 0.979246 0.979246
9210 47.664231 47.664231 47.664231 0.979246 0.979246 0.979246
9220 47.664231 47.664231 47.664231 0.979246 0.979246 0.979246
9230 47.664231 47.664231 47.664231 0.979246 0.979246 0.979246
9240 47.664231 47.664231 47.664231 0.979246 0.979246 0.979246
9250 47.664231 47.664231 47.664231 0.979246 0.979246 0.979246
9260 47.664231 47.664231 47.664231 0.979246 0.979246 0.979246
9270 47.664231 47.664231 47.664231 0.979246 0.979246 0.979246
9280 47.664231 47.664231 47.664231 0.979246 0.979246 0.979246
9290 47.664231 47.664231 47.664231 0.979246 0.979246 0.979246
9300 47.664231 47.664231 47.664231 0.979246 0.979246 0.979246
9310 47.664231 47.664231 47.664231 0.979246 0.979246 0.979246
9320 47.664231 47.664231 47.664231 0.979246 0.979246 0.979246
9330 47.664231 47.664231 47.664231 0.979246 0.979246 0.979246
9340 47.664231 47.664231 47.664231 0.979246 0.979246 0.979246
9350 47.664231 47.664231 47.664231 0.979246 0.979246 0.979246
9360 47.664231 47.664231 47.664231 0.979246 0.979246 0.979246
9370 47.664231 47.664231 47.664231 0.979246 0.979246 0.979246
9380 47.664231 47.664231 47.664231 0.979246 0.979246 0.979246
9390 47.664231 47.664231 47.664231 0.979246 0.979246 0.979246
9400 47.664231 47.664231 47.664231 0.979246 0.979246 0.979246
9410 47.664231 47.664231 47.664231 0.979246 0.979246 0.979246
9420 47.664231 47.664231 47.664231 0.979246 0.979246 0.979246
9430 47.664231 47.664231 47.664231 0.979246 0.979246 0.979246
9440 47.664231 47.664231 47.664231 0.979246 0.979246 0.979246
9450 47.664231 47.664231 47.664231 0.979246 0.979246 0.979246
9460 47.664231 47.664231 47.664231 0.979246 0.979246 0.979246
9470 47.664231 47.664231 47.664231 0.979246 0.979246 0.979246
9480 47.664231 47.664231 47.664231 0.979246 0.979246 0.979246
9490 47.664231 47.664231 47.664231 0.979246 0.979246 0.979246
9500 47.664231 47.664231 47.664231 0.979246 0.979246 0.979246
9510 47.664231 47.664231 47.664231 0.979246 0.979246 0.979246
9520 47.664231 47.664231 47.664231 0.979246 0.979246 0.979246
9530 47.664231 47.664231 47.664231 0.979246 0.979246 0.979246
9540 47.664231 47.664231 47.664231 0.979246 0.979246 0.979246
9550 47.664231 47.664231 47.664231 0.979246 0.979246 0.979246
9560 47.664231 47.664231 47.664231 0.979246 0.979246 0.979246
9570 47.664231 47.664231 47.664231 0.979246 0.979246 0.979246
9580 47.664231 47.664231 47.664231 0.979246 0.979246 0.979246
9590 47.664231 47.664231 47.664231 0.979246 0.979246 0.979246
9600 47.664231 47.664231 47.664231 0.979246 0.979246 0.979246
9610 47.664231 47.664231 47.664231 0.979246 0.979246 0.979246
9620 47.664231 47.664231 47.664231 0.979246 0.979246 0.979246
9630 47.664231 47.664231 47.664231 0.979246 0.979246 0.979246
9640 47.664231 47.664231 47.664231 0.979246 0.979246 0.979246
9650 47.664231 47.664231 47.664231 0.979246 0.979246 0.979246
9660 47.664231 47.664231 47.664231 0.979246 0.979246 0.979246
9670 47.664231 47.664231 47.664231 0.979246 0.979246 0.979246
9680 47.664231 47.664231 47.664231 0.979246 0.979246 0.979246
9690 47.664231 47.664231 47.664231 0.979246 0.979246 0.979246
9700 47.664231 47.664231 47.664231 0.979246 0.979246 0.979246
9710 47.664231 47.664231 47.664231 0.979246 0.979246 0.979246
9720 47.664231 47.664231 47.664231 0.979246 0.979246 0.979246
9730 47.664231 47.664231 47.664231 0.979246 0.979246 0.979246
9740 47.664231 47.664231 47.664231 0.979246 0.979246 0.979246
9750 47.664231 47.664231 47.664231 0.979246 0.979246 0.979246
9760 47.664231 47.664231 47.664231 0.979246 0.979246 0.979246
9770 47.664231 47.664231 47.664231 0.979246 0.979246 0.979246
9780 47.664231 47.664231 47.664231 0.979246 0.979246 0.979246
9790 47.664231 47.664231 47.664231 0.979246 0.979246 0.979246
9800 47.664231 47.664231 47.664231 0.979246 0.979246 0.979246
9810 47.664231 47.664231 47.664231 0.979246 0.979246 0.979246
9820 47.664231 47.664231 47.664231 0.979246 0.979246 0.979246
9830 47.664231 47.664231 47.664231 0.979246 0.979246 0.979246
9840 47.664231 47.664231 47.664231 0.979246 0.979246 0.979246
9850 47.664231 47.664231 47.664231 0.979246 0.979246 0.979246
9860 47.664231 47.664231 47.664231 0.979246 0.979246 0.979246
9870 47.664231 47.664231 47.664231 0.979246 0.979246 0.979246
9880 47.664231 47.664231 47.664231 0.979246 0.979246 0.979246
9890 47.664231 47.664231 47.664231 0.979246 0.979246 0.979246
9900 47.664231 47.664231 47.664231 0.979246 0.979246 0.979246
9910 47.664231 47.664231 47.664231 0.979246 0.979246 0.979246
9920 47.664231 47.664231 47.664231 0.979246 0.979246 0.979246
9930 47.664231 47.664231 47.664231 0.979246 0.979246 0.979246
9940 47.664231 47.664231 47.664231 0.979246 0.979246 0.979246
9950 47.664231 47.664231 47.664231 0.979246 0.979246 0.979246
9960 47.664231 47.664231 47.664231 0.979246 0.979246 0.979246
9970 47.664231 47.664231 47.664231 0.979246 0.979246 0.979246
9980 47.664231 47.664231 47.664231 0.979246 0.979246 0.979246
9990 47.664231 47.664231 47.664231 0.979246 0.979246 0.979246
10000 47.664231 47.664231 47.664231 0.979246 0.979246 0.979246
