# generation power_min power_avg power_max util_min util_avg util_max
1 28.290322 33.293316 40.348977 0.439922 0.561945 0.721046
10 26.721681 32.554675 36.790673 0.422015 0.545407 0.643066
20 26.086050 32.024903 34.866050 0.411191 0.533691 0.621487
30 26.086050 31.581537 34.157453 0.411191 0.523556 0.599105
40 26.086050 31.006005 33.717322 0.379831 0.512082 0.579430
50 26.086050 30.562200 33.236077 0.379831 0.502913 0.579430
60 25.236627 30.017641 32.883317 0.379831 0.491831 0.574675
70 24.799439 29.459289 32.298693 0.357778 0.478943 0.547168
80 24.675785 28.950832 31.600571 0.344412 0.467745 0.539189
90 24.127617 28.441648 31.273835 0.344412 0.457817 0.529039
100 24.127617 27.993912 30.751761 0.344412 0.448534 0.520986
110 23.308419 27.465844 30.148126 0.344412 0.438640 0.510109
120 22.478298 26.930039 29.863878 0.341338 0.427757 0.507166
130 22.346687 26.420941 29.352831 0.320989 0.417451 0.505160
140 21.885064 25.973175 28.473196 0.320989 0.410340 0.480302
150 21.620244 25.515370 28.065286 0.319673 0.400572 0.464014
160 21.620244 25.101417 27.329772 0.319673 0.392457 0.459920
170 21.028333 24.713685 26.968734 0.294868 0.382926 0.455117
180 21.028333 24.332851 26.616025 0.294868 0.375198 0.450886
190 20.697535 23.890352 26.086050 0.289672 0.365295 0.430525
200 20.697535 23.527189 25.713527 0.289672 0.358536 0.417310
210 20.679363 23.152307 25.217586 0.289410 0.352156 0.417310
220 19.725634 22.761162 24.822830 0.289410 0.344899 0.417310
230 19.725634 22.394392 24.576006 0.287174 0.338851 0.399859
240 19.283452 21.997116 24.133278 0.274218 0.331894 0.380248
250 19.283452 21.695959 23.308419 0.274218 0.326131 0.376089
260 19.027006 21.389068 23.121630 0.274218 0.320056 0.365379
270 19.027006 21.110647 22.584607 0.274218 0.315488 0.357062
280 18.832261 20.861839 22.336199 0.269471 0.310306 0.349723
290 18.832261 20.602522 21.885064 0.268699 0.305493 0.349723
300 18.748068 20.357208 21.778401 0.267990 0.301156 0.345989
310 18.152939 20.099249 21.558943 0.250724 0.296008 0.335261
320 17.931709 19.853267 21.264699 0.250724 0.290910 0.333724
330 17.931709 19.594730 20.868152 0.250724 0.286138 0.322348
340 17.429753 19.386355 20.644064 0.237233 0.282774 0.316070
350 17.429753 19.186004 20.506657 0.237233 0.279607 0.311088
360 17.429753 19.001949 20.101127 0.237233 0.276684 0.305503
370 17.429753 18.830118 19.850785 0.237233 0.273619 0.298109
380 17.429753 18.653243 19.703807 0.237233 0.270161 0.298109
390 17.429753 18.484370 19.283452 0.237233 0.266890 0.292513
400 17.244053 18.351547 19.069970 0.237233 0.264342 0.289974
410 17.244053 18.217284 18.976850 0.237233 0.261790 0.289974
420 17.169729 18.083604 18.839576 0.237233 0.258360 0.281968
430 17.169729 17.963368 18.755996 0.237233 0.255760 0.281968
440 16.847943 17.828522 18.603493 0.229106 0.252805 0.281968
450 16.847943 17.714870 18.395120 0.228588 0.250382 0.272352
460 16.847943 17.609892 18.207279 0.228588 0.248283 0.271412
470 16.847943 17.527408 17.985524 0.228588 0.246697 0.266045
480 16.720767 17.439866 17.918839 0.227985 0.244416 0.261498
490 16.685259 17.367616 17.825864 0.227985 0.243256 0.261498
500 16.444275 17.298716 17.664407 0.220801 0.241898 0.259785
510 16.444275 17.229697 17.543347 0.220801 0.240501 0.255645
520 16.371081 17.152536 17.473698 0.220801 0.239243 0.253806
530 16.371081 17.065192 17.429753 0.220801 0.237808 0.252560
540 16.313961 16.983512 17.429753 0.220801 0.237150 0.252560
550 16.313961 16.907389 17.401553 0.220801 0.235392 0.252560
560 16.313961 16.821288 17.330873 0.220801 0.233929 0.248086
570 16.056508 16.731488 17.250532 0.217817 0.232670 0.248086
580 16.056508 16.658067 17.094124 0.217817 0.231405 0.245942
590 16.056508 16.592312 17.005468 0.217817 0.229762 0.239682
600 16.056508 16.527946 16.902083 0.217817 0.228813 0.239682
610 16.056508 16.476396 16.720767 0.217817 0.227686 0.237296
620 15.809460 16.421085 16.720767 0.216043 0.226221 0.237296
630 15.809460 16.374554 16.678510 0.216043 0.225283 0.235658
640 15.645647 16.322091 16.646977 0.216043 0.224146 0.233819
650 15.645647 16.274561 16.512999 0.216043 0.223495 0.231599
660 15.645647 16.233978 16.444275 0.212445 0.222939 0.231063
670 15.534562 16.178021 16.444275 0.212445 0.222678 0.231063
680 15.534562 16.134944 16.371081 0.212217 0.222018 0.231063
690 15.534562 16.085164 16.371081 0.212217 0.220774 0.231063
700 15.534562 16.034538 16.329459 0.210422 0.219833 0.231063
710 15.376466 15.971776 16.313961 0.207438 0.218876 0.231063
720 15.338218 15.915583 16.260301 0.207438 0.218010 0.231063
730 15.338218 15.865849 16.126290 0.207438 0.217487 0.231063
740 15.338218 15.815234 16.116888 0.207438 0.216501 0.231063
750 15.338218 15.769072 16.075267 0.207438 0.215289 0.224683
760 15.338218 15.715272 16.056508 0.207438 0.214642 0.224683
770 15.338218 15.662855 15.920544 0.207438 0.214266 0.220590
780 15.338218 15.619037 15.809460 0.207438 0.214004 0.220590
790 15.338218 15.576853 15.809460 0.207438 0.213756 0.220590
800 15.338218 15.538078 15.809460 0.207438 0.213580 0.220590
810 15.306684 15.495160 15.767838 0.207438 0.213287 0.219062
820 15.306684 15.456646 15.682897 0.207438 0.213307 0.219062
830 15.306684 15.428006 15.613115 0.207438 0.213071 0.218066
840 15.306684 15.400516 15.613115 0.207438 0.213273 0.218066
850 15.306684 15.379992 15.534562 0.207438 0.212885 0.218066
860 15.306684 15.360754 15.494887 0.207438 0.212429 0.216042
870 15.306684 15.347457 15.439518 0.210606 0.212442 0.216042
880 15.306684 15.338205 15.379839 0.210606 0.212333 0.216042
890 15.306684 15.336641 15.338218 0.210606 0.212353 0.212445
900 15.306684 15.336641 15.338218 0.210606 0.212353 0.212445
910 15.306684 15.336010 15.338218 0.210606 0.212316 0.212445
920 15.306684 15.335695 15.338218 0.210606 0.212297 0.212445
930 15.306684 15.335695 15.338218 0.210606 0.212297 0.212445
940 15.306684 15.335380 15.338218 0.210606 0.212279 0.212445
950 15.306684 15.333488 15.338218 0.210606 0.212169 0.212445
960 15.306684 15.332857 15.338218 0.210606 0.212132 0.212445
970 15.306684 15.331280 15.338218 0.210606 0.212040 0.212445
980 15.306684 15.329073 15.338218 0.210606 0.211911 0.212445
990 15.306684 15.326235 15.338218 0.210606 0.211746 0.212445
1000 15.306684 15.323712 15.338218 0.210606 0.211599 0.212445
1010 15.306684 15.321190 15.338218 0.210606 0.211452 0.212445
1020 15.306684 15.318036 15.338218 0.210606 0.211268 0.212445
1030 15.306684 15.314883 15.338218 0.210606 0.211084 0.212445
1040 15.306684 15.311730 15.338218 0.210606 0.210900 0.212445
1050 15.306684 15.308576 15.338218 0.210606 0.210716 0.212445
1060 15.306684 15.306684 15.306684 0.210606 0.210606 0.210606
1070 15.306684 15.306684 15.306684 0.210606 0.210606 0.210606
1080 15.306684 15.306684 15.306684 0.210606 0.210606 0.210606
1090 15.306684 15.306684 15.306684 0.210606 0.210606 0.210606
1100 15.306684 15.306684 15.306684 0.210606 0.210606 0.210606
1110 15.306684 15.306684 15.306684 0.210606 0.210606 0.210606
1120 15.306684 15.306684 15.306684 0.210606 0.210606 0.210606
1130 15.306684 15.306684 15.306684 0.210606 0.210606 0.210606
1140 15.306684 15.306684 15.306684 0.210606 0.210606 0.210606
1150 15.306684 15.306684 15.306684 0.210606 0.210606 0.210606
1160 15.306684 15.306684 15.306684 0.210606 0.210606 0.210606
1170 15.306684 15.306684 15.306684 0.210606 0.210606 0.210606
1180 15.306684 15.306684 15.306684 0.210606 0.210606 0.210606
1190 15.306684 15.306684 15.306684 0.210606 0.210606 0.210606
1200 15.306684 15.306684 15.306684 0.210606 0.210606 0.210606
1210 15.306684 15.306684 15.306684 0.210606 0.210606 0.210606
1220 15.306684 15.306684 15.306684 0.210606 0.210606 0.210606
1230 15.306684 15.306684 15.306684 0.210606 0.210606 0.210606
1240 15.306684 15.306684 15.306684 0.210606 0.210606 0.210606
1250 15.306684 15.306684 15.306684 0.210606 0.210606 0.210606
1260 15.306684 15.306684 15.306684 0.210606 0.210606 0.210606
1270 15.306684 15.306684 15.306684 0.210606 0.210606 0.210606
1280 15.306684 15.306684 15.306684 0.210606 0.210606 0.210606
1290 15.306684 15.306684 15.306684 0.210606 0.210606 0.210606
1300 15.306684 15.306684 15.306684 0.210606 0.210606 0.210606
1310 15.306684 15.306684 15.306684 0.210606 0.210606 0.210606
1320 15.306684 15.306684 15.306684 0.210606 0.210606 0.210606
1330 15.306684 15.306684 15.306684 0.210606 0.210606 0.210606
1340 15.306684 15.306684 15.306684 0.210606 0.210606 0.210606
1350 15.306684 15.306684 15.306684 0.210606 0.210606 0.210606
1360 15.306684 15.306684 15.306684 0.210606 0.210606 0.210606
1370 15.306684 15.306684 15.306684 0.210606 0.210606 0.210606
1380 15.306684 15.306684 15.306684 0.210606 0.210606 0.210606
1390 15.306684 15.306684 15.306684 0.210606 0.210606 0.210606
1400 15.306684 15.306684 15.306684 0.210606 0.210606 0.210606
1410 15.306684 15.306684 15.306684 0.210606 0.210606 0.210606
1420 15.306684 15.306684 15.306684 0.210606 0.210606 0.210606
1430 15.306684 15.306684 15.306684 0.210606 0.210606 0.210606
1440 15.306684 15.306684 15.306684 0.210606 0.210606 0.210606
1450 15.306684 15.306684 15.306684 0.210606 0.210606 0.210606
1460 15.306684 15.306684 15.306684 0.210606 0.210606 0.210606
1470 15.306684 15.306684 15.306684 0.210606 0.210606 0.210606
1480 15.306684 15.306684 15.306684 0.210606 0.210606 0.210606
1490 15.306684 15.306684 15.306684 0.210606 0.210606 0.210606
1500 15.306684 15.306684 15.306684 0.210606 0.210606 0.210606
1510 15.306684 15.306684 15.306684 0.210606 0.210606 0.210606
1520 15.306684 15.306684 15.306684 0.210606 0.210606 0.210606
1530 15.306684 15.306684 15.306684 0.210606 0.210606 0.210606
1540 15.306684 15.306684 15.306684 0.210606 0.210606 0.210606
1550 15.306684 15.306684 15.306684 0.210606 0.210606 0.210606
1560 15.306684 15.306684 15.306684 0.210606 0.210606 0.210606
1570 15.306684 15.306684 15.306684 0.210606 0.210606 0.210606
1580 15.306684 15.306684 15.306684 0.210606 0.210606 0.210606
1590 15.306684 15.306684 15.306684 0.210606 0.210606 0.210606
1600 15.306684 15.306684 15.306684 0.210606 0.210606 0.210606
1610 15.306684 15.306684 15.306684 0.210606 0.210606 0.210606
1620 15.306684 15.306684 15.306684 0.210606 0.210606 0.210606
1630 15.306684 15.306684 15.306684 0.210606 0.210606 0.210606
1640 15.306684 15.306684 15.306684 0.210606 0.210606 0.210606
1650 15.306684 15.306684 15.306684 0.210606 0.210606 0.210606
1660 15.306684 15.306684 15.306684 0.210606 0.210606 0.210606
1670 15.306684 15.306684 15.306684 0.210606 0.210606 0.210606
1680 15.306684 15.306684 15.306684 0.210606 0.210606 0.210606
1690 15.306684 15.306684 15.306684 0.210606 0.210606 0.210606
1700 15.306684 15.306684 15.306684 0.210606 0.210606 0.210606
1710 15.306684 15.306684 15.306684 0.210606 0.210606 0.210606
1720 15.306684 15.306684 15.306684 0.210606 0.210606 0.210606
1730 15.306684 15.306684 15.306684 0.210606 0.210606 0.210606
1740 15.306684 15.306684 15.306684 0.210606 0.210606 0.210606
1750 15.306684 15.306684 15.306684 0.210606 0.210606 0.210606
1760 15.306684 15.306684 15.306684 0.210606 0.210606 0.210606
1770 15.306684 15.306684 15.306684 0.210606 0.210606 0.210606
1780 15.306684 15.306684 15.306684 0.210606 0.210606 0.210606
1790 15.306684 15.306684 15.306684 0.210606 0.210606 0.210606
1800 15.306684 15.306684 15.306684 0.210606 0.210606 0.210606
1810 15.306684 15.306684 15.306684 0.210606 0.210606 0.210606
1820 15.306684 15.306684 15.306684 0.210606 0.210606 0.210606
1830 15.306684 15.306684 15.306684 0.210606 0.210606 0.210606
1840 15.306684 15.306684 15.306684 0.210606 0.210606 0.210606
1850 15.306684 15.306684 15.306684 0.210606 0.210606 0.210606
1860 15.306684 15.306684 15.306684 0.210606 0.210606 0.210606
1870 15.306684 15.306684 15.306684 0.210606 0.210606 0.210606
1880 15.306684 15.306684 15.306684 0.210606 0.210606 0.210606
1890 15.306684 15.306684 15.306684 0.210606 0.210606 0.210606
1900 15.306684 15.306684 15.306684 0.210606 0.210606 0.210606
1910 15.306684 15.306684 15.306684 0.210606 0.210606 0.210606
1920 15.306684 15.306684 15.306684 0.210606 0.210606 0.210606
1930 15.306684 15.306684 15.306684 0.210606 0.210606 0.210606
1940 15.306684 15.306684 15.306684 0.210606 0.210606 0.210606
1950 15.306684 15.306684 15.306684 0.210606 0.210606 0.210606
1960 15.306684 15.306684 15.306684 0.210606 0.210606 0.210606
1970 15.306684 15.306684 15.306684 0.210606 0.210606 0.210606
1980 15.306684 15.306684 15.306684 0.210606 0.210606 0.210606
1990 15.306684 15.306684 15.306684 0.210606 0.210606 0.210606
2000 15.306684 15.306684 15.306684 0.210606 0.210606 0.210606
2010 15.306684 15.306684 15.306684 0.210606 0.210606 0.210606
2020 15.306684 15.306684 15.306684 0.210606 0.210606 0.210606
2030 15.306684 15.306684 15.306684 0.210606 0.210606 0.210606
2040 15.306684 15.306684 15.306684 0.210606 0.210606 0.210606
2050 15.306684 15.306684 15.306684 0.210606 0.210606 0.210606
2060 15.306684 15.306684 15.306684 0.210606 0.210606 0.210606
2070 15.306684 15.306684 15.306684 0.210606 0.210606 0.210606
2080 15.306684 15.306684 15.306684 0.210606 0.210606 0.210606
2090 15.306684 15.306684 15.306684 0.210606 0.210606 0.210606
2100 15.306684 15.306684 15.306684 0.210606 0.210606 0.210606
2110 15.306684 15.306684 15.306684 0.210606 0.210606 0.210606
2120 15.306684 15.306684 15.306684 0.210606 0.210606 0.210606
2130 15.306684 15.306684 15.306684 0.210606 0.210606 0.210606
2140 15.306684 15.306684 15.306684 0.210606 0.210606 0.210606
2150 15.306684 15.306684 15.306684 0.210606 0.210606 0.210606
2160 15.306684 15.306684 15.306684 0.210606 0.210606 0.210606
2170 15.306684 15.306684 15.306684 0.210606 0.210606 0.210606
2180 15.306684 15.306684 15.306684 0.210606 0.210606 0.210606
2190 15.306684 15.306684 15.306684 0.210606 0.210606 0.210606
2200 15.306684 15.306684 15.306684 0.210606 0.210606 0.210606
2210 15.306684 15.306684 15.306684 0.210606 0.210606 0.210606
2220 15.306684 15.306684 15.306684 0.210606 0.210606 0.210606
2230 15.306684 15.306684 15.306684 0.210606 0.210606 0.210606
2240 15.306684 15.306684 15.306684 0.210606 0.210606 0.210606
2250 15.306684 15.306684 15.306684 0.210606 0.210606 0.210606
2260 15.306684 15.306684 15.306684 0.210606 0.210606 0.210606
2270 15.306684 15.306684 15.306684 0.210606 0.210606 0.210606
2280 15.306684 15.306684 15.306684 0.210606 0.210606 0.210606
2290 15.306684 15.306684 15.306684 0.210606 0.210606 0.210606
2300 15.306684 15.306684 15.306684 0.210606 0.210606 0.210606
2310 15.306684 15.306684 15.306684 0.210606 0.210606 0.210606
2320 15.306684 15.306684 15.306684 0.210606 0.210606 0.210606
2330 15.306684 15.306684 15.306684 0.210606 0.210606 0.210606
2340 15.306684 15.306684 15.306684 0.210606 0.210606 0.210606
2350 15.306684 15.306684 15.306684 0.210606 0.210606 0.210606
2360 15.306684 15.306684 15.306684 0.210606 0.210606 0.210606
2370 15.306684 15.306684 15.306684 0.210606 0.210606 0.210606
2380 15.306684 15.306684 15.306684 0.210606 0.210606 0.210606
2390 15.306684 15.306684 15.306684 0.210606 0.210606 0.210606
2400 15.306684 15.306684 15.306684 0.210606 0.210606 0.210606
2410 15.306684 15.306684 15.306684 0.210606 0.210606 0.210606
2420 15.306684 15.306684 15.306684 0.210606 0.210606 0.210606
2430 15.306684 15.306684 15.306684 0.210606 0.210606 0.210606
2440 15.306684 15.306684 15.306684 0.210606 0.210606 0.210606
2450 15.306684 15.306684 15.306684 0.210606 0.210606 0.210606
2460 15.306684 15.306684 15.306684 0.210606 0.210606 0.210606
2470 15.306684 15.306684 15.306684 0.210606 0.210606 0.210606
2480 15.306684 15.306684 15.306684 0.210606 0.210606 0.210606
2490 15.306684 15.306684 15.306684 0.210606 0.210606 0.210606
2500 15.306684 15.306684 15.306684 0.210606 0.210606 0.210606
2510 15.306684 15.306684 15.306684 0.210606 0.210606 0.210606
2520 15.306684 15.306684 15.306684 0.210606 0.210606 0.210606
2530 15.306684 15.306684 15.306684 0.210606 0.210606 0.210606
2540 15.306684 15.306684 15.306684 0.210606 0.210606 0.210606
2550 15.306684 15.306684 15.306684 0.210606 0.210606 0.210606
2560 15.306684 15.306684 15.306684 0.210606 0.210606 0.210606
2570 15.306684 15.306684 15.306684 0.210606 0.210606 0.210606
2580 15.306684 15.306684 15.306684 0.210606 0.210606 0.210606
2590 15.306684 15.306684 15.306684 0.210606 0.210606 0.210606
2600 15.306684 15.306684 15.306684 0.210606 0.210606 0.210606
2610 15.306684 15.306684 15.306684 0.210606 0.210606 0.210606
2620 15.306684 15.306684 15.306684 0.210606 0.210606 0.210606
2630 15.306684 15.306684 15.306684 0.210606 0.210606 0.210606
2640 15.306684 15.306684 15.306684 0.210606 0.210606 0.210606
2650 15.306684 15.306684 15.306684 0.210606 0.210606 0.210606
2660 15.306684 15.306684 15.306684 0.210606 0.210606 0.210606
2670 15.306684 15.306684 15.306684 0.210606 0.210606 0.210606
2680 15.306684 15.306684 15.306684 0.210606 0.210606 0.210606
2690 15.306684 15.306684 15.306684 0.210606 0.210606 0.210606
2700 15.306684 15.306684 15.306684 0.210606 0.210606 0.210606
2710 15.306684 15.306684 15.306684 0.210606 0.210606 0.210606
2720 15.306684 15.306684 15.306684 0.210606 0.210606 0.210606
2730 15.306684 15.306684 15.306684 0.210606 0.210606 0.210606
2740 15.306684 15.306684 15.306684 0.210606 0.210606 0.210606
2750 15.306684 15.306684 15.306684 0.210606 0.210606 0.210606
2760 15.306684 15.306684 15.306684 0.210606 0.210606 0.210606
2770 15.306684 15.306684 15.306684 0.210606 0.210606 0.210606
2780 15.306684 15.306684 15.306684 0.210606 0.210606 0.210606
2790 15.306684 15.306684 15.306684 0.210606 0.210606 0.210606
2800 15.306684 15.306684 15.306684 0.210606 0.210606 0.210606
2810 15.306684 15.306684 15.306684 0.210606 0.210606 0.210606
2820 15.306684 15.306684 15.306684 0.210606 0.210606 0.210606
2830 15.306684 15.306684 15.306684 0.210606 0.210606 0.210606
2840 15.306684 15.306684 15.306684 0.210606 0.210606 0.210606
2850 15.306684 15.306684 15.306684 0.210606 0.210606 0.210606
2860 15.306684 15.306684 15.306684 0.210606 0.210606 0.210606
2870 15.306684 15.306684 15.306684 0.210606 0.210606 0.210606
2880 15.306684 15.306684 15.306684 0.210606 0.210606 0.210606
2890 15.306684 15.306684 15.306684 0.210606 0.210606 0.210606
2900 15.306684 15.306684 15.306684 0.210606 0.210606 0.210606
2910 15.306684 15.306684 15.306684 0.210606 0.210606 0.210606
2920 15.306684 15.306684 15.306684 0.210606 0.210606 0.210606
2930 15.306684 15.306684 15.306684 0.210606 0.210606 0.210606
2940 15.306684 15.306684 15.306684 0.210606 0.210606 0.210606
2950 15.306684 15.306684 15.306684 0.210606 0.210606 0.210606
2960 15.306684 15.306684 15.306684 0.210606 0.210606 0.210606
2970 15.306684 15.306684 15.306684 0.210606 0.210606 0.210606
2980 15.306684 15.306684 15.306684 0.210606 0.210606 0.210606
2990 15.306684 15.306684 15.306684 0.210606 0.210606 0.210606
3000 15.306684 15.306684 15.306684 0.210606 0.210606 0.210606
3010 15.306684 15.306684 15.306684 0.210606 0.210606 0.210606
3020 15.306684 15.306684 15.306684 0.210606 0.210606 0.210606
3030 15.306684 15.306684 15.306684 0.210606 0.210606 0.210606
3040 15.306684 15.306684 15.306684 0.210606 0.210606 0.210606
3050 15.306684 15.306684 15.306684 0.210606 0.210606 0.210606
3060 15.306684 15.306684 15.306684 0.210606 0.210606 0.210606
3070 15.306684 15.306684 15.306684 0.210606 0.210606 0.210606
3080 15.306684 15.306684 15.306684 0.210606 0.210606 0.210606
3090 15.306684 15.306684 15.306684 0.210606 0.210606 0.210606
3100 15.306684 15.306684 15.306684 0.210606 0.210606 0.210606
3110 15.306684 15.306684 15.306684 0.210606 0.210606 0.210606
3120 15.306684 15.306684 15.306684 0.210606 0.210606 0.210606
3130 15.306684 15.306684 15.306684 0.210606 0.210606 0.210606
3140 15.306684 15.306684 15.306684 0.210606 0.210606 0.210606
3150 15.306684 15.306684 15.306684 0.210606 0.210606 0.210606
3160 15.306684 15.306684 15.306684 0.210606 0.210606 0.210606
3170 15.306684 15.306684 15.306684 0.210606 0.210606 0.210606
3180 15.306684 15.306684 15.306684 0.210606 0.210606 0.210606
3190 15.306684 15.306684 15.306684 0.210606 0.210606 0.210606
3200 15.306684 15.306684 15.306684 0.210606 0.210606 0.210606
3210 15.306684 15.306684 15.306684 0.210606 0.210606 0.210606
3220 15.306684 15.306684 15.306684 0.210606 0.210606 0.210606
3230 15.306684 15.306684 15.306684 0.210606 0.210606 0.210606
3240 15.306684 15.306684 15.306684 0.210606 0.210606 0.210606
3250 15.306684 15.306684 15.306684 0.210606 0.210606 0.210606
3260 15.306684 15.306684 15.306684 0.210606 0.210606 0.210606
3270 15.306684 15.306684 15.306684 0.210606 0.210606 0.210606
3280 15.306684 15.306684 15.306684 0.210606 0.210606 0.210606
3290 15.306684 15.306684 15.306684 0.210606 0.210606 0.210606
3300 15.306684 15.306684 15.306684 0.210606 0.210606 0.210606
3310 15.306684 15.306684 15.306684 0.210606 0.210606 0.210606
3320 15.306684 15.306684 15.306684 0.210606 0.210606 0.210606
3330 15.306684 15.306684 15.306684 0.210606 0.210606 0.210606
3340 15.306684 15.306684 15.306684 0.210606 0.210606 0.210606
3350 15.306684 15.306684 15.306684 0.210606 0.210606 0.210606
3360 15.306684 15.306684 15.306684 0.210606 0.210606 0.210606
3370 15.306684 15.306684 15.306684 0.210606 0.210606 0.210606
3380 15.306684 15.306684 15.306684 0.210606 0.210606 0.210606
3390 15.306684 15.306684 15.306684 0.210606 0.210606 0.210606
3400 15.306684 15.306684 15.306684 0.210606 0.210606 0.210606
3410 15.306684 15.306684 15.306684 0.210606 0.210606 0.210606
3420 15.306684 15.306684 15.306684 0.210606 0.210606 0.210606
3430 15.306684 15.306684 15.306684 0.210606 0.210606 0.210606
3440 15.306684 15.306684 15.306684 0.210606 0.210606 0.210606
3450 15.306684 15.306684 15.306684 0.210606 0.210606 0.210606
3460 15.306684 15.306684 15.306684 0.210606 0.210606 0.210606
3470 15.306684 15.306684 15.306684 0.210606 0.210606 0.210606
3480 15.306684 15.306684 15.306684 0.210606 0.210606 0.210606
3490 15.306684 15.306684 15.306684 0.210606 0.210606 0.210606
3500 15.306684 15.306684 15.306684 0.210606 0.210606 0.210606
3510 15.306684 15.306684 15.306684 0.210606 0.210606 0.210606
3520 15.306684 15.306684 15.306684 0.210606 0.210606 0.210606
3530 15.306684 15.306684 15.306684 0.210606 0.210606 0.210606
3540 15.306684 15.306684 15.306684 0.210606 0.210606 0.210606
3550 15.306684 15.306684 15.306684 0.210606 0.210606 0.210606
3560 15.306684 15.306684 15.306684 0.210606 0.210606 0.210606
3570 15.306684 15.306684 15.306684 0.210606 0.210606 0.210606
3580 15.306684 15.306684 15.306684 0.210606 0.210606 0.210606
3590 15.306684 15.306684 15.306684 0.210606 0.210606 0.210606
3600 15.306684 15.306684 15.306684 0.210606 0.210606 0.210606
3610 15.306684 15.306684 15.306684 0.210606 0.210606 0.210606
3620 15.306684 15.306684 15.306684 0.210606 0.210606 0.210606
3630 15.306684 15.306684 15.306684 0.210606 0.210606 0.210606
3640 15.306684 15.306684 15.306684 0.210606 0.210606 0.210606
3650 15.306684 15.306684 15.306684 0.210606 0.210606 0.210606
3660 15.306684 15.306684 15.306684 0.210606 0.210606 0.210606
3670 15.306684 15.306684 15.306684 0.210606 0.210606 0.210606
3680 15.306684 15.306684 15.306684 0.210606 0.210606 0.210606
3690 15.306684 15.306684 15.306684 0.210606 0.210606 0.210606
3700 15.306684 15.306684 15.306684 0.210606 0.210606 0.210606
3710 15.306684 15.306684 15.306684 0.210606 0.210606 0.210606
3720 15.306684 15.306684 15.306684 0.210606 0.210606 0.210606
3730 15.306684 15.306684 15.306684 0.210606 0.210606 0.210606
3740 15.306684 15.306684 15.306684 0.210606 0.210606 0.210606
3750 15.306684 15.306684 15.306684 0.210606 0.210606 0.210606
3760 15.306684 15.306684 15.306684 0.210606 0.210606 0.210606
3770 15.306684 15.306684 15.306684 0.210606 0.210606 0.210606
3780 15.306684 15.306684 15.306684 0.210606 0.210606 0.210606
3790 15.306684 15.306684 15.306684 0.210606 0.210606 0.210606
3800 15.306684 15.306684 15.306684 0.210606 0.210606 0.210606
3810 15.306684 15.306684 15.306684 0.210606 0.210606 0.210606
3820 15.306684 15.306684 15.306684 0.210606 0.210606 0.210606
3830 15.306684 15.306684 15.306684 0.210606 0.210606 0.210606
3840 15.306684 15.306684 15.306684 0.210606 0.210606 0.210606
3850 15.306684 15.306684 15.306684 0.210606 0.210606 0.210606
3860 15.306684 15.306684 15.306684 0.210606 0.210606 0.210606
3870 15.306684 15.306684 15.306684 0.210606 0.210606 0.210606
3880 15.306684 15.306684 15.306684 0.210606 0.210606 0.210606
3890 15.306684 15.306684 15.306684 0.210606 0.210606 0.210606
3900 15.306684 15.306684 15.306684 0.210606 0.210606 0.210606
3910 15.306684 15.306684 15.306684 0.210606 0.210606 0.210606
3920 15.306684 15.306684 15.306684 0.210606 0.210606 0.210606
3930 15.306684 15.306684 15.306684 0.210606 0.210606 0.210606
3940 15.306684 15.306684 15.306684 0.210606 0.210606 0.210606
3950 15.306684 15.306684 15.306684 0.210606 0.210606 0.210606
3960 15.306684 15.306684 15.306684 0.210606 0.210606 0.210606
3970 15.306684 15.306684 15.306684 0.210606 0.210606 0.210606
3980 15.306684 15.306684 15.306684 0.210606 0.210606 0.210606
3990 15.306684 15.306684 15.306684 0.210606 0.210606 0.210606
4000 15.306684 15.306684 15.306684 0.210606 0.210606 0.210606
4010 15.306684 15.306684 15.306684 0.210606 0.210606 0.210606
4020 15.306684 15.306684 15.306684 0.210606 0.210606 0.210606
4030 15.306684 15.306684 15.306684 0.210606 0.210606 0.210606
4040 15.306684 15.306684 15.306684 0.210606 0.210606 0.210606
4050 15.306684 15.306684 15.306684 0.210606 0.210606 0.210606
4060 15.306684 15.306684 15.306684 0.210606 0.210606 0.210606
4070 15.306684 15.306684 15.306684 0.210606 0.210606 0.210606
4080 15.306684 15.306684 15.306684 0.210606 0.210606 0.210606
4090 15.306684 15.306684 15.306684 0.210606 0.210606 0.210606
4100 15.306684 15.306684 15.306684 0.210606 0.210606 0.210606
4110 15.306684 15.306684 15.306684 0.210606 0.210606 0.210606
4120 15.306684 15.306684 15.306684 0.210606 0.210606 0.210606
4130 15.306684 15.306684 15.306684 0.210606 0.210606 0.210606
4140 15.306684 15.306684 15.306684 0.210606 0.210606 0.210606
4150 15.306684 15.306684 15.306684 0.210606 0.210606 0.210606
4160 15.306684 15.306684 15.306684 0.210606 0.210606 0.210606
4170 15.306684 15.306684 15.306684 0.210606 0.210606 0.210606
4180 15.306684 15.306684 15.306684 0.210606 0.210606 0.210606
4190 15.306684 15.306684 15.306684 0.210606 0.210606 0.210606
4200 15.306684 15.306684 15.306684 0.210606 0.210606 0.210606
4210 15.306684 15.306684 15.306684 0.210606 0.210606 0.210606
4220 15.306684 15.306684 15.306684 0.210606 0.210606 0.210606
4230 15.306684 15.306684 15.306684 0.210606 0.210606 0.210606
4240 15.306684 15.306684 15.306684 0.210606 0.210606 0.210606
4250 15.306684 15.306684 15.306684 0.210606 0.210606 0.210606
4260 15.306684 15.306684 15.306684 0.210606 0.210606 0.210606
4270 15.306684 15.306684 15.306684 0.210606 0.210606 0.210606
4280 15.306684 15.306684 15.306684 0.210606 0.210606 0.210606
4290 15.306684 15.306684 15.306684 0.210606 0.210606 0.210606
4300 15.306684 15.306684 15.306684 0.210606 0.210606 0.210606
4310 15.306684 15.306684 15.306684 0.210606 0.210606 0.210606
4320 15.306684 15.306684 15.306684 0.210606 0.210606 0.210606
4330 15.306684 15.306684 15.306684 0.210606 0.210606 0.210606
4340 15.306684 15.306684 15.306684 0.210606 0.210606 0.210606
4350 15.306684 15.306684 15.306684 0.210606 0.210606 0.210606
4360 15.306684 15.306684 15.306684 0.210606 0.210606 0.210606
4370 15.306684 15.306684 15.306684 0.210606 0.210606 0.210606
4380 15.306684 15.306684 15.306684 0.210606 0.210606 0.210606
4390 15.306684 15.306684 15.306684 0.210606 0.210606 0.210606
4400 15.306684 15.306684 15.306684 0.210606 0.210606 0.210606
4410 15.306684 15.306684 15.306684 0.210606 0.210606 0.210606
4420 15.306684 15.306684 15.306684 0.210606 0.210606 0.210606
4430 15.306684 15.306684 15.306684 0.210606 0.210606 0.210606
4440 15.306684 15.306684 15.306684 0.210606 0.210606 0.210606
4450 15.306684 15.306684 15.306684 0.210606 0.210606 0.210606
4460 15.306684 15.306684 15.306684 0.210606 0.210606 0.210606
4470 15.306684 15.306684 15.306684 0.210606 0.210606 0.210606
4480 15.306684 15.306684 15.306684 0.210606 0.210606 0.210606
4490 15.306684 15.306684 15.306684 0.210606 0.210606 0.210606
4500 15.306684 15.306684 15.306684 0.210606 0.210606 0.210606
4510 15.306684 15.306684 15.306684 0.210606 0.210606 0.210606
4520 15.306684 15.306684 15.306684 0.210606 0.210606 0.210606
4530 15.306684 15.306684 15.306684 0.210606 0.210606 0.210606
4540 15.306684 15.306684 15.306684 0.210606 0.210606 0.210606
4550 15.306684 15.306684 15.306684 0.210606 0.210606 0.210606
4560 15.306684 15.306684 15.306684 0.210606 0.210606 0.210606
4570 15.306684 15.306684 15.306684 0.210606 0.210606 0.210606
4580 15.306684 15.306684 15.306684 0.210606 0.210606 0.210606
4590 15.306684 15.306684 15.306684 0.210606 0.210606 0.210606
4600 15.306684 15.306684 15.306684 0.210606 0.210606 0.210606
4610 15.306684 15.306684 15.306684 0.210606 0.210606 0.210606
4620 15.306684 15.306684 15.306684 0.210606 0.210606 0.210606
4630 15.306684 15.306684 15.306684 0.210606 0.210606 0.210606
4640 15.306684 15.306684 15.306684 0.210606 0.210606 0.210606
4650 15.306684 15.306684 15.306684 0.210606 0.210606 0.210606
4660 15.306684 15.306684 15.306684 0.210606 0.210606 0.210606
4670 15.306684 15.306684 15.306684 0.210606 0.210606 0.210606
4680 15.306684 15.306684 15.306684 0.210606 0.210606 0.210606
4690 15.306684 15.306684 15.306684 0.210606 0.210606 0.210606
4700 15.306684 15.306684 15.306684 0.210606 0.210606 0.210606
4710 15.306684 15.306684 15.306684 0.210606 0.210606 0.210606
4720 15.306684 15.306684 15.306684 0.210606 0.210606 0.210606
4730 15.306684 15.306684 15.306684 0.210606 0.210606 0.210606
4740 15.306684 15.306684 15.306684 0.210606 0.210606 0.210606
4750 15.306684 15.306684 15.306684 0.210606 0.210606 0.210606
4760 15.306684 15.306684 15.306684 0.210606 0.210606 0.210606
4770 15.306684 15.306684 15.306684 0.210606 0.210606 0.210606
4780 15.306684 15.306684 15.306684 0.210606 0.210606 0.210606
4790 15.306684 15.306684 15.306684 0.210606 0.210606 0.210606
4800 15.306684 15.306684 15.306684 0.210606 0.210606 0.210606
4810 15.306684 15.306684 15.306684 0.210606 0.210606 0.210606
4820 15.306684 15.306684 15.306684 0.210606 0.210606 0.210606
4830 15.306684 15.306684 15.306684 0.210606 0.210606 0.210606
4840 15.306684 15.306684 15.306684 0.210606 0.210606 0.210606
4850 15.306684 15.306684 15.306684 0.210606 0.210606 0.210606
4860 15.306684 15.306684 15.306684 0.210606 0.210606 0.210606
4870 15.306684 15.306684 15.306684 0.210606 0.210606 0.210606
4880 15.306684 15.306684 15.306684 0.210606 0.210606 0.210606
4890 15.306684 15.306684 15.306684 0.210606 0.210606 0.210606
4900 15.306684 15.306684 15.306684 0.210606 0.210606 0.210606
4910 15.306684 15.306684 15.306684 0.210606 0.210606 0.210606
4920 15.306684 15.306684 15.306684 0.210606 0.210606 0.210606
4930 15.306684 15.306684 15.306684 0.210606 0.210606 0.210606
4940 15.306684 15.306684 15.306684 0.210606 0.210606 0.210606
4950 15.306684 15.306684 15.306684 0.210606 0.210606 0.210606
4960 15.306684 15.306684 15.306684 0.210606 0.210606 0.210606
4970 15.306684 15.306684 15.306684 0.210606 0.210606 0.210606
4980 15.306684 15.306684 15.306684 0.210606 0.210606 0.210606
4990 15.306684 15.306684 15.306684 0.210606 0.210606 0.210606
5000 15.306684 15.306684 15.306684 0.210606 0.210606 0.210606
5010 15.306684 15.306684 15.306684 0.210606 0.210606 0.210606
5020 15.306684 15.306684 15.306684 0.210606 0.210606 0.210606
5030 15.306684 15.306684 15.306684 0.210606 0.210606 0.210606
5040 15.306684 15.306684 15.306684 0.210606 0.210606 0.210606
5050 15.306684 15.306684 15.306684 0.210606 0.210606 0.210606
5060 15.306684 15.306684 15.306684 0.210606 0.210606 0.210606
5070 15.306684 15.306684 15.306684 0.210606 0.210606 0.210606
5080 15.306684 15.306684 15.306684 0.210606 0.210606 0.210606
5090 15.306684 15.306684 15.306684 0.210606 0.210606 0.210606
5100 15.306684 15.306684 15.306684 0.210606 0.210606 0.210606
5110 15.306684 15.306684 15.306684 0.210606 0.210606 0.210606
5120 15.306684 15.306684 15.306684 0.210606 0.210606 0.210606
5130 15.306684 15.306684 15.306684 0.210606 0.210606 0.210606
5140 15.306684 15.306684 15.306684 0.210606 0.210606 0.210606
5150 15.306684 15.306684 15.306684 0.210606 0.210606 0.210606
5160 15.306684 15.306684 15.306684 0.210606 0.210606 0.210606
5170 15.306684 15.306684 15.306684 0.210606 0.210606 0.210606
5180 15.306684 15.306684 15.306684 0.210606 0.210606 0.210606
5190 15.306684 15.306684 15.306684 0.210606 0.210606 0.210606
5200 15.306684 15.306684 15.306684 0.210606 0.210606 0.210606
5210 15.306684 15.306684 15.306684 0.210606 0.210606 0.210606
5220 15.306684 15.306684 15.306684 0.210606 0.210606 0.210606
5230 15.306684 15.306684 15.306684 0.210606 0.210606 0.210606
5240 15.306684 15.306684 15.306684 0.210606 0.210606 0.210606
5250 15.306684 15.306684 15.306684 0.210606 0.210606 0.210606
5260 15.306684 15.306684 15.306684 0.210606 0.210606 0.210606
5270 15.306684 15.306684 15.306684 0.210606 0.210606 0.210606
5280 15.306684 15.306684 15.306684 0.210606 0.210606 0.210606
5290 15.306684 15.306684 15.306684 0.210606 0.210606 0.210606
5300 15.306684 15.306684 15.306684 0.210606 0.210606 0.210606
5310 15.306684 15.306684 15.306684 0.210606 0.210606 0.210606
5320 15.306684 15.306684 15.306684 0.210606 0.210606 0.210606
5330 15.306684 15.306684 15.306684 0.210606 0.210606 0.210606
5340 15.306684 15.306684 15.306684 0.210606 0.210606 0.210606
5350 15.306684 15.306684 15.306684 0.210606 0.210606 0.210606
5360 15.306684 15.306684 15.306684 0.210606 0.210606 0.210606
5370 15.306684 15.306684 15.306684 0.210606 0.210606 0.210606
5380 15.306684 15.306684 15.306684 0.210606 0.210606 0.210606
5390 15.306684 15.306684 15.306684 0.210606 0.210606 0.210606
5400 15.306684 15.306684 15.306684 0.210606 0.210606 0.210606
5410 15.306684 15.306684 15.306684 0.210606 0.210606 0.210606
5420 15.306684 15.306684 15.306684 0.210606 0.210606 0.210606
5430 15.306684 15.306684 15.306684 0.210606 0.210606 0.210606
5440 15.306684 15.306684 15.306684 0.210606 0.210606 0.210606
5450 15.306684 15.306684 15.306684 0.210606 0.210606 0.210606
5460 15.306684 15.306684 15.306684 0.210606 0.210606 0.210606
5470 15.306684 15.306684 15.306684 0.210606 0.210606 0.210606
5480 15.306684 15.306684 15.306684 0.210606 0.210606 0.210606
5490 15.306684 15.306684 15.306684 0.210606 0.210606 0.210606
5500 15.306684 15.306684 15.306684 0.210606 0.210606 0.210606
5510 15.306684 15.306684 15.306684 0.210606 0.210606 0.210606
5520 15.306684 15.306684 15.306684 0.210606 0.210606 0.210606
5530 15.306684 15.306684 15.306684 0.210606 0.210606 0.210606
5540 15.306684 15.306684 15.306684 0.210606 0.210606 0.210606
5550 15.306684 15.306684 15.306684 0.210606 0.210606 0.210606
5560 15.306684 15.306684 15.306684 0.210606 0.210606 0.210606
5570 15.306684 15.306684 15.306684 0.210606 0.210606 0.210606
5580 15.306684 15.306684 15.306684 0.210606 0.210606 0.210606
5590 15.306684 15.306684 15.306684 0.210606 0.210606 0.210606
5600 15.306684 15.306684 15.306684 0.210606 0.210606 0.210606
5610 15.306684 15.306684 15.306684 0.210606 0.210606 0.210606
5620 15.306684 15.306684 15.306684 0.210606 0.210606 0.210606
5630 15.306684 15.306684 15.306684 0.210606 0.210606 0.210606
5640 15.306684 15.306684 15.306684 0.210606 0.210606 0.210606
5650 15.306684 15.306684 15.306684 0.210606 0.210606 0.210606
5660 15.306684 15.306684 15.306684 0.210606 0.210606 0.210606
5670 15.306684 15.306684 15.306684 0.210606 0.210606 0.210606
5680 15.306684 15.306684 15.306684 0.210606 0.210606 0.210606
5690 15.306684 15.306684 15.306684 0.210606 0.210606 0.210606
5700 15.306684 15.306684 15.306684 0.210606 0.210606 0.210606
5710 15.306684 15.306684 15.306684 0.210606 0.210606 0.210606
5720 15.306684 15.306684 15.306684 0.210606 0.210606 0.210606
5730 15.306684 15.306684 15.306684 0.210606 0.210606 0.210606
5740 15.306684 15.306684 15.306684 0.210606 0.210606 0.210606
5750 15.306684 15.306684 15.306684 0.210606 0.210606 0.210606
5760 15.306684 15.306684 15.306684 0.210606 0.210606 0.210606
5770 15.306684 15.306684 15.306684 0.210606 0.210606 0.210606
5780 15.306684 15.306684 15.306684 0.210606 0.210606 0.210606
5790 15.306684 15.306684 15.306684 0.210606 0.210606 0.210606
5800 15.306684 15.306684 15.306684 0.210606 0.210606 0.210606
5810 15.306684 15.306684 15.306684 0.210606 0.210606 0.210606
5820 15.306684 15.306684 15.306684 0.210606 0.210606 0.210606
5830 15.306684 15.306684 15.306684 0.210606 0.210606 0.210606
5840 15.306684 15.306684 15.306684 0.210606 0.210606 0.210606
5850 15.306684 15.306684 15.306684 0.210606 0.210606 0.210606
5860 15.306684 15.306684 15.306684 0.210606 0.210606 0.210606
5870 15.306684 15.306684 15.306684 0.210606 0.210606 0.210606
5880 15.306684 15.306684 15.306684 0.210606 0.210606 0.210606
5890 15.306684 15.306684 15.306684 0.210606 0.210606 0.210606
5900 15.306684 15.306684 15.306684 0.210606 0.210606 0.210606
5910 15.306684 15.306684 15.306684 0.210606 0.210606 0.210606
5920 15.306684 15.306684 15.306684 0.210606 0.210606 0.210606
5930 15.306684 15.306684 15.306684 0.210606 0.210606 0.210606
5940 15.306684 15.306684 15.306684 0.210606 0.210606 0.210606
5950 15.306684 15.306684 15.306684 0.210606 0.210606 0.210606
5960 15.306684 15.306684 15.306684 0.210606 0.210606 0.210606
5970 15.306684 15.306684 15.306684 0.210606 0.210606 0.210606
5980 15.306684 15.306684 15.306684 0.210606 0.210606 0.210606
5990 15.306684 15.306684 15.306684 0.210606 0.210606 0.210606
6000 15.306684 15.306684 15.306684 0.210606 0.210606 0.210606
6010 15.306684 15.306684 15.306684 0.210606 0.210606 0.210606
6020 15.306684 15.306684 15.306684 0.210606 0.210606 0.210606
6030 15.306684 15.306684 15.306684 0.210606 0.210606 0.210606
6040 15.306684 15.306684 15.306684 0.210606 0.210606 0.210606
6050 15.306684 15.306684 15.306684 0.210606 0.210606 0.210606
6060 15.306684 15.306684 15.306684 0.210606 0.210606 0.210606
6070 15.306684 15.306684 15.306684 0.210606 0.210606 0.210606
6080 15.306684 15.306684 15.306684 0.210606 0.210606 0.210606
6090 15.306684 15.306684 15.306684 0.210606 0.210606 0.210606
6100 15.306684 15.306684 15.306684 0.210606 0.210606 0.210606
6110 15.306684 15.306684 15.306684 0.210606 0.210606 0.210606
6120 15.306684 15.306684 15.306684 0.210606 0.210606 0.210606
6130 15.306684 15.306684 15.306684 0.210606 0.210606 0.210606
6140 15.306684 15.306684 15.306684 0.210606 0.210606 0.210606
6150 15.306684 15.306684 15.306684 0.210606 0.210606 0.210606
6160 15.306684 15.306684 15.306684 0.210606 0.210606 0.210606
6170 15.306684 15.306684 15.306684 0.210606 0.210606 0.210606
6180 15.306684 15.306684 15.306684 0.210606 0.210606 0.210606
6190 15.306684 15.306684 15.306684 0.210606 0.210606 0.210606
6200 15.306684 15.306684 15.306684 0.210606 0.210606 0.210606
6210 15.306684 15.306684 15.306684 0.210606 0.210606 0.210606
6220 15.306684 15.306684 15.306684 0.210606 0.210606 0.210606
6230 15.306684 15.306684 15.306684 0.210606 0.210606 0.210606
6240 15.306684 15.306684 15.306684 0.210606 0.210606 0.210606
6250 15.306684 15.306684 15.306684 0.210606 0.210606 0.210606
6260 15.306684 15.306684 15.306684 0.210606 0.210606 0.210606
6270 15.306684 15.306684 15.306684 0.210606 0.210606 0.210606
6280 15.306684 15.306684 15.306684 0.210606 0.210606 0.210606
6290 15.306684 15.306684 15.306684 0.210606 0.210606 0.210606
6300 15.306684 15.306684 15.306684 0.210606 0.210606 0.210606
6310 15.306684 15.306684 15.306684 0.210606 0.210606 0.210606
6320 15.306684 15.306684 15.306684 0.210606 0.210606 0.210606
6330 15.306684 15.306684 15.306684 0.210606 0.210606 0.210606
6340 15.306684 15.306684 15.306684 0.210606 0.210606 0.210606
6350 15.306684 15.306684 15.306684 0.210606 0.210606 0.210606
6360 15.306684 15.306684 15.306684 0.210606 0.210606 0.210606
6370 15.306684 15.306684 15.306684 0.210606 0.210606 0.210606
6380 15.306684 15.306684 15.306684 0.210606 0.210606 0.210606
6390 15.306684 15.306684 15.306684 0.210606 0.210606 0.210606
6400 15.306684 15.306684 15.306684 0.210606 0.210606 0.210606
6410 15.306684 15.306684 15.306684 0.210606 0.210606 0.210606
6420 15.306684 15.306684 15.306684 0.210606 0.210606 0.210606
6430 15.306684 15.306684 15.306684 0.210606 0.210606 0.210606
6440 15.306684 15.306684 15.306684 0.210606 0.210606 0.210606
6450 15.306684 15.306684 15.306684 0.210606 0.210606 0.210606
6460 15.306684 15.306684 15.306684 0.210606 0.210606 0.210606
6470 15.306684 15.306684 15.306684 0.210606 0.210606 0.210606
6480 15.306684 15.306684 15.306684 0.210606 0.210606 0.210606
6490 15.306684 15.306684 15.306684 0.210606 0.210606 0.210606
6500 15.306684 15.306684 15.306684 0.210606 0.210606 0.210606
6510 15.306684 15.306684 15.306684 0.210606 0.210606 0.210606
6520 15.306684 15.306684 15.306684 0.210606 0.210606 0.210606
6530 15.306684 15.306684 15.306684 0.210606 0.210606 0.210606
6540 15.306684 15.306684 15.306684 0.210606 0.210606 0.210606
6550 15.306684 15.306684 15.306684 0.210606 0.210606 0.210606
6560 15.306684 15.306684 15.306684 0.210606 0.210606 0.210606
6570 15.306684 15.306684 15.306684 0.210606 0.210606 0.210606
6580 15.306684 15.306684 15.306684 0.210606 0.210606 0.210606
6590 15.306684 15.306684 15.306684 0.210606 0.210606 0.210606
6600 15.306684 15.306684 15.306684 0.210606 0.210606 0.210606
6610 15.306684 15.306684 15.306684 0.210606 0.210606 0.210606
6620 15.306684 15.306684 15.306684 0.210606 0.210606 0.210606
6630 15.306684 15.306684 15.306684 0.210606 0.210606 0.210606
6640 15.306684 15.306684 15.306684 0.210606 0.210606 0.210606
6650 15.306684 15.306684 15.306684 0.210606 0.210606 0.210606
6660 15.306684 15.306684 15.306684 0.210606 0.210606 0.210606
6670 15.306684 15.306684 15.306684 0.210606 0.210606 0.210606
6680 15.306684 15.306684 15.306684 0.210606 0.210606 0.210606
6690 15.306684 15.306684 15.306684 0.210606 0.210606 0.210606
6700 15.306684 15.306684 15.306684 0.210606 0.210606 0.210606
6710 15.306684 15.306684 15.306684 0.210606 0.210606 0.210606
6720 15.306684 15.306684 15.306684 0.210606 0.210606 0.210606
6730 15.306684 15.306684 15.306684 0.210606 0.210606 0.210606
6740 15.306684 15.306684 15.306684 0.210606 0.210606 0.210606
6750 15.306684 15.306684 15.306684 0.210606 0.210606 0.210606
6760 15.306684 15.306684 15.306684 0.210606 0.210606 0.210606
6770 15.306684 15.306684 15.306684 0.210606 0.210606 0.210606
6780 15.306684 15.306684 15.306684 0.210606 0.210606 0.210606
6790 15.306684 15.306684 15.306684 0.210606 0.210606 0.210606
6800 15.306684 15.306684 15.306684 0.210606 0.210606 0.210606
6810 15.306684 15.306684 15.306684 0.210606 0.210606 0.210606
6820 15.306684 15.306684 15.306684 0.210606 0.210606 0.210606
6830 15.306684 15.306684 15.306684 0.210606 0.210606 0.210606
6840 15.306684 15.306684 15.306684 0.210606 0.210606 0.210606
6850 15.306684 15.306684 15.306684 0.210606 0.210606 0.210606
6860 15.306684 15.306684 15.306684 0.210606 0.210606 0.210606
6870 15.306684 15.306684 15.306684 0.210606 0.210606 0.210606
6880 15.306684 15.306684 15.306684 0.210606 0.210606 0.210606
6890 15.306684 15.306684 15.306684 0.210606 0.210606 0.210606
6900 15.306684 15.306684 15.306684 0.210606 0.210606 0.210606
6910 15.306684 15.306684 15.306684 0.210606 0.210606 0.210606
6920 15.306684 15.306684 15.306684 0.210606 0.210606 0.210606
6930 15.306684 15.306684 15.306684 0.210606 0.210606 0.210606
6940 15.306684 15.306684 15.306684 0.210606 0.210606 0.210606
6950 15.306684 15.306684 15.306684 0.210606 0.210606 0.210606
6960 15.306684 15.306684 15.306684 0.210606 0.210606 0.210606
6970 15.306684 15.306684 15.306684 0.210606 0.210606 0.210606
6980 15.306684 15.306684 15.306684 0.210606 0.210606 0.210606
6990 15.306684 15.306684 15.306684 0.210606 0.210606 0.210606
7000 15.306684 15.306684 15.306684 0.210606 0.210606 0.210606
7010 15.306684 15.306684 15.306684 0.210606 0.210606 0.210606
7020 15.306684 15.306684 15.306684 0.210606 0.210606 0.210606
7030 15.306684 15.306684 15.306684 0.210606 0.210606 0.210606
7040 15.306684 15.306684 15.306684 0.210606 0.210606 0.210606
7050 15.306684 15.306684 15.306684 0.210606 0.210606 0.210606
7060 15.306684 15.306684 15.306684 0.210606 0.210606 0.210606
7070 15.306684 15.306684 15.306684 0.210606 0.210606 0.210606
7080 15.306684 15.306684 15.306684 0.210606 0.210606 0.210606
7090 15.306684 15.306684 15.306684 0.210606 0.210606 0.210606
7100 15.306684 15.306684 15.306684 0.210606 0.210606 0.210606
7110 15.306684 15.306684 15.306684 0.210606 0.210606 0.210606
7120 15.306684 15.306684 15.306684 0.210606 0.210606 0.210606
7130 15.306684 15.306684 15.306684 0.210606 0.210606 0.210606
7140 15.306684 15.306684 15.306684 0.210606 0.210606 0.210606
7150 15.306684 15.306684 15.306684 0.210606 0.210606 0.210606
7160 15.306684 15.306684 15.306684 0.210606 0.210606 0.210606
7170 15.306684 15.306684 15.306684 0.210606 0.210606 0.210606
7180 15.306684 15.306684 15.306684 0.210606 0.210606 0.210606
7190 15.306684 15.306684 15.306684 0.210606 0.210606 0.210606
7200 15.306684 15.306684 15.306684 0.210606 0.210606 0.210606
7210 15.306684 15.306684 15.306684 0.210606 0.210606 0.210606
7220 15.306684 15.306684 15.306684 0.210606 0.210606 0.210606
7230 15.306684 15.306684 15.306684 0.210606 0.210606 0.210606
7240 15.306684 15.306684 15.306684 0.210606 0.210606 0.210606
7250 15.306684 15.306684 15.306684 0.210606 0.210606 0.210606
7260 15.306684 15.306684 15.306684 0.210606 0.210606 0.210606
7270 15.306684 15.306684 15.306684 0.210606 0.210606 0.210606
7280 15.306684 15.306684 15.306684 0.210606 0.210606 0.210606
7290 15.306684 15.306684 15.306684 0.210606 0.210606 0.210606
7300 15.306684 15.306684 15.306684 0.210606 0.210606 0.210606
7310 15.306684 15.306684 15.306684 0.210606 0.210606 0.210606
7320 15.306684 15.306684 15.306684 0.210606 0.210606 0.210606
7330 15.306684 15.306684 15.306684 0.210606 0.210606 0.210606
7340 15.306684 15.306684 15.306684 0.210606 0.210606 0.210606
7350 15.306684 15.306684 15.306684 0.210606 0.210606 0.210606
7360 15.306684 15.306684 15.306684 0.210606 0.210606 0.210606
7370 15.306684 15.306684 15.306684 0.210606 0.210606 0.210606
7380 15.306684 15.306684 15.306684 0.210606 0.210606 0.210606
7390 15.306684 15.306684 15.306684 0.210606 0.210606 0.210606
7400 15.306684 15.306684 15.306684 0.210606 0.210606 0.210606
7410 15.306684 15.306684 15.306684 0.210606 0.210606 0.210606
7420 15.306684 15.306684 15.306684 0.210606 0.210606 0.210606
7430 15.306684 15.306684 15.306684 0.210606 0.210606 0.210606
7440 15.306684 15.306684 15.306684 0.210606 0.210606 0.210606
7450 15.306684 15.306684 15.306684 0.210606 0.210606 0.210606
7460 15.306684 15.306684 15.306684 0.210606 0.210606 0.210606
7470 15.306684 15.306684 15.306684 0.210606 0.210606 0.210606
7480 15.306684 15.306684 15.306684 0.210606 0.210606 0.210606
7490 15.306684 15.306684 15.306684 0.210606 0.210606 0.210606
7500 15.306684 15.306684 15.306684 0.210606 0.210606 0.210606
7510 15.306684 15.306684 15.306684 0.210606 0.210606 0.210606
7520 15.306684 15.306684 15.306684 0.210606 0.210606 0.210606
7530 15.306684 15.306684 15.306684 0.210606 0.210606 0.210606
7540 15.306684 15.306684 15.306684 0.210606 0.210606 0.210606
7550 15.306684 15.306684 15.306684 0.210606 0.210606 0.210606
7560 15.306684 15.306684 15.306684 0.210606 0.210606 0.210606
7570 15.306684 15.306684 15.306684 0.210606 0.210606 0.210606
7580 15.306684 15.306684 15.306684 0.210606 0.210606 0.210606
7590 15.306684 15.306684 15.306684 0.210606 0.210606 0.210606
7600 15.306684 15.306684 15.306684 0.210606 0.210606 0.210606
7610 15.306684 15.306684 15.306684 0.210606 0.210606 0.210606
7620 15.306684 15.306684 15.306684 0.210606 0.210606 0.210606
7630 15.306684 15.306684 15.306684 0.210606 0.210606 0.210606
7640 15.306684 15.306684 15.306684 0.210606 0.210606 0.210606
7650 15.306684 15.306684 15.306684 0.210606 0.210606 0.210606
7660 15.306684 15.306684 15.306684 0.210606 0.210606 0.210606
7670 15.306684 15.306684 15.306684 0.210606 0.210606 0.210606
7680 15.306684 15.306684 15.306684 0.210606 0.210606 0.210606
7690 15.306684 15.306684 15.306684 0.210606 0.210606 0.210606
7700 15.306684 15.306684 15.306684 0.210606 0.210606 0.210606
7710 15.306684 15.306684 15.306684 0.210606 0.210606 0.210606
7720 15.306684 15.306684 15.306684 0.210606 0.210606 0.210606
7730 15.306684 15.306684 15.306684 0.210606 0.210606 0.210606
7740 15.306684 15.306684 15.306684 0.210606 0.210606 0.210606
7750 15.306684 15.306684 15.306684 0.210606 0.210606 0.210606
7760 15.306684 15.306684 15.306684 0.210606 0.210606 0.210606
7770 15.306684 15.306684 15.306684 0.210606 0.210606 0.210606
7780 15.306684 15.306684 15.306684 0.210606 0.210606 0.210606
7790 15.306684 15.306684 15.306684 0.210606 0.210606 0.210606
7800 15.306684 15.306684 15.306684 0.210606 0.210606 0.210606
7810 15.306684 15.306684 15.306684 0.210606 0.210606 0.210606
7820 15.306684 15.306684 15.306684 0.210606 0.210606 0.210606
7830 15.306684 15.306684 15.306684 0.210606 0.210606 0.210606
7840 15.306684 15.306684 15.306684 0.210606 0.210606 0.210606
7850 15.306684 15.306684 15.306684 0.210606 0.210606 0.210606
7860 15.306684 15.306684 15.306684 0.210606 0.210606 0.210606
7870 15.306684 15.306684 15.306684 0.210606 0.210606 0.210606
7880 15.306684 15.306684 15.306684 0.210606 0.210606 0.210606
7890 15.306684 15.306684 15.306684 0.210606 0.210606 0.210606
7900 15.306684 15.306684 15.306684 0.210606 0.210606 0.210606
7910 15.306684 15.306684 15.306684 0.210606 0.210606 0.210606
7920 15.306684 15.306684 15.306684 0.210606 0.210606 0.210606
7930 15.306684 15.306684 15.306684 0.210606 0.210606 0.210606
7940 15.306684 15.306684 15.306684 0.210606 0.210606 0.210606
7950 15.306684 15.306684 15.306684 0.210606 0.210606 0.210606
7960 15.306684 15.306684 15.306684 0.210606 0.210606 0.210606
7970 15.306684 15.306684 15.306684 0.210606 0.210606 0.210606
7980 15.306684 15.306684 15.306684 0.210606 0.210606 0.210606
7990 15.306684 15.306684 15.306684 0.210606 0.210606 0.210606
8000 15.306684 15.306684 15.306684 0.210606 0.210606 0.210606
8010 15.306684 15.306684 15.306684 0.210606 0.210606 0.210606
8020 15.306684 15.306684 15.306684 0.210606 0.210606 0.210606
8030 15.306684 15.306684 15.306684 0.210606 0.210606 0.210606
8040 15.306684 15.306684 15.306684 0.210606 0.210606 0.210606
8050 15.306684 15.306684 15.306684 0.210606 0.210606 0.210606
8060 15.306684 15.306684 15.306684 0.210606 0.210606 0.210606
8070 15.306684 15.306684 15.306684 0.210606 0.210606 0.210606
8080 15.306684 15.306684 15.306684 0.210606 0.210606 0.210606
8090 15.306684 15.306684 15.306684 0.210606 0.210606 0.210606
8100 15.306684 15.306684 15.306684 0.210606 0.210606 0.210606
8110 15.306684 15.306684 15.306684 0.210606 0.210606 0.210606
8120 15.306684 15.306684 15.306684 0.210606 0.210606 0.210606
8130 15.306684 15.306684 15.306684 0.210606 0.210606 0.210606
8140 15.306684 15.306684 15.306684 0.210606 0.210606 0.210606
8150 15.306684 15.306684 15.306684 0.210606 0.210606 0.210606
8160 15.306684 15.306684 15.306684 0.210606 0.210606 0.210606
8170 15.306684 15.306684 15.306684 0.210606 0.210606 0.210606
8180 15.306684 15.306684 15.306684 0.210606 0.210606 0.210606
8190 15.306684 15.306684 15.306684 0.210606 0.210606 0.210606
8200 15.306684 15.306684 15.306684 0.210606 0.210606 0.210606
8210 15.306684 15.306684 15.306684 0.210606 0.210606 0.210606
8220 15.306684 15.306684 15.306684 0.210606 0.210606 0.210606
8230 15.306684 15.306684 15.306684 0.210606 0.210606 0.210606
8240 15.306684 15.306684 15.306684 0.210606 0.210606 0.210606
8250 15.306684 15.306684 15.306684 0.210606 0.210606 0.210606
8260 15.306684 15.306684 15.306684 0.210606 0.210606 0.210606
8270 15.306684 15.306684 15.306684 0.210606 0.210606 0.210606
8280 15.306684 15.306684 15.306684 0.210606 0.210606 0.210606
8290 15.306684 15.306684 15.306684 0.210606 0.210606 0.210606
8300 15.306684 15.306684 15.306684 0.210606 0.210606 0.210606
8310 15.306684 15.306684 15.306684 0.210606 0.210606 0.210606
8320 15.306684 15.306684 15.306684 0.210606 0.210606 0.210606
8330 15.306684 15.306684 15.306684 0.210606 0.210606 0.210606
8340 15.306684 15.306684 15.306684 0.210606 0.210606 0.210606
8350 15.306684 15.306684 15.306684 0.210606 0.210606 0.210606
8360 15.306684 15.306684 15.306684 0.210606 0.210606 0.210606
8370 15.306684 15.306684 15.306684 0.210606 0.210606 0.210606
8380 15.306684 15.306684 15.306684 0.210606 0.210606 0.210606
8390 15.306684 15.306684 15.306684 0.210606 0.210606 0.210606
8400 15.306684 15.306684 15.306684 0.210606 0.210606 0.210606
8410 15.306684 15.306684 15.306684 0.210606 0.210606 0.210606
8420 15.306684 15.306684 15.306684 0.210606 0.210606 0.210606
8430 15.306684 15.306684 15.306684 0.210606 0.210606 0.210606
8440 15.306684 15.306684 15.306684 0.210606 0.210606 0.210606
8450 15.306684 15.306684 15.306684 0.210606 0.210606 0.210606
8460 15.306684 15.306684 15.306684 0.210606 0.210606 0.210606
8470 15.306684 15.306684 15.306684 0.210606 0.210606 0.210606
8480 15.306684 15.306684 15.306684 0.210606 0.210606 0.210606
8490 15.306684 15.306684 15.306684 0.210606 0.210606 0.210606
8500 15.306684 15.306684 15.306684 0.210606 0.210606 0.210606
8510 15.306684 15.306684 15.306684 0.210606 0.210606 0.210606
8520 15.306684 15.306684 15.306684 0.210606 0.210606 0.210606
8530 15.306684 15.306684 15.306684 0.210606 0.210606 0.210606
8540 15.306684 15.306684 15.306684 0.210606 0.210606 0.210606
8550 15.306684 15.306684 15.306684 0.210606 0.210606 0.210606
8560 15.306684 15.306684 15.306684 0.210606 0.210606 0.210606
8570 15.306684 15.306684 15.306684 0.210606 0.210606 0.210606
8580 15.306684 15.306684 15.306684 0.210606 0.210606 0.210606
8590 15.306684 15.306684 15.306684 0.210606 0.210606 0.210606
8600 15.306684 15.306684 15.306684 0.210606 0.210606 0.210606
8610 15.306684 15.306684 15.306684 0.210606 0.210606 0.210606
8620 15.306684 15.306684 15.306684 0.210606 0.210606 0.210606
8630 15.306684 15.306684 15.306684 0.210606 0.210606 0.210606
8640 15.306684 15.306684 15.306684 0.210606 0.210606 0.210606
8650 15.306684 15.306684 15.306684 0.210606 0.210606 0.210606
8660 15.306684 15.306684 15.306684 0.210606 0.210606 0.210606
8670 15.306684 15.306684 15.306684 0.210606 0.210606 0.210606
8680 15.306684 15.306684 15.306684 0.210606 0.210606 0.210606
8690 15.306684 15.306684 15.306684 0.210606 0.210606 0.210606
8700 15.306684 15.306684 15.306684 0.210606 0.210606 0.210606
8710 15.306684 15.306684 15.306684 0.210606 0.210606 0.210606
8720 15.306684 15.306684 15.306684 0.210606 0.210606 0.210606
8730 15.306684 15.306684 15.306684 0.210606 0.210606 0.210606
8740 15.306684 15.306684 15.306684 0.210606 0.210606 0.210606
8750 15.306684 15.306684 15.306684 0.210606 0.210606 0.210606
8760 15.306684 15.306684 15.306684 0.210606 0.210606 0.210606
8770 15.306684 15.306684 15.306684 0.210606 0.210606 0.210606
8780 15.306684 15.306684 15.306684 0.210606 0.210606 0.210606
8790 15.306684 15.306684 15.306684 0.210606 0.210606 0.210606
8800 15.306684 15.306684 15.306684 0.210606 0.210606 0.210606
8810 15.306684 15.306684 15.306684 0.210606 0.210606 0.210606
8820 15.306684 15.306684 15.306684 0.210606 0.210606 0.210606
8830 15.306684 15.306684 15.306684 0.210606 0.210606 0.210606
8840 15.306684 15.306684 15.306684 0.210606 0.210606 0.210606
8850 15.306684 15.306684 15.306684 0.210606 0.210606 0.210606
8860 15.306684 15.306684 15.306684 0.210606 0.210606 0.210606
8870 15.306684 15.306684 15.306684 0.210606 0.210606 0.210606
8880 15.306684 15.306684 15.306684 0.210606 0.210606 0.210606
8890 15.306684 15.306684 15.306684 0.210606 0.210606 0.210606
8900 15.306684 15.306684 15.306684 0.210606 0.210606 0.210606
8910 15.306684 15.306684 15.306684 0.210606 0.210606 0.210606
8920 15.306684 15.306684 15.306684 0.210606 0.210606 0.210606
8930 15.306684 15.306684 15.306684 0.210606 0.210606 0.210606
8940 15.306684 15.306684 15.306684 0.210606 0.210606 0.210606
8950 15.306684 15.306684 15.306684 0.210606 0.210606 0.210606
8960 15.306684 15.306684 15.306684 0.210606 0.210606 0.210606
8970 15.306684 15.306684 15.306684 0.210606 0.210606 0.210606
8980 15.306684 15.306684 15.306684 0.210606 0.210606 0.210606
8990 15.306684 15.306684 15.306684 0.210606 0.210606 0.210606
9000 15.306684 15.306684 15.306684 0.210606 0.210606 0.210606
9010 15.306684 15.306684 15.306684 0.210606 0.210606 0.210606
9020 15.306684 15.306684 15.306684 0.210606 0.210606 0.210606
9030 15.306684 15.306684 15.306684 0.210606 0.210606 0.210606
9040 15.306684 15.306684 15.306684 0.210606 0.210606 0.210606
9050 15.306684 15.306684 15.306684 0.210606 0.210606 0.210606
9060 15.306684 15.306684 15.306684 0.210606 0.210606 0.210606
9070 15.306684 15.306684 15.306684 0.210606 0.210606 0.210606
9080 15.306684 15.306684 15.306684 0.210606 0.210606 0.210606
9090 15.306684 15.306684 15.306684 0.210606 0.210606 0.210606
9100 15.306684 15.306684 15.306684 0.210606 0.210606 0.210606
9110 15.306684 15.306684 15.306684 0.210606 0.210606 0.210606
9120 15.306684 15.306684 15.306684 0.210606 0.210606 0.210606
9130 15.306684 15.306684 15.306684 0.210606 0.210606 0.210606
9140 15.306684 15.306684 15.306684 0.210606 0.210606 0.210606
9150 15.306684 15.306684 15.306684 0.210606 0.210606 0.210606
9160 15.306684 15.306684 15.306684 0.210606 0.210606 0.210606
9170 15.306684 15.306684 15.306684 0.210606 0.210606 0.210606
9180 15.306684 15.306684 15.306684 0.210606 0.210606 0.210606
9190 15.306684 15.306684 15.306684 0.210606 0.210606 0.210606
9200 15.306684 15.306684 15.306684 0.210606 0.210606 0.210606
9210 15.306684 15.306684 15.306684 0.210606 0.210606 0.210606
9220 15.306684 15.306684 15.306684 0.210606 0.210606 0.210606
9230 15.306684 15.306684 15.306684 0.210606 0.210606 0.210606
9240 15.306684 15.306684 15.306684 0.210606 0.210606 0.210606
9250 15.306684 15.306684 15.306684 0.210606 0.210606 0.210606
9260 15.306684 15.306684 15.306684 0.210606 0.210606 0.210606
9270 15.306684 15.306684 15.306684 0.210606 0.210606 0.210606
9280 15.306684 15.306684 15.306684 0.210606 0.210606 0.210606
9290 15.306684 15.306684 15.306684 0.210606 0.210606 0.210606
9300 15.306684 15.306684 15.306684 0.210606 0.210606 0.210606
9310 15.306684 15.306684 15.306684 0.210606 0.210606 0.210606
9320 15.306684 15.306684 15.306684 0.210606 0.210606 0.210606
9330 15.306684 15.306684 15.306684 0.210606 0.210606 0.210606
9340 15.306684 15.306684 15.306684 0.210606 0.210606 0.210606
9350 15.306684 15.306684 15.306684 0.210606 0.210606 0.210606
9360 15.306684 15.306684 15.306684 0.210606 0.210606 0.210606
9370 15.306684 15.306684 15.306684 0.210606 0.210606 0.210606
9380 15.306684 15.306684 15.306684 0.210606 0.210606 0.210606
9390 15.306684 15.306684 15.306684 0.210606 0.210606 0.210606
9400 15.306684 15.306684 15.306684 0.210606 0.210606 0.210606
9410 15.306684 15.306684 15.306684 0.210606 0.210606 0.210606
9420 15.306684 15.306684 15.306684 0.210606 0.210606 0.210606
9430 15.306684 15.306684 15.306684 0.210606 0.210606 0.210606
9440 15.306684 15.306684 15.306684 0.210606 0.210606 0.210606
9450 15.306684 15.306684 15.306684 0.210606 0.210606 0.210606
9460 15.306684 15.306684 15.306684 0.210606 0.210606 0.210606
9470 15.306684 15.306684 15.306684 0.210606 0.210606 0.210606
9480 15.306684 15.306684 15.306684 0.210606 0.210606 0.210606
9490 15.306684 15.306684 15.306684 0.210606 0.210606 0.210606
9500 15.306684 15.306684 15.306684 0.210606 0.210606 0.210606
9510 15.306684 15.306684 15.306684 0.210606 0.210606 0.210606
9520 15.306684 15.306684 15.306684 0.210606 0.210606 0.210606
9530 15.306684 15.306684 15.306684 0.210606 0.210606 0.210606
9540 15.306684 15.306684 15.306684 0.210606 0.210606 0.210606
9550 15.306684 15.306684 15.306684 0.210606 0.210606 0.210606
9560 15.306684 15.306684 15.306684 0.210606 0.210606 0.210606
9570 15.306684 15.306684 15.306684 0.210606 0.210606 0.210606
9580 15.306684 15.306684 15.306684 0.210606 0.210606 0.210606
9590 15.306684 15.306684 15.306684 0.210606 0.210606 0.210606
9600 15.306684 15.306684 15.306684 0.210606 0.210606 0.210606
9610 15.306684 15.306684 15.306684 0.210606 0.210606 0.210606
9620 15.306684 15.306684 15.306684 0.210606 0.210606 0.210606
9630 15.306684 15.306684 15.306684 0.210606 0.210606 0.210606
9640 15.306684 15.306684 15.306684 0.210606 0.210606 0.210606
9650 15.306684 15.306684 15.306684 0.210606 0.210606 0.210606
9660 15.306684 15.306684 15.306684 0.210606 0.210606 0.210606
9670 15.306684 15.306684 15.306684 0.210606 0.210606 0.210606
9680 15.306684 15.306684 15.306684 0.210606 0.210606 0.210606
9690 15.306684 15.306684 15.306684 0.210606 0.210606 0.210606
9700 15.306684 15.306684 15.306684 0.210606 0.210606 0.210606
9710 15.306684 15.306684 15.306684 0.210606 0.210606 0.210606
9720 15.306684 15.306684 15.306684 0.210606 0.210606 0.210606
9730 15.306684 15.306684 15.306684 0.210606 0.210606 0.210606
9740 15.306684 15.306684 15.306684 0.210606 0.210606 0.210606
9750 15.306684 15.306684 15.306684 0.210606 0.210606 0.210606
9760 15.306684 15.306684 15.306684 0.210606 0.210606 0.210606
9770 15.306684 15.306684 15.306684 0.210606 0.210606 0.210606
9780 15.306684 15.306684 15.306684 0.210606 0.210606 0.210606
9790 15.306684 15.306684 15.306684 0.210606 0.210606 0.210606
9800 15.306684 15.306684 15.306684 0.210606 0.210606 0.210606
9810 15.306684 15.306684 15.306684 0.210606 0.210606 0.210606
9820 15.306684 15.306684 15.306684 0.210606 0.210606 0.210606
9830 15.306684 15.306684 15.306684 0.210606 0.210606 0.210606
9840 15.306684 15.306684 15.306684 0.210606 0.210606 0.210606
9850 15.306684 15.306684 15.306684 0.210606 0.210606 0.210606
9860 15.306684 15.306684 15.306684 0.210606 0.210606 0.210606
9870 15.306684 15.306684 15.306684 0.210606 0.210606 0.210606
9880 15.306684 15.306684 15.306684 0.210606 0.210606 0.210606
9890 15.306684 15.306684 15.306684 0.210606 0.210606 0.210606
9900 15.306684 15.306684 15.306684 0.210606 0.210606 0.210606
9910 15.306684 15.306684 15.306684 0.210606 0.210606 0.210606
9920 15.306684 15.306684 15.306684 0.210606 0.210606 0.210606
9930 15.306684 15.306684 15.306684 0.210606 0.210606 0.210606
9940 15.306684 15.306684 15.306684 0.210606 0.210606 0.210606
9950 15.306684 15.306684 15.306684 0.210606 0.210606 0.210606
9960 15.306684 15.306684 15.306684 0.210606 0.210606 0.210606
9970 15.306684 15.306684 15.306684 0.210606 0.210606 0.210606
9980 15.306684 15.306684 15.306684 0.210606 0.210606 0.210606
9990 15.306684 15.306684 15.306684 0.210606 0.210606 0.210606
10000 17.719887 17.719887 17.719887 0.264035 0.264035 0.264035
