# generation power_min power_avg power_max util_min util_avg util_max
1 53.131466 53.131466 53.131466 1.443380 1.488318 1.499973
10 53.638886 53.638886 53.638886 1.250620 1.478395 1.499973
20 54.777363 54.777363 54.777363 1.181977 1.461879 1.499866
30 54.777363 54.777363 54.777363 1.181977 1.448930 1.499866
40 54.777363 54.777363 54.777363 1.181977 1.428517 1.499866
50 55.471590 55.471590 55.471590 1.133600 1.403902 1.499540
60 55.509304 55.509304 55.509304 1.117995 1.380866 1.499540
70 55.509304 55.509304 55.509304 1.108059 1.355886 1.499540
80 55.509304 55.509304 55.509304 1.108059 1.329797 1.499540
90 55.862929 55.862929 55.862929 1.090618 1.298352 1.495744
100 55.862929 55.862929 55.862929 1.090618 1.272208 1.467538
110 55.862929 55.862929 55.862929 1.090618 1.244713 1.428173
120 55.916694 55.916694 55.916694 1.070071 1.220817 1.376652
130 55.957948 55.957948 55.957948 1.070071 1.197699 1.341928
140 55.957948 55.957948 55.957948 1.070071 1.177616 1.299485
150 56.088577 56.088577 56.088577 1.067650 1.157050 1.275577
160 56.088577 56.088577 56.088577 1.063658 1.139964 1.231989
170 56.131395 56.131395 56.131395 1.059109 1.126492 1.211928
180 56.528355 56.528355 56.528355 1.044219 1.114319 1.194132
190 56.528355 56.528355 56.528355 1.044219 1.103623 1.168578
200 56.528355 56.528355 56.528355 1.044219 1.094647 1.154902
210 56.528355 56.528355 56.528355 1.044219 1.086929 1.135514
220 56.528355 56.528355 56.528355 1.044219 1.080281 1.124164
230 56.528355 56.528355 56.528355 1.036632 1.074116 1.108059
240 56.528355 56.528355 56.528355 1.036632 1.068853 1.103137
250 56.528355 56.528355 56.528355 1.036632 1.064258 1.098414
260 56.528355 56.528355 56.528355 1.036632 1.060208 1.086687
270 56.528355 56.528355 56.528355 1.035727 1.056700 1.078920
280 56.528355 56.528355 56.528355 1.029396 1.053479 1.075309
290 56.528355 56.528355 56.528355 1.029396 1.050535 1.069979
300 56.528355 56.528355 56.528355 1.029396 1.048186 1.065236
310 56.528355 56.528355 56.528355 1.029396 1.045987 1.059810
320 56.528355 56.528355 56.528355 1.029396 1.044013 1.059810
330 56.528355 56.528355 56.528355 1.029396 1.042145 1.054399
340 56.528355 56.528355 56.528355 1.025768 1.040137 1.051724
350 56.528355 56.528355 56.528355 1.025768 1.038695 1.049117
360 56.471617 56.471617 56.471617 1.022497 1.037339 1.045446
370 56.595115 56.595115 56.595115 1.020729 1.035881 1.044304
380 56.615545 56.615545 56.615545 1.020729 1.034431 1.043307
390 56.615545 56.615545 56.615545 1.020729 1.032902 1.042052
400 56.615545 56.615545 56.615545 1.018741 1.031325 1.041691
410 56.615545 56.615545 56.615545 1.018030 1.029965 1.038066
420 56.615545 56.615545 56.615545 1.018030 1.028717 1.037068
430 56.615545 56.615545 56.615545 1.015788 1.027242 1.036238
440 56.615545 56.615545 56.615545 1.015788 1.025874 1.033890
450 56.618852 56.618852 56.618852 1.015788 1.024750 1.031841
460 56.651620 56.651620 56.651620 1.015788 1.023724 1.031324
470 56.651620 56.651620 56.651620 1.015788 1.022759 1.030605
480 56.651620 56.651620 56.651620 1.014778 1.021865 1.026927
490 56.677218 56.677218 56.677218 1.014778 1.020984 1.025821
500 56.677218 56.677218 56.677218 1.014778 1.020446 1.025821
510 56.677218 56.677218 56.677218 1.014778 1.019686 1.024774
520 56.677218 56.677218 56.677218 1.013956 1.019034 1.023450
530 56.677218 56.677218 56.677218 1.012441 1.018337 1.022977
540 56.677218 56.677218 56.677218 1.012441 1.017559 1.022497
550 56.677218 56.677218 56.677218 1.012441 1.016925 1.021707
560 56.677218 56.677218 56.677218 1.011765 1.016337 1.021238
570 56.651620 56.651620 56.651620 1.011765 1.015761 1.019089
580 56.651620 56.651620 56.651620 1.011765 1.015285 1.019089
590 56.565963 56.565963 56.565963 1.009582 1.014801 1.017936
600 56.565963 56.565963 56.565963 1.009582 1.014390 1.016447
610 56.565963 56.565963 56.565963 1.009582 1.014086 1.016447
620 56.565963 56.565963 56.565963 1.009582 1.013760 1.016447
630 56.623981 56.623981 56.623981 1.007802 1.013240 1.016104
640 56.623981 56.623981 56.623981 1.007802 1.012720 1.016104
650 56.623981 56.623981 56.623981 1.007802 1.012360 1.013956
660 56.623981 56.623981 56.623981 1.007802 1.012040 1.013956
670 56.623981 56.623981 56.623981 1.007802 1.011650 1.013956
680 56.623981 56.623981 56.623981 1.007802 1.011315 1.013956
690 56.623981 56.623981 56.623981 1.007802 1.010957 1.013279
700 56.623981 56.623981 56.623981 1.007802 1.010635 1.013279
710 56.623981 56.623981 56.623981 1.007802 1.010260 1.013279
720 56.623981 56.623981 56.623981 1.007802 1.009896 1.013279
730 56.623981 56.623981 56.623981 1.007802 1.009591 1.011765
740 56.623981 56.623981 56.623981 1.007802 1.009248 1.011765
750 56.623981 56.623981 56.623981 1.007802 1.009066 1.009582
760 56.623981 56.623981 56.623981 1.007802 1.008905 1.009582
770 56.623981 56.623981 56.623981 1.007802 1.008745 1.009582
780 56.623981 56.623981 56.623981 1.007802 1.008567 1.009582
790 56.623981 56.623981 56.623981 1.007802 1.008389 1.009582
800 56.623981 56.623981 56.623981 1.007802 1.008211 1.009582
810 56.623981 56.623981 56.623981 1.007802 1.008033 1.009582
820 56.623981 56.623981 56.623981 1.007802 1.007855 1.009582
830 56.623981 56.623981 56.623981 1.007802 1.007802 1.007802
840 56.623981 56.623981 56.623981 1.007802 1.007802 1.007802
850 56.623981 56.623981 56.623981 1.007802 1.007802 1.007802
860 56.623981 56.623981 56.623981 1.007802 1.007802 1.007802
870 56.623981 56.623981 56.623981 1.007802 1.007802 1.007802
880 56.623981 56.623981 56.623981 1.007802 1.007802 1.007802
890 56.623981 56.623981 56.623981 1.007802 1.007802 1.007802
900 56.623981 56.623981 56.623981 1.007802 1.007802 1.007802
910 56.623981 56.623981 56.623981 1.007802 1.007802 1.007802
920 56.623981 56.623981 56.623981 1.007802 1.007802 1.007802
930 56.623981 56.623981 56.623981 1.007802 1.007802 1.007802
940 56.623981 56.623981 56.623981 1.007802 1.007802 1.007802
950 56.623981 56.623981 56.623981 1.007802 1.007802 1.007802
960 56.623981 56.623981 56.623981 1.007802 1.007802 1.007802
970 56.623981 56.623981 56.623981 1.007802 1.007802 1.007802
980 56.623981 56.623981 56.623981 1.007802 1.007802 1.007802
990 56.623981 56.623981 56.623981 1.007802 1.007802 1.007802
1000 56.623981 56.623981 56.623981 1.007802 1.007802 1.007802
1010 56.623981 56.623981 56.623981 1.007802 1.007802 1.007802
1020 56.623981 56.623981 56.623981 1.007802 1.007802 1.007802
1030 56.623981 56.623981 56.623981 1.007802 1.007802 1.007802
1040 56.623981 56.623981 56.623981 1.007802 1.007802 1.007802
1050 56.623981 56.623981 56.623981 1.007802 1.007802 1.007802
1060 56.623981 56.623981 56.623981 1.007802 1.007802 1.007802
1070 56.623981 56.623981 56.623981 1.007802 1.007802 1.007802
1080 56.623981 56.623981 56.623981 1.007802 1.007802 1.007802
1090 56.623981 56.623981 56.623981 1.007802 1.007802 1.007802
1100 56.623981 56.623981 56.623981 1.007802 1.007802 1.007802
1110 56.623981 56.623981 56.623981 1.007802 1.007802 1.007802
1120 56.623981 56.623981 56.623981 1.007802 1.007802 1.007802
1130 56.623981 56.623981 56.623981 1.007802 1.007802 1.007802
1140 56.623981 56.623981 56.623981 1.007802 1.007802 1.007802
1150 56.623981 56.623981 56.623981 1.007802 1.007802 1.007802
1160 56.623981 56.623981 56.623981 1.007802 1.007802 1.007802
1170 56.623981 56.623981 56.623981 1.007802 1.007802 1.007802
1180 56.623981 56.623981 56.623981 1.007802 1.007802 1.007802
1190 56.623981 56.623981 56.623981 1.007802 1.007802 1.007802
1200 56.623981 56.623981 56.623981 1.007802 1.007802 1.007802
1210 56.623981 56.623981 56.623981 1.007802 1.007802 1.007802
1220 56.623981 56.623981 56.623981 1.007802 1.007802 1.007802
1230 56.623981 56.623981 56.623981 1.007802 1.007802 1.007802
1240 56.623981 56.623981 56.623981 1.007802 1.007802 1.007802
1250 56.623981 56.623981 56.623981 1.007802 1.007802 1.007802
1260 56.623981 56.623981 56.623981 1.007802 1.007802 1.007802
1270 56.623981 56.623981 56.623981 1.007802 1.007802 1.007802
1280 56.623981 56.623981 56.623981 1.007802 1.007802 1.007802
1290 56.623981 56.623981 56.623981 1.007802 1.007802 1.007802
1300 56.623981 56.623981 56.623981 1.007802 1.007802 1.007802
1310 56.623981 56.623981 56.623981 1.007802 1.007802 1.007802
1320 56.623981 56.623981 56.623981 1.007802 1.007802 1.007802
1330 56.623981 56.623981 56.623981 1.007802 1.007802 1.007802
1340 56.623981 56.623981 56.623981 1.007802 1.007802 1.007802
1350 56.623981 56.623981 56.623981 1.007802 1.007802 1.007802
1360 56.623981 56.623981 56.623981 1.007802 1.007802 1.007802
1370 56.623981 56.623981 56.623981 1.007802 1.007802 1.007802
1380 56.623981 56.623981 56.623981 1.007802 1.007802 1.007802
1390 56.623981 56.623981 56.623981 1.007802 1.007802 1.007802
1400 56.623981 56.623981 56.623981 1.007802 1.007802 1.007802
1410 56.623981 56.623981 56.623981 1.007802 1.007802 1.007802
1420 56.623981 56.623981 56.623981 1.007802 1.007802 1.007802
1430 56.623981 56.623981 56.623981 1.007802 1.007802 1.007802
1440 56.623981 56.623981 56.623981 1.007802 1.007802 1.007802
1450 56.623981 56.623981 56.623981 1.007802 1.007802 1.007802
1460 56.623981 56.623981 56.623981 1.007802 1.007802 1.007802
1470 56.623981 56.623981 56.623981 1.007802 1.007802 1.007802
1480 56.623981 56.623981 56.623981 1.007802 1.007802 1.007802
1490 56.623981 56.623981 56.623981 1.007802 1.007802 1.007802
1500 56.623981 56.623981 56.623981 1.007802 1.007802 1.007802
1510 56.623981 56.623981 56.623981 1.007802 1.007802 1.007802
1520 56.623981 56.623981 56.623981 1.007802 1.007802 1.007802
1530 56.623981 56.623981 56.623981 1.007802 1.007802 1.007802
1540 56.623981 56.623981 56.623981 1.007802 1.007802 1.007802
1550 56.623981 56.623981 56.623981 1.007802 1.007802 1.007802
1560 56.623981 56.623981 56.623981 1.007802 1.007802 1.007802
1570 56.623981 56.623981 56.623981 1.007802 1.007802 1.007802
1580 56.623981 56.623981 56.623981 1.007802 1.007802 1.007802
1590 56.623981 56.623981 56.623981 1.007802 1.007802 1.007802
1600 56.623981 56.623981 56.623981 1.007802 1.007802 1.007802
1610 56.623981 56.623981 56.623981 1.007802 1.007802 1.007802
1620 56.623981 56.623981 56.623981 1.007802 1.007802 1.007802
1630 56.623981 56.623981 56.623981 1.007802 1.007802 1.007802
1640 56.623981 56.623981 56.623981 1.007802 1.007802 1.007802
1650 56.623981 56.623981 56.623981 1.007802 1.007802 1.007802
1660 56.623981 56.623981 56.623981 1.007802 1.007802 1.007802
1670 56.623981 56.623981 56.623981 1.007802 1.007802 1.007802
1680 56.623981 56.623981 56.623981 1.007802 1.007802 1.007802
1690 56.623981 56.623981 56.623981 1.007802 1.007802 1.007802
1700 56.623981 56.623981 56.623981 1.007802 1.007802 1.007802
1710 56.623981 56.623981 56.623981 1.007802 1.007802 1.007802
1720 56.623981 56.623981 56.623981 1.007802 1.007802 1.007802
1730 56.623981 56.623981 56.623981 1.007802 1.007802 1.007802
1740 56.623981 56.623981 56.623981 1.007802 1.007802 1.007802
1750 56.623981 56.623981 56.623981 1.007802 1.007802 1.007802
1760 56.623981 56.623981 56.623981 1.007802 1.007802 1.007802
1770 56.623981 56.623981 56.623981 1.007802 1.007802 1.007802
1780 56.623981 56.623981 56.623981 1.007802 1.007802 1.007802
1790 56.623981 56.623981 56.623981 1.007802 1.007802 1.007802
1800 56.623981 56.623981 56.623981 1.007802 1.007802 1.007802
1810 56.623981 56.623981 56.623981 1.007802 1.007802 1.007802
1820 56.623981 56.623981 56.623981 1.007802 1.007802 1.007802
1830 56.623981 56.623981 56.623981 1.007802 1.007802 1.007802
1840 56.623981 56.623981 56.623981 1.007802 1.007802 1.007802
1850 56.623981 56.623981 56.623981 1.007802 1.007802 1.007802
1860 56.623981 56.623981 56.623981 1.007802 1.007802 1.007802
1870 56.623981 56.623981 56.623981 1.007802 1.007802 1.007802
1880 56.623981 56.623981 56.623981 1.007802 1.007802 1.007802
1890 56.623981 56.623981 56.623981 1.007802 1.007802 1.007802
1900 56.623981 56.623981 56.623981 1.007802 1.007802 1.007802
1910 56.623981 56.623981 56.623981 1.007802 1.007802 1.007802
1920 56.623981 56.623981 56.623981 1.007802 1.007802 1.007802
1930 56.623981 56.623981 56.623981 1.007802 1.007802 1.007802
1940 56.623981 56.623981 56.623981 1.007802 1.007802 1.007802
1950 56.623981 56.623981 56.623981 1.007802 1.007802 1.007802
1960 56.623981 56.623981 56.623981 1.007802 1.007802 1.007802
1970 56.623981 56.623981 56.623981 1.007802 1.007802 1.007802
1980 56.623981 56.623981 56.623981 1.007802 1.007802 1.007802
1990 56.623981 56.623981 56.623981 1.007802 1.007802 1.007802
2000 56.623981 56.623981 56.623981 1.007802 1.007802 1.007802
2010 56.623981 56.623981 56.623981 1.007802 1.007802 1.007802
2020 56.623981 56.623981 56.623981 1.007802 1.007802 1.007802
2030 56.623981 56.623981 56.623981 1.007802 1.007802 1.007802
2040 56.623981 56.623981 56.623981 1.007802 1.007802 1.007802
2050 56.623981 56.623981 56.623981 1.007802 1.007802 1.007802
2060 56.623981 56.623981 56.623981 1.007802 1.007802 1.007802
2070 56.623981 56.623981 56.623981 1.007802 1.007802 1.007802
2080 56.623981 56.623981 56.623981 1.007802 1.007802 1.007802
2090 56.623981 56.623981 56.623981 1.007802 1.007802 1.007802
2100 56.623981 56.623981 56.623981 1.007802 1.007802 1.007802
2110 56.623981 56.623981 56.623981 1.007802 1.007802 1.007802
2120 56.623981 56.623981 56.623981 1.007802 1.007802 1.007802
2130 56.623981 56.623981 56.623981 1.007802 1.007802 1.007802
2140 56.623981 56.623981 56.623981 1.007802 1.007802 1.007802
2150 56.623981 56.623981 56.623981 1.007802 1.007802 1.007802
2160 56.623981 56.623981 56.623981 1.007802 1.007802 1.007802
2170 56.623981 56.623981 56.623981 1.007802 1.007802 1.007802
2180 56.623981 56.623981 56.623981 1.007802 1.007802 1.007802
2190 56.623981 56.623981 56.623981 1.007802 1.007802 1.007802
2200 56.623981 56.623981 56.623981 1.007802 1.007802 1.007802
2210 56.623981 56.623981 56.623981 1.007802 1.007802 1.007802
2220 56.623981 56.623981 56.623981 1.007802 1.007802 1.007802
2230 56.623981 56.623981 56.623981 1.007802 1.007802 1.007802
2240 56.623981 56.623981 56.623981 1.007802 1.007802 1.007802
2250 56.623981 56.623981 56.623981 1.007802 1.007802 1.007802
2260 56.623981 56.623981 56.623981 1.007802 1.007802 1.007802
2270 56.623981 56.623981 56.623981 1.007802 1.007802 1.007802
2280 56.623981 56.623981 56.623981 1.007802 1.007802 1.007802
2290 56.623981 56.623981 56.623981 1.007802 1.007802 1.007802
2300 56.623981 56.623981 56.623981 1.007802 1.007802 1.007802
2310 56.623981 56.623981 56.623981 1.007802 1.007802 1.007802
2320 56.623981 56.623981 56.623981 1.007802 1.007802 1.007802
2330 56.623981 56.623981 56.623981 1.007802 1.007802 1.007802
2340 56.623981 56.623981 56.623981 1.007802 1.007802 1.007802
2350 56.623981 56.623981 56.623981 1.007802 1.007802 1.007802
2360 56.623981 56.623981 56.623981 1.007802 1.007802 1.007802
2370 56.623981 56.623981 56.623981 1.007802 1.007802 1.007802
2380 56.623981 56.623981 56.623981 1.007802 1.007802 1.007802
2390 56.623981 56.623981 56.623981 1.007802 1.007802 1.007802
2400 56.623981 56.623981 56.623981 1.007802 1.007802 1.007802
2410 56.623981 56.623981 56.623981 1.007802 1.007802 1.007802
2420 56.623981 56.623981 56.623981 1.007802 1.007802 1.007802
2430 56.623981 56.623981 56.623981 1.007802 1.007802 1.007802
2440 56.623981 56.623981 56.623981 1.007802 1.007802 1.007802
2450 56.623981 56.623981 56.623981 1.007802 1.007802 1.007802
2460 56.623981 56.623981 56.623981 1.007802 1.007802 1.007802
2470 56.623981 56.623981 56.623981 1.007802 1.007802 1.007802
2480 56.623981 56.623981 56.623981 1.007802 1.007802 1.007802
2490 56.623981 56.623981 56.623981 1.007802 1.007802 1.007802
2500 56.623981 56.623981 56.623981 1.007802 1.007802 1.007802
2510 56.623981 56.623981 56.623981 1.007802 1.007802 1.007802
2520 56.623981 56.623981 56.623981 1.007802 1.007802 1.007802
2530 56.623981 56.623981 56.623981 1.007802 1.007802 1.007802
2540 56.623981 56.623981 56.623981 1.007802 1.007802 1.007802
2550 56.623981 56.623981 56.623981 1.007802 1.007802 1.007802
2560 56.623981 56.623981 56.623981 1.007802 1.007802 1.007802
2570 56.623981 56.623981 56.623981 1.007802 1.007802 1.007802
2580 56.623981 56.623981 56.623981 1.007802 1.007802 1.007802
2590 56.623981 56.623981 56.623981 1.007802 1.007802 1.007802
2600 56.623981 56.623981 56.623981 1.007802 1.007802 1.007802
2610 56.623981 56.623981 56.623981 1.007802 1.007802 1.007802
2620 56.623981 56.623981 56.623981 1.007802 1.007802 1.007802
2630 56.623981 56.623981 56.623981 1.007802 1.007802 1.007802
2640 56.623981 56.623981 56.623981 1.007802 1.007802 1.007802
2650 56.623981 56.623981 56.623981 1.007802 1.007802 1.007802
2660 56.623981 56.623981 56.623981 1.007802 1.007802 1.007802
2670 56.623981 56.623981 56.623981 1.007802 1.007802 1.007802
2680 56.623981 56.623981 56.623981 1.007802 1.007802 1.007802
2690 56.623981 56.623981 56.623981 1.007802 1.007802 1.007802
2700 56.623981 56.623981 56.623981 1.007802 1.007802 1.007802
2710 56.623981 56.623981 56.623981 1.007802 1.007802 1.007802
2720 56.623981 56.623981 56.623981 1.007802 1.007802 1.007802
2730 56.623981 56.623981 56.623981 1.007802 1.007802 1.007802
2740 56.623981 56.623981 56.623981 1.007802 1.007802 1.007802
2750 56.623981 56.623981 56.623981 1.007802 1.007802 1.007802
2760 56.623981 56.623981 56.623981 1.007802 1.007802 1.007802
2770 56.623981 56.623981 56.623981 1.007802 1.007802 1.007802
2780 56.623981 56.623981 56.623981 1.007802 1.007802 1.007802
2790 56.623981 56.623981 56.623981 1.007802 1.007802 1.007802
2800 56.623981 56.623981 56.623981 1.007802 1.007802 1.007802
2810 56.623981 56.623981 56.623981 1.007802 1.007802 1.007802
2820 56.623981 56.623981 56.623981 1.007802 1.007802 1.007802
2830 56.623981 56.623981 56.623981 1.007802 1.007802 1.007802
2840 56.623981 56.623981 56.623981 1.007802 1.007802 1.007802
2850 56.623981 56.623981 56.623981 1.007802 1.007802 1.007802
2860 56.623981 56.623981 56.623981 1.007802 1.007802 1.007802
2870 56.623981 56.623981 56.623981 1.007802 1.007802 1.007802
2880 56.623981 56.623981 56.623981 1.007802 1.007802 1.007802
2890 56.623981 56.623981 56.623981 1.007802 1.007802 1.007802
2900 56.623981 56.623981 56.623981 1.007802 1.007802 1.007802
2910 56.623981 56.623981 56.623981 1.007802 1.007802 1.007802
2920 56.623981 56.623981 56.623981 1.007802 1.007802 1.007802
2930 56.623981 56.623981 56.623981 1.007802 1.007802 1.007802
2940 56.623981 56.623981 56.623981 1.007802 1.007802 1.007802
2950 56.623981 56.623981 56.623981 1.007802 1.007802 1.007802
2960 56.623981 56.623981 56.623981 1.007802 1.007802 1.007802
2970 56.623981 56.623981 56.623981 1.007802 1.007802 1.007802
2980 56.623981 56.623981 56.623981 1.007802 1.007802 1.007802
2990 56.623981 56.623981 56.623981 1.007802 1.007802 1.007802
3000 56.623981 56.623981 56.623981 1.007802 1.007802 1.007802
3010 56.623981 56.623981 56.623981 1.007802 1.007802 1.007802
3020 56.623981 56.623981 56.623981 1.007802 1.007802 1.007802
3030 56.623981 56.623981 56.623981 1.007802 1.007802 1.007802
3040 56.623981 56.623981 56.623981 1.007802 1.007802 1.007802
3050 56.623981 56.623981 56.623981 1.007802 1.007802 1.007802
3060 56.623981 56.623981 56.623981 1.007802 1.007802 1.007802
3070 56.623981 56.623981 56.623981 1.007802 1.007802 1.007802
3080 56.623981 56.623981 56.623981 1.007802 1.007802 1.007802
3090 56.623981 56.623981 56.623981 1.007802 1.007802 1.007802
3100 56.623981 56.623981 56.623981 1.007802 1.007802 1.007802
3110 56.623981 56.623981 56.623981 1.007802 1.007802 1.007802
3120 56.623981 56.623981 56.623981 1.007802 1.007802 1.007802
3130 56.623981 56.623981 56.623981 1.007802 1.007802 1.007802
3140 56.623981 56.623981 56.623981 1.007802 1.007802 1.007802
3150 56.623981 56.623981 56.623981 1.007802 1.007802 1.007802
3160 56.623981 56.623981 56.623981 1.007802 1.007802 1.007802
3170 56.623981 56.623981 56.623981 1.007802 1.007802 1.007802
3180 56.623981 56.623981 56.623981 1.007802 1.007802 1.007802
3190 56.623981 56.623981 56.623981 1.007802 1.007802 1.007802
3200 56.623981 56.623981 56.623981 1.007802 1.007802 1.007802
3210 56.623981 56.623981 56.623981 1.007802 1.007802 1.007802
3220 56.623981 56.623981 56.623981 1.007802 1.007802 1.007802
3230 56.623981 56.623981 56.623981 1.007802 1.007802 1.007802
3240 56.623981 56.623981 56.623981 1.007802 1.007802 1.007802
3250 56.623981 56.623981 56.623981 1.007802 1.007802 1.007802
3260 56.623981 56.623981 56.623981 1.007802 1.007802 1.007802
3270 56.623981 56.623981 56.623981 1.007802 1.007802 1.007802
3280 56.623981 56.623981 56.623981 1.007802 1.007802 1.007802
3290 56.623981 56.623981 56.623981 1.007802 1.007802 1.007802
3300 56.623981 56.623981 56.623981 1.007802 1.007802 1.007802
3310 56.623981 56.623981 56.623981 1.007802 1.007802 1.007802
3320 56.623981 56.623981 56.623981 1.007802 1.007802 1.007802
3330 56.623981 56.623981 56.623981 1.007802 1.007802 1.007802
3340 56.623981 56.623981 56.623981 1.007802 1.007802 1.007802
3350 56.623981 56.623981 56.623981 1.007802 1.007802 1.007802
3360 56.623981 56.623981 56.623981 1.007802 1.007802 1.007802
3370 56.623981 56.623981 56.623981 1.007802 1.007802 1.007802
3380 56.623981 56.623981 56.623981 1.007802 1.007802 1.007802
3390 56.623981 56.623981 56.623981 1.007802 1.007802 1.007802
3400 56.623981 56.623981 56.623981 1.007802 1.007802 1.007802
3410 56.623981 56.623981 56.623981 1.007802 1.007802 1.007802
3420 56.623981 56.623981 56.623981 1.007802 1.007802 1.007802
3430 56.623981 56.623981 56.623981 1.007802 1.007802 1.007802
3440 56.623981 56.623981 56.623981 1.007802 1.007802 1.007802
3450 56.623981 56.623981 56.623981 1.007802 1.007802 1.007802
3460 56.623981 56.623981 56.623981 1.007802 1.007802 1.007802
3470 56.623981 56.623981 56.623981 1.007802 1.007802 1.007802
3480 56.623981 56.623981 56.623981 1.007802 1.007802 1.007802
3490 56.623981 56.623981 56.623981 1.007802 1.007802 1.007802
3500 56.623981 56.623981 56.623981 1.007802 1.007802 1.007802
3510 56.623981 56.623981 56.623981 1.007802 1.007802 1.007802
3520 56.623981 56.623981 56.623981 1.007802 1.007802 1.007802
3530 56.623981 56.623981 56.623981 1.007802 1.007802 1.007802
3540 56.623981 56.623981 56.623981 1.007802 1.007802 1.007802
3550 56.623981 56.623981 56.623981 1.007802 1.007802 1.007802
3560 56.623981 56.623981 56.623981 1.007802 1.007802 1.007802
3570 56.623981 56.623981 56.623981 1.007802 1.007802 1.007802
3580 56.623981 56.623981 56.623981 1.007802 1.007802 1.007802
3590 56.623981 56.623981 56.623981 1.007802 1.007802 1.007802
3600 56.623981 56.623981 56.623981 1.007802 1.007802 1.007802
3610 56.623981 56.623981 56.623981 1.007802 1.007802 1.007802
3620 56.623981 56.623981 56.623981 1.007802 1.007802 1.007802
3630 56.623981 56.623981 56.623981 1.007802 1.007802 1.007802
3640 56.623981 56.623981 56.623981 1.007802 1.007802 1.007802
3650 56.623981 56.623981 56.623981 1.007802 1.007802 1.007802
3660 56.623981 56.623981 56.623981 1.007802 1.007802 1.007802
3670 56.623981 56.623981 56.623981 1.007802 1.007802 1.007802
3680 56.623981 56.623981 56.623981 1.007802 1.007802 1.007802
3690 56.623981 56.623981 56.623981 1.007802 1.007802 1.007802
3700 56.623981 56.623981 56.623981 1.007802 1.007802 1.007802
3710 56.623981 56.623981 56.623981 1.007802 1.007802 1.007802
3720 56.623981 56.623981 56.623981 1.007802 1.007802 1.007802
3730 56.623981 56.623981 56.623981 1.007802 1.007802 1.007802
3740 56.623981 56.623981 56.623981 1.007802 1.007802 1.007802
3750 56.623981 56.623981 56.623981 1.007802 1.007802 1.007802
3760 56.623981 56.623981 56.623981 1.007802 1.007802 1.007802
3770 56.623981 56.623981 56.623981 1.007802 1.007802 1.007802
3780 56.623981 56.623981 56.623981 1.007802 1.007802 1.007802
3790 56.623981 56.623981 56.623981 1.007802 1.007802 1.007802
3800 56.623981 56.623981 56.623981 1.007802 1.007802 1.007802
3810 56.623981 56.623981 56.623981 1.007802 1.007802 1.007802
3820 56.623981 56.623981 56.623981 1.007802 1.007802 1.007802
3830 56.623981 56.623981 56.623981 1.007802 1.007802 1.007802
3840 56.623981 56.623981 56.623981 1.007802 1.007802 1.007802
3850 56.623981 56.623981 56.623981 1.007802 1.007802 1.007802
3860 56.623981 56.623981 56.623981 1.007802 1.007802 1.007802
3870 56.623981 56.623981 56.623981 1.007802 1.007802 1.007802
3880 56.623981 56.623981 56.623981 1.007802 1.007802 1.007802
3890 56.623981 56.623981 56.623981 1.007802 1.007802 1.007802
3900 56.623981 56.623981 56.623981 1.007802 1.007802 1.007802
3910 56.623981 56.623981 56.623981 1.007802 1.007802 1.007802
3920 56.623981 56.623981 56.623981 1.007802 1.007802 1.007802
3930 56.623981 56.623981 56.623981 1.007802 1.007802 1.007802
3940 56.623981 56.623981 56.623981 1.007802 1.007802 1.007802
3950 56.623981 56.623981 56.623981 1.007802 1.007802 1.007802
3960 56.623981 56.623981 56.623981 1.007802 1.007802 1.007802
3970 56.623981 56.623981 56.623981 1.007802 1.007802 1.007802
3980 56.623981 56.623981 56.623981 1.007802 1.007802 1.007802
3990 56.623981 56.623981 56.623981 1.007802 1.007802 1.007802
4000 56.623981 56.623981 56.623981 1.007802 1.007802 1.007802
4010 56.623981 56.623981 56.623981 1.007802 1.007802 1.007802
4020 56.623981 56.623981 56.623981 1.007802 1.007802 1.007802
4030 56.623981 56.623981 56.623981 1.007802 1.007802 1.007802
4040 56.623981 56.623981 56.623981 1.007802 1.007802 1.007802
4050 56.623981 56.623981 56.623981 1.007802 1.007802 1.007802
4060 56.623981 56.623981 56.623981 1.007802 1.007802 1.007802
4070 56.623981 56.623981 56.623981 1.007802 1.007802 1.007802
4080 56.623981 56.623981 56.623981 1.007802 1.007802 1.007802
4090 56.623981 56.623981 56.623981 1.007802 1.007802 1.007802
4100 56.623981 56.623981 56.623981 1.007802 1.007802 1.007802
4110 56.623981 56.623981 56.623981 1.007802 1.007802 1.007802
4120 56.623981 56.623981 56.623981 1.007802 1.007802 1.007802
4130 56.623981 56.623981 56.623981 1.007802 1.007802 1.007802
4140 56.623981 56.623981 56.623981 1.007802 1.007802 1.007802
4150 56.623981 56.623981 56.623981 1.007802 1.007802 1.007802
4160 56.623981 56.623981 56.623981 1.007802 1.007802 1.007802
4170 56.623981 56.623981 56.623981 1.007802 1.007802 1.007802
4180 56.623981 56.623981 56.623981 1.007802 1.007802 1.007802
4190 56.623981 56.623981 56.623981 1.007802 1.007802 1.007802
4200 56.623981 56.623981 56.623981 1.007802 1.007802 1.007802
4210 56.623981 56.623981 56.623981 1.007802 1.007802 1.007802
4220 56.623981 56.623981 56.623981 1.007802 1.007802 1.007802
4230 56.623981 56.623981 56.623981 1.007802 1.007802 1.007802
4240 56.623981 56.623981 56.623981 1.007802 1.007802 1.007802
4250 56.623981 56.623981 56.623981 1.007802 1.007802 1.007802
4260 56.623981 56.623981 56.623981 1.007802 1.007802 1.007802
4270 56.623981 56.623981 56.623981 1.007802 1.007802 1.007802
4280 56.623981 56.623981 56.623981 1.007802 1.007802 1.007802
4290 56.623981 56.623981 56.623981 1.007802 1.007802 1.007802
4300 56.623981 56.623981 56.623981 1.007802 1.007802 1.007802
4310 56.623981 56.623981 56.623981 1.007802 1.007802 1.007802
4320 56.623981 56.623981 56.623981 1.007802 1.007802 1.007802
4330 56.623981 56.623981 56.623981 1.007802 1.007802 1.007802
4340 56.623981 56.623981 56.623981 1.007802 1.007802 1.007802
4350 56.623981 56.623981 56.623981 1.007802 1.007802 1.007802
4360 56.623981 56.623981 56.623981 1.007802 1.007802 1.007802
4370 56.623981 56.623981 56.623981 1.007802 1.007802 1.007802
4380 56.623981 56.623981 56.623981 1.007802 1.007802 1.007802
4390 56.623981 56.623981 56.623981 1.007802 1.007802 1.007802
4400 56.623981 56.623981 56.623981 1.007802 1.007802 1.007802
4410 56.623981 56.623981 56.623981 1.007802 1.007802 1.007802
4420 56.623981 56.623981 56.623981 1.007802 1.007802 1.007802
4430 56.623981 56.623981 56.623981 1.007802 1.007802 1.007802
4440 56.623981 56.623981 56.623981 1.007802 1.007802 1.007802
4450 56.623981 56.623981 56.623981 1.007802 1.007802 1.007802
4460 56.623981 56.623981 56.623981 1.007802 1.007802 1.007802
4470 56.623981 56.623981 56.623981 1.007802 1.007802 1.007802
4480 56.623981 56.623981 56.623981 1.007802 1.007802 1.007802
4490 56.623981 56.623981 56.623981 1.007802 1.007802 1.007802
4500 56.623981 56.623981 56.623981 1.007802 1.007802 1.007802
4510 56.623981 56.623981 56.623981 1.007802 1.007802 1.007802
4520 56.623981 56.623981 56.623981 1.007802 1.007802 1.007802
4530 56.623981 56.623981 56.623981 1.007802 1.007802 1.007802
4540 56.623981 56.623981 56.623981 1.007802 1.007802 1.007802
4550 56.623981 56.623981 56.623981 1.007802 1.007802 1.007802
4560 56.623981 56.623981 56.623981 1.007802 1.007802 1.007802
4570 56.623981 56.623981 56.623981 1.007802 1.007802 1.007802
4580 56.623981 56.623981 56.623981 1.007802 1.007802 1.007802
4590 56.623981 56.623981 56.623981 1.007802 1.007802 1.007802
4600 56.623981 56.623981 56.623981 1.007802 1.007802 1.007802
4610 56.623981 56.623981 56.623981 1.007802 1.007802 1.007802
4620 56.623981 56.623981 56.623981 1.007802 1.007802 1.007802
4630 56.623981 56.623981 56.623981 1.007802 1.007802 1.007802
4640 56.623981 56.623981 56.623981 1.007802 1.007802 1.007802
4650 56.623981 56.623981 56.623981 1.007802 1.007802 1.007802
4660 56.623981 56.623981 56.623981 1.007802 1.007802 1.007802
4670 56.623981 56.623981 56.623981 1.007802 1.007802 1.007802
4680 56.623981 56.623981 56.623981 1.007802 1.007802 1.007802
4690 56.623981 56.623981 56.623981 1.007802 1.007802 1.007802
4700 56.623981 56.623981 56.623981 1.007802 1.007802 1.007802
4710 56.623981 56.623981 56.623981 1.007802 1.007802 1.007802
4720 56.623981 56.623981 56.623981 1.007802 1.007802 1.007802
4730 56.623981 56.623981 56.623981 1.007802 1.007802 1.007802
4740 56.623981 56.623981 56.623981 1.007802 1.007802 1.007802
4750 56.623981 56.623981 56.623981 1.007802 1.007802 1.007802
4760 56.623981 56.623981 56.623981 1.007802 1.007802 1.007802
4770 56.623981 56.623981 56.623981 1.007802 1.007802 1.007802
4780 56.623981 56.623981 56.623981 1.007802 1.007802 1.007802
4790 56.623981 56.623981 56.623981 1.007802 1.007802 1.007802
4800 56.623981 56.623981 56.623981 1.007802 1.007802 1.007802
4810 56.623981 56.623981 56.623981 1.007802 1.007802 1.007802
4820 56.623981 56.623981 56.623981 1.007802 1.007802 1.007802
4830 56.623981 56.623981 56.623981 1.007802 1.007802 1.007802
4840 56.623981 56.623981 56.623981 1.007802 1.007802 1.007802
4850 56.623981 56.623981 56.623981 1.007802 1.007802 1.007802
4860 56.623981 56.623981 56.623981 1.007802 1.007802 1.007802
4870 56.623981 56.623981 56.623981 1.007802 1.007802 1.007802
4880 56.623981 56.623981 56.623981 1.007802 1.007802 1.007802
4890 56.623981 56.623981 56.623981 1.007802 1.007802 1.007802
4900 56.623981 56.623981 56.623981 1.007802 1.007802 1.007802
4910 56.623981 56.623981 56.623981 1.007802 1.007802 1.007802
4920 56.623981 56.623981 56.623981 1.007802 1.007802 1.007802
4930 56.623981 56.623981 56.623981 1.007802 1.007802 1.007802
4940 56.623981 56.623981 56.623981 1.007802 1.007802 1.007802
4950 56.623981 56.623981 56.623981 1.007802 1.007802 1.007802
4960 56.623981 56.623981 56.623981 1.007802 1.007802 1.007802
4970 56.623981 56.623981 56.623981 1.007802 1.007802 1.007802
4980 56.623981 56.623981 56.623981 1.007802 1.007802 1.007802
4990 56.623981 56.623981 56.623981 1.007802 1.007802 1.007802
5000 56.623981 56.623981 56.623981 1.007802 1.007802 1.007802
5010 56.623981 56.623981 56.623981 1.007802 1.007802 1.007802
5020 56.623981 56.623981 56.623981 1.007802 1.007802 1.007802
5030 56.623981 56.623981 56.623981 1.007802 1.007802 1.007802
5040 56.623981 56.623981 56.623981 1.007802 1.007802 1.007802
5050 56.623981 56.623981 56.623981 1.007802 1.007802 1.007802
5060 56.623981 56.623981 56.623981 1.007802 1.007802 1.007802
5070 56.623981 56.623981 56.623981 1.007802 1.007802 1.007802
5080 56.623981 56.623981 56.623981 1.007802 1.007802 1.007802
5090 56.623981 56.623981 56.623981 1.007802 1.007802 1.007802
5100 56.623981 56.623981 56.623981 1.007802 1.007802 1.007802
5110 56.623981 56.623981 56.623981 1.007802 1.007802 1.007802
5120 56.623981 56.623981 56.623981 1.007802 1.007802 1.007802
5130 56.623981 56.623981 56.623981 1.007802 1.007802 1.007802
5140 56.623981 56.623981 56.623981 1.007802 1.007802 1.007802
5150 56.623981 56.623981 56.623981 1.007802 1.007802 1.007802
5160 56.623981 56.623981 56.623981 1.007802 1.007802 1.007802
5170 56.623981 56.623981 56.623981 1.007802 1.007802 1.007802
5180 56.623981 56.623981 56.623981 1.007802 1.007802 1.007802
5190 56.623981 56.623981 56.623981 1.007802 1.007802 1.007802
5200 56.623981 56.623981 56.623981 1.007802 1.007802 1.007802
5210 56.623981 56.623981 56.623981 1.007802 1.007802 1.007802
5220 56.623981 56.623981 56.623981 1.007802 1.007802 1.007802
5230 56.623981 56.623981 56.623981 1.007802 1.007802 1.007802
5240 56.623981 56.623981 56.623981 1.007802 1.007802 1.007802
5250 56.623981 56.623981 56.623981 1.007802 1.007802 1.007802
5260 56.623981 56.623981 56.623981 1.007802 1.007802 1.007802
5270 56.623981 56.623981 56.623981 1.007802 1.007802 1.007802
5280 56.623981 56.623981 56.623981 1.007802 1.007802 1.007802
5290 56.623981 56.623981 56.623981 1.007802 1.007802 1.007802
5300 56.623981 56.623981 56.623981 1.007802 1.007802 1.007802
5310 56.623981 56.623981 56.623981 1.007802 1.007802 1.007802
5320 56.623981 56.623981 56.623981 1.007802 1.007802 1.007802
5330 56.623981 56.623981 56.623981 1.007802 1.007802 1.007802
5340 56.623981 56.623981 56.623981 1.007802 1.007802 1.007802
5350 56.623981 56.623981 56.623981 1.007802 1.007802 1.007802
5360 56.623981 56.623981 56.623981 1.007802 1.007802 1.007802
5370 56.623981 56.623981 56.623981 1.007802 1.007802 1.007802
5380 56.623981 56.623981 56.623981 1.007802 1.007802 1.007802
5390 56.623981 56.623981 56.623981 1.007802 1.007802 1.007802
5400 56.623981 56.623981 56.623981 1.007802 1.007802 1.007802
5410 56.623981 56.623981 56.623981 1.007802 1.007802 1.007802
5420 56.623981 56.623981 56.623981 1.007802 1.007802 1.007802
5430 56.623981 56.623981 56.623981 1.007802 1.007802 1.007802
5440 56.623981 56.623981 56.623981 1.007802 1.007802 1.007802
5450 56.623981 56.623981 56.623981 1.007802 1.007802 1.007802
5460 56.623981 56.623981 56.623981 1.007802 1.007802 1.007802
5470 56.623981 56.623981 56.623981 1.007802 1.007802 1.007802
5480 56.623981 56.623981 56.623981 1.007802 1.007802 1.007802
5490 56.623981 56.623981 56.623981 1.007802 1.007802 1.007802
5500 56.623981 56.623981 56.623981 1.007802 1.007802 1.007802
5510 56.623981 56.623981 56.623981 1.007802 1.007802 1.007802
5520 56.623981 56.623981 56.623981 1.007802 1.007802 1.007802
5530 56.623981 56.623981 56.623981 1.007802 1.007802 1.007802
5540 56.623981 56.623981 56.623981 1.007802 1.007802 1.007802
5550 56.623981 56.623981 56.623981 1.007802 1.007802 1.007802
5560 56.623981 56.623981 56.623981 1.007802 1.007802 1.007802
5570 56.623981 56.623981 56.623981 1.007802 1.007802 1.007802
5580 56.623981 56.623981 56.623981 1.007802 1.007802 1.007802
5590 56.623981 56.623981 56.623981 1.007802 1.007802 1.007802
5600 56.623981 56.623981 56.623981 1.007802 1.007802 1.007802
5610 56.623981 56.623981 56.623981 1.007802 1.007802 1.007802
5620 56.623981 56.623981 56.623981 1.007802 1.007802 1.007802
5630 56.623981 56.623981 56.623981 1.007802 1.007802 1.007802
5640 56.623981 56.623981 56.623981 1.007802 1.007802 1.007802
5650 56.623981 56.623981 56.623981 1.007802 1.007802 1.007802
5660 56.623981 56.623981 56.623981 1.007802 1.007802 1.007802
5670 56.623981 56.623981 56.623981 1.007802 1.007802 1.007802
5680 56.623981 56.623981 56.623981 1.007802 1.007802 1.007802
5690 56.623981 56.623981 56.623981 1.007802 1.007802 1.007802
5700 56.623981 56.623981 56.623981 1.007802 1.007802 1.007802
5710 56.623981 56.623981 56.623981 1.007802 1.007802 1.007802
5720 56.623981 56.623981 56.623981 1.007802 1.007802 1.007802
5730 56.623981 56.623981 56.623981 1.007802 1.007802 1.007802
5740 56.623981 56.623981 56.623981 1.007802 1.007802 1.007802
5750 56.623981 56.623981 56.623981 1.007802 1.007802 1.007802
5760 56.623981 56.623981 56.623981 1.007802 1.007802 1.007802
5770 56.623981 56.623981 56.623981 1.007802 1.007802 1.007802
5780 56.623981 56.623981 56.623981 1.007802 1.007802 1.007802
5790 56.623981 56.623981 56.623981 1.007802 1.007802 1.007802
5800 56.623981 56.623981 56.623981 1.007802 1.007802 1.007802
5810 56.623981 56.623981 56.623981 1.007802 1.007802 1.007802
5820 56.623981 56.623981 56.623981 1.007802 1.007802 1.007802
5830 56.623981 56.623981 56.623981 1.007802 1.007802 1.007802
5840 56.623981 56.623981 56.623981 1.007802 1.007802 1.007802
5850 56.623981 56.623981 56.623981 1.007802 1.007802 1.007802
5860 56.623981 56.623981 56.623981 1.007802 1.007802 1.007802
5870 56.623981 56.623981 56.623981 1.007802 1.007802 1.007802
5880 56.623981 56.623981 56.623981 1.007802 1.007802 1.007802
5890 56.623981 56.623981 56.623981 1.007802 1.007802 1.007802
5900 56.623981 56.623981 56.623981 1.007802 1.007802 1.007802
5910 56.623981 56.623981 56.623981 1.007802 1.007802 1.007802
5920 56.623981 56.623981 56.623981 1.007802 1.007802 1.007802
5930 56.623981 56.623981 56.623981 1.007802 1.007802 1.007802
5940 56.623981 56.623981 56.623981 1.007802 1.007802 1.007802
5950 56.623981 56.623981 56.623981 1.007802 1.007802 1.007802
5960 56.623981 56.623981 56.623981 1.007802 1.007802 1.007802
5970 56.623981 56.623981 56.623981 1.007802 1.007802 1.007802
5980 56.623981 56.623981 56.623981 1.007802 1.007802 1.007802
5990 56.623981 56.623981 56.623981 1.007802 1.007802 1.007802
6000 56.623981 56.623981 56.623981 1.007802 1.007802 1.007802
6010 56.623981 56.623981 56.623981 1.007802 1.007802 1.007802
6020 56.623981 56.623981 56.623981 1.007802 1.007802 1.007802
6030 56.623981 56.623981 56.623981 1.007802 1.007802 1.007802
6040 56.623981 56.623981 56.623981 1.007802 1.007802 1.007802
6050 56.623981 56.623981 56.623981 1.007802 1.007802 1.007802
6060 56.623981 56.623981 56.623981 1.007802 1.007802 1.007802
6070 56.623981 56.623981 56.623981 1.007802 1.007802 1.007802
6080 56.623981 56.623981 56.623981 1.007802 1.007802 1.007802
6090 56.623981 56.623981 56.623981 1.007802 1.007802 1.007802
6100 56.623981 56.623981 56.623981 1.007802 1.007802 1.007802
6110 56.623981 56.623981 56.623981 1.007802 1.007802 1.007802
6120 56.623981 56.623981 56.623981 1.007802 1.007802 1.007802
6130 56.623981 56.623981 56.623981 1.007802 1.007802 1.007802
6140 56.623981 56.623981 56.623981 1.007802 1.007802 1.007802
6150 56.623981 56.623981 56.623981 1.007802 1.007802 1.007802
6160 56.623981 56.623981 56.623981 1.007802 1.007802 1.007802
6170 56.623981 56.623981 56.623981 1.007802 1.007802 1.007802
6180 56.623981 56.623981 56.623981 1.007802 1.007802 1.007802
6190 56.623981 56.623981 56.623981 1.007802 1.007802 1.007802
6200 56.623981 56.623981 56.623981 1.007802 1.007802 1.007802
6210 56.623981 56.623981 56.623981 1.007802 1.007802 1.007802
6220 56.623981 56.623981 56.623981 1.007802 1.007802 1.007802
6230 56.623981 56.623981 56.623981 1.007802 1.007802 1.007802
6240 56.623981 56.623981 56.623981 1.007802 1.007802 1.007802
6250 56.623981 56.623981 56.623981 1.007802 1.007802 1.007802
6260 56.623981 56.623981 56.623981 1.007802 1.007802 1.007802
6270 56.623981 56.623981 56.623981 1.007802 1.007802 1.007802
6280 56.623981 56.623981 56.623981 1.007802 1.007802 1.007802
6290 56.623981 56.623981 56.623981 1.007802 1.007802 1.007802
6300 56.623981 56.623981 56.623981 1.007802 1.007802 1.007802
6310 56.623981 56.623981 56.623981 1.007802 1.007802 1.007802
6320 56.623981 56.623981 56.623981 1.007802 1.007802 1.007802
6330 56.623981 56.623981 56.623981 1.007802 1.007802 1.007802
6340 56.623981 56.623981 56.623981 1.007802 1.007802 1.007802
6350 56.623981 56.623981 56.623981 1.007802 1.007802 1.007802
6360 56.623981 56.623981 56.623981 1.007802 1.007802 1.007802
6370 56.623981 56.623981 56.623981 1.007802 1.007802 1.007802
6380 56.623981 56.623981 56.623981 1.007802 1.007802 1.007802
6390 56.623981 56.623981 56.623981 1.007802 1.007802 1.007802
6400 56.623981 56.623981 56.623981 1.007802 1.007802 1.007802
6410 56.623981 56.623981 56.623981 1.007802 1.007802 1.007802
6420 56.623981 56.623981 56.623981 1.007802 1.007802 1.007802
6430 56.623981 56.623981 56.623981 1.007802 1.007802 1.007802
6440 56.623981 56.623981 56.623981 1.007802 1.007802 1.007802
6450 56.623981 56.623981 56.623981 1.007802 1.007802 1.007802
6460 56.623981 56.623981 56.623981 1.007802 1.007802 1.007802
6470 56.623981 56.623981 56.623981 1.007802 1.007802 1.007802
6480 56.623981 56.623981 56.623981 1.007802 1.007802 1.007802
6490 56.623981 56.623981 56.623981 1.007802 1.007802 1.007802
6500 56.623981 56.623981 56.623981 1.007802 1.007802 1.007802
6510 56.623981 56.623981 56.623981 1.007802 1.007802 1.007802
6520 56.623981 56.623981 56.623981 1.007802 1.007802 1.007802
6530 56.623981 56.623981 56.623981 1.007802 1.007802 1.007802
6540 56.623981 56.623981 56.623981 1.007802 1.007802 1.007802
6550 56.623981 56.623981 56.623981 1.007802 1.007802 1.007802
6560 56.623981 56.623981 56.623981 1.007802 1.007802 1.007802
6570 56.623981 56.623981 56.623981 1.007802 1.007802 1.007802
6580 56.623981 56.623981 56.623981 1.007802 1.007802 1.007802
6590 56.623981 56.623981 56.623981 1.007802 1.007802 1.007802
6600 56.623981 56.623981 56.623981 1.007802 1.007802 1.007802
6610 56.623981 56.623981 56.623981 1.007802 1.007802 1.007802
6620 56.623981 56.623981 56.623981 1.007802 1.007802 1.007802
6630 56.623981 56.623981 56.623981 1.007802 1.007802 1.007802
6640 56.623981 56.623981 56.623981 1.007802 1.007802 1.007802
6650 56.623981 56.623981 56.623981 1.007802 1.007802 1.007802
6660 56.623981 56.623981 56.623981 1.007802 1.007802 1.007802
6670 56.623981 56.623981 56.623981 1.007802 1.007802 1.007802
6680 56.623981 56.623981 56.623981 1.007802 1.007802 1.007802
6690 56.623981 56.623981 56.623981 1.007802 1.007802 1.007802
6700 56.623981 56.623981 56.623981 1.007802 1.007802 1.007802
6710 56.623981 56.623981 56.623981 1.007802 1.007802 1.007802
6720 56.623981 56.623981 56.623981 1.007802 1.007802 1.007802
6730 56.623981 56.623981 56.623981 1.007802 1.007802 1.007802
6740 56.623981 56.623981 56.623981 1.007802 1.007802 1.007802
6750 56.623981 56.623981 56.623981 1.007802 1.007802 1.007802
6760 56.623981 56.623981 56.623981 1.007802 1.007802 1.007802
6770 56.623981 56.623981 56.623981 1.007802 1.007802 1.007802
6780 56.623981 56.623981 56.623981 1.007802 1.007802 1.007802
6790 56.623981 56.623981 56.623981 1.007802 1.007802 1.007802
6800 56.623981 56.623981 56.623981 1.007802 1.007802 1.007802
6810 56.623981 56.623981 56.623981 1.007802 1.007802 1.007802
6820 56.623981 56.623981 56.623981 1.007802 1.007802 1.007802
6830 56.623981 56.623981 56.623981 1.007802 1.007802 1.007802
6840 56.623981 56.623981 56.623981 1.007802 1.007802 1.007802
6850 56.623981 56.623981 56.623981 1.007802 1.007802 1.007802
6860 56.623981 56.623981 56.623981 1.007802 1.007802 1.007802
6870 56.623981 56.623981 56.623981 1.007802 1.007802 1.007802
6880 56.623981 56.623981 56.623981 1.007802 1.007802 1.007802
6890 56.623981 56.623981 56.623981 1.007802 1.007802 1.007802
6900 56.623981 56.623981 56.623981 1.007802 1.007802 1.007802
6910 56.623981 56.623981 56.623981 1.007802 1.007802 1.007802
6920 56.623981 56.623981 56.623981 1.007802 1.007802 1.007802
6930 56.623981 56.623981 56.623981 1.007802 1.007802 1.007802
6940 56.623981 56.623981 56.623981 1.007802 1.007802 1.007802
6950 56.623981 56.623981 56.623981 1.007802 1.007802 1.007802
6960 56.623981 56.623981 56.623981 1.007802 1.007802 1.007802
6970 56.623981 56.623981 56.623981 1.007802 1.007802 1.007802
6980 56.623981 56.623981 56.623981 1.007802 1.007802 1.007802
6990 56.623981 56.623981 56.623981 1.007802 1.007802 1.007802
7000 56.623981 56.623981 56.623981 1.007802 1.007802 1.007802
7010 56.623981 56.623981 56.623981 1.007802 1.007802 1.007802
7020 56.623981 56.623981 56.623981 1.007802 1.007802 1.007802
7030 56.623981 56.623981 56.623981 1.007802 1.007802 1.007802
7040 56.623981 56.623981 56.623981 1.007802 1.007802 1.007802
7050 56.623981 56.623981 56.623981 1.007802 1.007802 1.007802
7060 56.623981 56.623981 56.623981 1.007802 1.007802 1.007802
7070 56.623981 56.623981 56.623981 1.007802 1.007802 1.007802
7080 56.623981 56.623981 56.623981 1.007802 1.007802 1.007802
7090 56.623981 56.623981 56.623981 1.007802 1.007802 1.007802
7100 56.623981 56.623981 56.623981 1.007802 1.007802 1.007802
7110 56.623981 56.623981 56.623981 1.007802 1.007802 1.007802
7120 56.623981 56.623981 56.623981 1.007802 1.007802 1.007802
7130 56.623981 56.623981 56.623981 1.007802 1.007802 1.007802
7140 56.623981 56.623981 56.623981 1.007802 1.007802 1.007802
7150 56.623981 56.623981 56.623981 1.007802 1.007802 1.007802
7160 56.623981 56.623981 56.623981 1.007802 1.007802 1.007802
7170 56.623981 56.623981 56.623981 1.007802 1.007802 1.007802
7180 56.623981 56.623981 56.623981 1.007802 1.007802 1.007802
7190 56.623981 56.623981 56.623981 1.007802 1.007802 1.007802
7200 56.623981 56.623981 56.623981 1.007802 1.007802 1.007802
7210 56.623981 56.623981 56.623981 1.007802 1.007802 1.007802
7220 56.623981 56.623981 56.623981 1.007802 1.007802 1.007802
7230 56.623981 56.623981 56.623981 1.007802 1.007802 1.007802
7240 56.623981 56.623981 56.623981 1.007802 1.007802 1.007802
7250 56.623981 56.623981 56.623981 1.007802 1.007802 1.007802
7260 56.623981 56.623981 56.623981 1.007802 1.007802 1.007802
7270 56.623981 56.623981 56.623981 1.007802 1.007802 1.007802
7280 56.623981 56.623981 56.623981 1.007802 1.007802 1.007802
7290 56.623981 56.623981 56.623981 1.007802 1.007802 1.007802
7300 56.623981 56.623981 56.623981 1.007802 1.007802 1.007802
7310 56.623981 56.623981 56.623981 1.007802 1.007802 1.007802
7320 56.623981 56.623981 56.623981 1.007802 1.007802 1.007802
7330 56.623981 56.623981 56.623981 1.007802 1.007802 1.007802
7340 56.623981 56.623981 56.623981 1.007802 1.007802 1.007802
7350 56.623981 56.623981 56.623981 1.007802 1.007802 1.007802
7360 56.623981 56.623981 56.623981 1.007802 1.007802 1.007802
7370 56.623981 56.623981 56.623981 1.007802 1.007802 1.007802
7380 56.623981 56.623981 56.623981 1.007802 1.007802 1.007802
7390 56.623981 56.623981 56.623981 1.007802 1.007802 1.007802
7400 56.623981 56.623981 56.623981 1.007802 1.007802 1.007802
7410 56.623981 56.623981 56.623981 1.007802 1.007802 1.007802
7420 56.623981 56.623981 56.623981 1.007802 1.007802 1.007802
7430 56.623981 56.623981 56.623981 1.007802 1.007802 1.007802
7440 56.623981 56.623981 56.623981 1.007802 1.007802 1.007802
7450 56.623981 56.623981 56.623981 1.007802 1.007802 1.007802
7460 56.623981 56.623981 56.623981 1.007802 1.007802 1.007802
7470 56.623981 56.623981 56.623981 1.007802 1.007802 1.007802
7480 56.623981 56.623981 56.623981 1.007802 1.007802 1.007802
7490 56.623981 56.623981 56.623981 1.007802 1.007802 1.007802
7500 56.623981 56.623981 56.623981 1.007802 1.007802 1.007802
7510 56.623981 56.623981 56.623981 1.007802 1.007802 1.007802
7520 56.623981 56.623981 56.623981 1.007802 1.007802 1.007802
7530 56.623981 56.623981 56.623981 1.007802 1.007802 1.007802
7540 56.623981 56.623981 56.623981 1.007802 1.007802 1.007802
7550 56.623981 56.623981 56.623981 1.007802 1.007802 1.007802
7560 56.623981 56.623981 56.623981 1.007802 1.007802 1.007802
7570 56.623981 56.623981 56.623981 1.007802 1.007802 1.007802
7580 56.623981 56.623981 56.623981 1.007802 1.007802 1.007802
7590 56.623981 56.623981 56.623981 1.007802 1.007802 1.007802
7600 56.623981 56.623981 56.623981 1.007802 1.007802 1.007802
7610 56.623981 56.623981 56.623981 1.007802 1.007802 1.007802
7620 56.623981 56.623981 56.623981 1.007802 1.007802 1.007802
7630 56.623981 56.623981 56.623981 1.007802 1.007802 1.007802
7640 56.623981 56.623981 56.623981 1.007802 1.007802 1.007802
7650 56.623981 56.623981 56.623981 1.007802 1.007802 1.007802
7660 56.623981 56.623981 56.623981 1.007802 1.007802 1.007802
7670 56.623981 56.623981 56.623981 1.007802 1.007802 1.007802
7680 56.623981 56.623981 56.623981 1.007802 1.007802 1.007802
7690 56.623981 56.623981 56.623981 1.007802 1.007802 1.007802
7700 56.623981 56.623981 56.623981 1.007802 1.007802 1.007802
7710 56.623981 56.623981 56.623981 1.007802 1.007802 1.007802
7720 56.623981 56.623981 56.623981 1.007802 1.007802 1.007802
7730 56.623981 56.623981 56.623981 1.007802 1.007802 1.007802
7740 56.623981 56.623981 56.623981 1.007802 1.007802 1.007802
7750 56.623981 56.623981 56.623981 1.007802 1.007802 1.007802
7760 56.623981 56.623981 56.623981 1.007802 1.007802 1.007802
7770 56.623981 56.623981 56.623981 1.007802 1.007802 1.007802
7780 56.623981 56.623981 56.623981 1.007802 1.007802 1.007802
7790 56.623981 56.623981 56.623981 1.007802 1.007802 1.007802
7800 56.623981 56.623981 56.623981 1.007802 1.007802 1.007802
7810 56.623981 56.623981 56.623981 1.007802 1.007802 1.007802
7820 56.623981 56.623981 56.623981 1.007802 1.007802 1.007802
7830 56.623981 56.623981 56.623981 1.007802 1.007802 1.007802
7840 56.623981 56.623981 56.623981 1.007802 1.007802 1.007802
7850 56.623981 56.623981 56.623981 1.007802 1.007802 1.007802
7860 56.623981 56.623981 56.623981 1.007802 1.007802 1.007802
7870 56.623981 56.623981 56.623981 1.007802 1.007802 1.007802
7880 56.623981 56.623981 56.623981 1.007802 1.007802 1.007802
7890 56.623981 56.623981 56.623981 1.007802 1.007802 1.007802
7900 56.623981 56.623981 56.623981 1.007802 1.007802 1.007802
7910 56.623981 56.623981 56.623981 1.007802 1.007802 1.007802
7920 56.623981 56.623981 56.623981 1.007802 1.007802 1.007802
7930 56.623981 56.623981 56.623981 1.007802 1.007802 1.007802
7940 56.623981 56.623981 56.623981 1.007802 1.007802 1.007802
7950 56.623981 56.623981 56.623981 1.007802 1.007802 1.007802
7960 56.623981 56.623981 56.623981 1.007802 1.007802 1.007802
7970 56.623981 56.623981 56.623981 1.007802 1.007802 1.007802
7980 56.623981 56.623981 56.623981 1.007802 1.007802 1.007802
7990 56.623981 56.623981 56.623981 1.007802 1.007802 1.007802
8000 56.623981 56.623981 56.623981 1.007802 1.007802 1.007802
8010 56.623981 56.623981 56.623981 1.007802 1.007802 1.007802
8020 56.623981 56.623981 56.623981 1.007802 1.007802 1.007802
8030 56.623981 56.623981 56.623981 1.007802 1.007802 1.007802
8040 56.623981 56.623981 56.623981 1.007802 1.007802 1.007802
8050 56.623981 56.623981 56.623981 1.007802 1.007802 1.007802
8060 56.623981 56.623981 56.623981 1.007802 1.007802 1.007802
8070 56.623981 56.623981 56.623981 1.007802 1.007802 1.007802
8080 56.623981 56.623981 56.623981 1.007802 1.007802 1.007802
8090 56.623981 56.623981 56.623981 1.007802 1.007802 1.007802
8100 56.623981 56.623981 56.623981 1.007802 1.007802 1.007802
8110 56.623981 56.623981 56.623981 1.007802 1.007802 1.007802
8120 56.623981 56.623981 56.623981 1.007802 1.007802 1.007802
8130 56.623981 56.623981 56.623981 1.007802 1.007802 1.007802
8140 56.623981 56.623981 56.623981 1.007802 1.007802 1.007802
8150 56.623981 56.623981 56.623981 1.007802 1.007802 1.007802
8160 56.623981 56.623981 56.623981 1.007802 1.007802 1.007802
8170 56.623981 56.623981 56.623981 1.007802 1.007802 1.007802
8180 56.623981 56.623981 56.623981 1.007802 1.007802 1.007802
8190 56.623981 56.623981 56.623981 1.007802 1.007802 1.007802
8200 56.623981 56.623981 56.623981 1.007802 1.007802 1.007802
8210 56.623981 56.623981 56.623981 1.007802 1.007802 1.007802
8220 56.623981 56.623981 56.623981 1.007802 1.007802 1.007802
8230 56.623981 56.623981 56.623981 1.007802 1.007802 1.007802
8240 56.623981 56.623981 56.623981 1.007802 1.007802 1.007802
8250 56.623981 56.623981 56.623981 1.007802 1.007802 1.007802
8260 56.623981 56.623981 56.623981 1.007802 1.007802 1.007802
8270 56.623981 56.623981 56.623981 1.007802 1.007802 1.007802
8280 56.623981 56.623981 56.623981 1.007802 1.007802 1.007802
8290 56.623981 56.623981 56.623981 1.007802 1.007802 1.007802
8300 56.623981 56.623981 56.623981 1.007802 1.007802 1.007802
8310 56.623981 56.623981 56.623981 1.007802 1.007802 1.007802
8320 56.623981 56.623981 56.623981 1.007802 1.007802 1.007802
8330 56.623981 56.623981 56.623981 1.007802 1.007802 1.007802
8340 56.623981 56.623981 56.623981 1.007802 1.007802 1.007802
8350 56.623981 56.623981 56.623981 1.007802 1.007802 1.007802
8360 56.623981 56.623981 56.623981 1.007802 1.007802 1.007802
8370 56.623981 56.623981 56.623981 1.007802 1.007802 1.007802
8380 56.623981 56.623981 56.623981 1.007802 1.007802 1.007802
8390 56.623981 56.623981 56.623981 1.007802 1.007802 1.007802
8400 56.623981 56.623981 56.623981 1.007802 1.007802 1.007802
8410 56.623981 56.623981 56.623981 1.007802 1.007802 1.007802
8420 56.623981 56.623981 56.623981 1.007802 1.007802 1.007802
8430 56.623981 56.623981 56.623981 1.007802 1.007802 1.007802
8440 56.623981 56.623981 56.623981 1.007802 1.007802 1.007802
8450 56.623981 56.623981 56.623981 1.007802 1.007802 1.007802
8460 56.623981 56.623981 56.623981 1.007802 1.007802 1.007802
8470 56.623981 56.623981 56.623981 1.007802 1.007802 1.007802
8480 56.623981 56.623981 56.623981 1.007802 1.007802 1.007802
8490 56.623981 56.623981 56.623981 1.007802 1.007802 1.007802
8500 56.623981 56.623981 56.623981 1.007802 1.007802 1.007802
8510 56.623981 56.623981 56.623981 1.007802 1.007802 1.007802
8520 56.623981 56.623981 56.623981 1.007802 1.007802 1.007802
8530 56.623981 56.623981 56.623981 1.007802 1.007802 1.007802
8540 56.623981 56.623981 56.623981 1.007802 1.007802 1.007802
8550 56.623981 56.623981 56.623981 1.007802 1.007802 1.007802
8560 56.623981 56.623981 56.623981 1.007802 1.007802 1.007802
8570 56.623981 56.623981 56.623981 1.007802 1.007802 1.007802
8580 56.623981 56.623981 56.623981 1.007802 1.007802 1.007802
8590 56.623981 56.623981 56.623981 1.007802 1.007802 1.007802
8600 56.623981 56.623981 56.623981 1.007802 1.007802 1.007802
8610 56.623981 56.623981 56.623981 1.007802 1.007802 1.007802
8620 56.623981 56.623981 56.623981 1.007802 1.007802 1.007802
8630 56.623981 56.623981 56.623981 1.007802 1.007802 1.007802
8640 56.623981 56.623981 56.623981 1.007802 1.007802 1.007802
8650 56.623981 56.623981 56.623981 1.007802 1.007802 1.007802
8660 56.623981 56.623981 56.623981 1.007802 1.007802 1.007802
8670 56.623981 56.623981 56.623981 1.007802 1.007802 1.007802
8680 56.623981 56.623981 56.623981 1.007802 1.007802 1.007802
8690 56.623981 56.623981 56.623981 1.007802 1.007802 1.007802
8700 56.623981 56.623981 56.623981 1.007802 1.007802 1.007802
8710 56.623981 56.623981 56.623981 1.007802 1.007802 1.007802
8720 56.623981 56.623981 56.623981 1.007802 1.007802 1.007802
8730 56.623981 56.623981 56.623981 1.007802 1.007802 1.007802
8740 56.623981 56.623981 56.623981 1.007802 1.007802 1.007802
8750 56.623981 56.623981 56.623981 1.007802 1.007802 1.007802
8760 56.623981 56.623981 56.623981 1.007802 1.007802 1.007802
8770 56.623981 56.623981 56.623981 1.007802 1.007802 1.007802
8780 56.623981 56.623981 56.623981 1.007802 1.007802 1.007802
8790 56.623981 56.623981 56.623981 1.007802 1.007802 1.007802
8800 56.623981 56.623981 56.623981 1.007802 1.007802 1.007802
8810 56.623981 56.623981 56.623981 1.007802 1.007802 1.007802
8820 56.623981 56.623981 56.623981 1.007802 1.007802 1.007802
8830 56.623981 56.623981 56.623981 1.007802 1.007802 1.007802
8840 56.623981 56.623981 56.623981 1.007802 1.007802 1.007802
8850 56.623981 56.623981 56.623981 1.007802 1.007802 1.007802
8860 56.623981 56.623981 56.623981 1.007802 1.007802 1.007802
8870 56.623981 56.623981 56.623981 1.007802 1.007802 1.007802
8880 56.623981 56.623981 56.623981 1.007802 1.007802 1.007802
8890 56.623981 56.623981 56.623981 1.007802 1.007802 1.007802
8900 56.623981 56.623981 56.623981 1.007802 1.007802 1.007802
8910 56.623981 56.623981 56.623981 1.007802 1.007802 1.007802
8920 56.623981 56.623981 56.623981 1.007802 1.007802 1.007802
8930 56.623981 56.623981 56.623981 1.007802 1.007802 1.007802
8940 56.623981 56.623981 56.623981 1.007802 1.007802 1.007802
8950 56.623981 56.623981 56.623981 1.007802 1.007802 1.007802
8960 56.623981 56.623981 56.623981 1.007802 1.007802 1.007802
8970 56.623981 56.623981 56.623981 1.007802 1.007802 1.007802
8980 56.623981 56.623981 56.623981 1.007802 1.007802 1.007802
8990 56.623981 56.623981 56.623981 1.007802 1.007802 1.007802
9000 56.623981 56.623981 56.623981 1.007802 1.007802 1.007802
9010 56.623981 56.623981 56.623981 1.007802 1.007802 1.007802
9020 56.623981 56.623981 56.623981 1.007802 1.007802 1.007802
9030 56.623981 56.623981 56.623981 1.007802 1.007802 1.007802
9040 56.623981 56.623981 56.623981 1.007802 1.007802 1.007802
9050 56.623981 56.623981 56.623981 1.007802 1.007802 1.007802
9060 56.623981 56.623981 56.623981 1.007802 1.007802 1.007802
9070 56.623981 56.623981 56.623981 1.007802 1.007802 1.007802
9080 56.623981 56.623981 56.623981 1.007802 1.007802 1.007802
9090 56.623981 56.623981 56.623981 1.007802 1.007802 1.007802
9100 56.623981 56.623981 56.623981 1.007802 1.007802 1.007802
9110 56.623981 56.623981 56.623981 1.007802 1.007802 1.007802
9120 56.623981 56.623981 56.623981 1.007802 1.007802 1.007802
9130 56.623981 56.623981 56.623981 1.007802 1.007802 1.007802
9140 56.623981 56.623981 56.623981 1.007802 1.007802 1.007802
9150 56.623981 56.623981 56.623981 1.007802 1.007802 1.007802
9160 56.623981 56.623981 56.623981 1.007802 1.007802 1.007802
9170 56.623981 56.623981 56.623981 1.007802 1.007802 1.007802
9180 56.623981 56.623981 56.623981 1.007802 1.007802 1.007802
9190 56.623981 56.623981 56.623981 1.007802 1.007802 1.007802
9200 56.623981 56.623981 56.623981 1.007802 1.007802 1.007802
9210 56.623981 56.623981 56.623981 1.007802 1.007802 1.007802
9220 56.623981 56.623981 56.623981 1.007802 1.007802 1.007802
9230 56.623981 56.623981 56.623981 1.007802 1.007802 1.007802
9240 56.623981 56.623981 56.623981 1.007802 1.007802 1.007802
9250 56.623981 56.623981 56.623981 1.007802 1.007802 1.007802
9260 56.623981 56.623981 56.623981 1.007802 1.007802 1.007802
9270 56.623981 56.623981 56.623981 1.007802 1.007802 1.007802
9280 56.623981 56.623981 56.623981 1.007802 1.007802 1.007802
9290 56.623981 56.623981 56.623981 1.007802 1.007802 1.007802
9300 56.623981 56.623981 56.623981 1.007802 1.007802 1.007802
9310 56.623981 56.623981 56.623981 1.007802 1.007802 1.007802
9320 56.623981 56.623981 56.623981 1.007802 1.007802 1.007802
9330 56.623981 56.623981 56.623981 1.007802 1.007802 1.007802
9340 56.623981 56.623981 56.623981 1.007802 1.007802 1.007802
9350 56.623981 56.623981 56.623981 1.007802 1.007802 1.007802
9360 56.623981 56.623981 56.623981 1.007802 1.007802 1.007802
9370 56.623981 56.623981 56.623981 1.007802 1.007802 1.007802
9380 56.623981 56.623981 56.623981 1.007802 1.007802 1.007802
9390 56.623981 56.623981 56.623981 1.007802 1.007802 1.007802
9400 56.623981 56.623981 56.623981 1.007802 1.007802 1.007802
9410 56.623981 56.623981 56.623981 1.007802 1.007802 1.007802
9420 56.623981 56.623981 56.623981 1.007802 1.007802 1.007802
9430 56.623981 56.623981 56.623981 1.007802 1.007802 1.007802
9440 56.623981 56.623981 56.623981 1.007802 1.007802 1.007802
9450 56.623981 56.623981 56.623981 1.007802 1.007802 1.007802
9460 56.623981 56.623981 56.623981 1.007802 1.007802 1.007802
9470 56.623981 56.623981 56.623981 1.007802 1.007802 1.007802
9480 56.623981 56.623981 56.623981 1.007802 1.007802 1.007802
9490 56.623981 56.623981 56.623981 1.007802 1.007802 1.007802
9500 56.623981 56.623981 56.623981 1.007802 1.007802 1.007802
9510 56.623981 56.623981 56.623981 1.007802 1.007802 1.007802
9520 56.623981 56.623981 56.623981 1.007802 1.007802 1.007802
9530 56.623981 56.623981 56.623981 1.007802 1.007802 1.007802
9540 56.623981 56.623981 56.623981 1.007802 1.007802 1.007802
9550 56.623981 56.623981 56.623981 1.007802 1.007802 1.007802
9560 56.623981 56.623981 56.623981 1.007802 1.007802 1.007802
9570 56.623981 56.623981 56.623981 1.007802 1.007802 1.007802
9580 56.623981 56.623981 56.623981 1.007802 1.007802 1.007802
9590 56.623981 56.623981 56.623981 1.007802 1.007802 1.007802
9600 56.623981 56.623981 56.623981 1.007802 1.007802 1.007802
9610 56.623981 56.623981 56.623981 1.007802 1.007802 1.007802
9620 56.623981 56.623981 56.623981 1.007802 1.007802 1.007802
9630 56.623981 56.623981 56.623981 1.007802 1.007802 1.007802
9640 56.623981 56.623981 56.623981 1.007802 1.007802 1.007802
9650 56.623981 56.623981 56.623981 1.007802 1.007802 1.007802
9660 56.623981 56.623981 56.623981 1.007802 1.007802 1.007802
9670 56.623981 56.623981 56.623981 1.007802 1.007802 1.007802
9680 56.623981 56.623981 56.623981 1.007802 1.007802 1.007802
9690 56.623981 56.623981 56.623981 1.007802 1.007802 1.007802
9700 56.623981 56.623981 56.623981 1.007802 1.007802 1.007802
9710 56.623981 56.623981 56.623981 1.007802 1.007802 1.007802
9720 56.623981 56.623981 56.623981 1.007802 1.007802 1.007802
9730 56.623981 56.623981 56.623981 1.007802 1.007802 1.007802
9740 56.623981 56.623981 56.623981 1.007802 1.007802 1.007802
9750 56.623981 56.623981 56.623981 1.007802 1.007802 1.007802
9760 56.623981 56.623981 56.623981 1.007802 1.007802 1.007802
9770 56.623981 56.623981 56.623981 1.007802 1.007802 1.007802
9780 56.623981 56.623981 56.623981 1.007802 1.007802 1.007802
9790 56.623981 56.623981 56.623981 1.007802 1.007802 1.007802
9800 56.623981 56.623981 56.623981 1.007802 1.007802 1.007802
9810 56.623981 56.623981 56.623981 1.007802 1.007802 1.007802
9820 56.623981 56.623981 56.623981 1.007802 1.007802 1.007802
9830 56.623981 56.623981 56.623981 1.007802 1.007802 1.007802
9840 56.623981 56.623981 56.623981 1.007802 1.007802 1.007802
9850 56.623981 56.623981 56.623981 1.007802 1.007802 1.007802
9860 56.623981 56.623981 56.623981 1.007802 1.007802 1.007802
9870 56.623981 56.623981 56.623981 1.007802 1.007802 1.007802
9880 56.623981 56.623981 56.623981 1.007802 1.007802 1.007802
9890 56.623981 56.623981 56.623981 1.007802 1.007802 1.007802
9900 56.623981 56.623981 56.623981 1.007802 1.007802 1.007802
9910 56.623981 56.623981 56.623981 1.007802 1.007802 1.007802
9920 56.623981 56.623981 56.623981 1.007802 1.007802 1.007802
9930 56.623981 56.623981 56.623981 1.007802 1.007802 1.007802
9940 56.623981 56.623981 56.623981 1.007802 1.007802 1.007802
9950 56.623981 56.623981 56.623981 1.007802 1.007802 1.007802
9960 56.623981 56.623981 56.623981 1.007802 1.007802 1.007802
9970 56.623981 56.623981 56.623981 1.007802 1.007802 1.007802
9980 56.623981 56.623981 56.623981 1.007802 1.007802 1.007802
9990 56.623981 56.623981 56.623981 1.007802 1.007802 1.007802
10000 56.623981 56.623981 56.623981 1.007802 1.007802 1.007802
