# generation power_min power_avg power_max util_min util_avg util_max
1 54.389474 54.389474 54.389474 1.441894 1.487313 1.499762
10 53.905834 53.905834 53.905834 1.388076 1.481724 1.499762
20 55.153496 55.153496 55.153496 1.238761 1.468795 1.499762
30 55.656964 55.656964 55.656964 1.195225 1.456059 1.499762
40 55.656964 55.656964 55.656964 1.159522 1.445314 1.499762
50 55.656964 55.656964 55.656964 1.159522 1.433914 1.499762
60 55.656964 55.656964 55.656964 1.159522 1.417174 1.499762
70 55.656964 55.656964 55.656964 1.135221 1.393377 1.499762
80 56.053337 56.053337 56.053337 1.005401 1.362056 1.499762
90 56.053337 44.263365 56.053337 0.957142 1.329515 1.498717
100 56.053337 44.263365 56.053337 0.957142 1.302162 1.498717
110 56.053337 44.361952 56.053337 0.913483 1.265582 1.497372
120 56.053337 44.275764 56.053337 0.913483 1.232869 1.497372
130 56.053337 44.255132 56.053337 0.913483 1.202345 1.497372
140 56.053337 44.463594 56.053337 0.913483 1.165419 1.497230
150 56.053337 44.123963 56.053337 0.913483 1.127314 1.497230
160 56.053337 44.032714 56.053337 0.913483 1.100046 1.497230
170 56.053337 43.776529 56.053337 0.913483 1.072343 1.452283
180 56.053337 43.696784 56.053337 0.900513 1.040036 1.310937
190 53.592686 43.534728 53.592686 0.893023 1.017671 1.293377
200 50.246855 43.407829 50.246855 0.893023 0.994835 1.159522
210 47.563809 43.275210 47.563809 0.893023 0.981891 1.131217
220 41.825844 43.201365 47.563809 0.893023 0.971443 1.049398
230 44.573853 42.968097 44.573853 0.893023 0.968257 1.034702
240 41.531990 42.811405 44.238615 0.893023 0.965937 1.034702
250 41.531990 42.659824 43.844821 0.893023 0.964013 1.005593
260 41.531990 42.535940 43.437486 0.893023 0.966344 1.005593
270 41.509588 42.387414 43.275171 0.917552 0.970988 1.005593
280 41.381039 42.244705 43.076928 0.917552 0.974432 1.005593
290 41.279141 42.123172 42.774619 0.925103 0.977005 1.005377
300 41.279141 42.006552 42.623044 0.925103 0.977332 1.005377
310 41.005198 41.888816 42.482353 0.925103 0.979574 1.005377
320 41.005198 41.787140 42.319718 0.941716 0.981105 1.005377
330 41.005198 41.697859 42.181656 0.941716 0.982911 1.005995
340 42.006296 41.621748 42.006296 0.941716 0.984841 1.005995
350 41.925022 41.557909 41.925022 0.960763 0.986392 1.005995
360 41.825844 41.525854 41.825844 0.960763 0.985257 1.005995
370 41.814269 41.480195 41.814269 0.960763 0.984258 1.005995
380 41.741279 41.429313 41.741279 0.960763 0.983755 1.005995
390 41.674474 41.384417 41.674474 0.960763 0.983770 1.005995
400 41.614428 41.330923 41.614428 0.962380 0.983568 1.005776
410 41.531990 41.280352 41.531990 0.965189 0.984514 1.005776
420 41.445522 41.234661 41.445522 0.965189 0.985459 1.005776
430 41.432663 41.187691 41.432663 0.966601 0.987160 1.005776
440 40.597903 41.128124 41.402653 0.966601 0.987720 1.005776
450 40.597903 41.083072 41.381039 0.966601 0.989898 1.005776
460 40.451440 41.030979 41.310163 0.966601 0.992069 1.005776
470 40.451440 40.976179 41.279141 0.971224 0.993738 1.005776
480 40.451440 40.919530 41.217780 0.971224 0.995120 1.005776
490 40.451440 40.858594 41.161537 0.979039 0.997077 1.005776
500 40.451440 40.823446 41.023847 0.989282 0.997249 1.001944
510 40.451440 40.788170 40.948196 0.980328 0.997698 1.001944
520 40.298792 40.753106 40.914207 0.980328 0.998110 1.001944
530 40.298792 40.741766 40.903972 0.980328 0.997768 1.001944
540 40.298792 40.720203 40.848643 0.980328 0.997940 1.001944
550 40.298792 40.698120 40.845868 0.980328 0.997898 1.001944
560 40.298792 40.675141 40.845868 0.980328 0.997893 1.001944
570 40.829630 40.652867 40.829630 0.980328 0.997845 1.001521
580 40.789409 40.634876 40.789409 0.980328 0.997830 1.001521
590 40.188416 40.620336 40.719788 0.987552 0.997742 1.000484
600 40.181661 40.597592 40.665224 0.987552 0.997316 1.000484
610 40.181661 40.571835 40.665224 0.987552 0.996700 1.000484
620 40.181661 40.545815 40.665224 0.987552 0.996364 1.000484
630 40.122644 40.500885 40.665224 0.987552 0.995874 1.000484
640 40.665224 40.457701 40.665224 0.987552 0.995626 1.001985
650 40.665224 40.400971 40.665224 0.987552 0.995439 1.001985
660 40.665224 40.346853 40.665224 0.987552 0.995277 1.001985
670 40.597903 40.318535 40.597903 0.987552 0.994777 1.001985
680 40.585686 40.277718 40.585686 0.987552 0.994852 1.001985
690 40.554155 40.249971 40.554155 0.987552 0.994678 1.001985
700 40.400078 40.210642 40.400078 0.988699 0.995482 1.001985
710 40.392808 40.178936 40.392808 0.989224 0.996177 1.001985
720 40.278020 40.161901 40.278020 0.990111 0.996157 1.001985
730 40.271529 40.145189 40.271529 0.990111 0.997086 1.001985
740 40.204208 40.131744 40.204208 0.990636 0.997385 1.001985
750 40.181661 40.123016 40.181661 0.991785 0.998071 1.001985
760 40.161932 40.115719 40.161932 0.991785 0.998540 1.001985
770 40.122644 40.113038 40.122644 0.996692 0.998745 1.001691
780 40.122644 40.110867 40.122644 0.996692 0.998990 1.001691
790 40.122644 40.109216 40.122644 0.996692 0.999296 1.001691
800 40.122644 40.106876 40.122644 0.996692 0.999570 1.001691
810 40.110182 40.104862 40.110182 0.999170 0.999705 1.001691
820 40.110182 40.103606 40.110182 0.999170 0.999525 1.001268
830 40.110182 40.101962 40.110182 0.999170 0.999491 1.001268
840 40.110182 40.100214 40.110182 0.999170 0.999474 1.001268
850 40.110182 40.098219 40.110182 0.999170 0.999452 1.001268
860 40.110182 40.096120 40.110182 0.999170 0.999410 1.001268
870 40.110182 40.094098 40.110182 0.999170 0.999410 1.001268
880 40.110182 40.091954 40.110182 0.999170 0.999367 1.001268
890 40.090453 40.090453 40.090453 0.999170 0.999359 1.001268
900 40.090453 40.090453 40.090453 0.999170 0.999380 1.001268
910 40.090453 40.090453 40.090453 0.999170 0.999401 1.001268
920 40.090453 40.090453 40.090453 0.999170 0.999442 1.001268
930 40.090453 40.090453 40.090453 0.999170 0.999526 1.001268
940 40.090453 40.090453 40.090453 0.999170 0.999631 1.001268
950 40.090453 40.090453 40.090453 0.999170 0.999736 1.001268
960 40.090453 40.090453 40.090453 0.999170 0.999883 1.001268
970 40.090453 40.090453 40.090453 0.999170 1.000009 1.001268
980 40.090453 40.090453 40.090453 0.999170 1.000219 1.001268
990 40.090453 40.090453 40.090453 0.999170 1.000429 1.001268
1000 40.090453 40.090453 40.090453 0.999170 1.000638 1.001268
1010 40.090453 40.090453 40.090453 0.999170 1.000848 1.001268
1020 40.090453 40.090453 40.090453 0.999170 1.001058 1.001268
1030 40.000605 40.000605 40.000605 1.001268 1.001268 1.001268
1040 40.000605 40.000605 40.000605 1.001268 1.001268 1.001268
1050 40.000605 40.000605 40.000605 1.001268 1.001268 1.001268
1060 40.000605 40.000605 40.000605 1.001268 1.001268 1.001268
1070 40.000605 40.000605 40.000605 1.001268 1.001268 1.001268
1080 40.000605 40.000605 40.000605 1.001268 1.001268 1.001268
1090 40.000605 40.000605 40.000605 1.001268 1.001268 1.001268
1100 40.000605 40.000605 40.000605 1.001268 1.001268 1.001268
1110 40.000605 40.000605 40.000605 1.001268 1.001268 1.001268
1120 40.000605 40.000605 40.000605 1.001268 1.001268 1.001268
1130 40.000605 40.000605 40.000605 1.001268 1.001268 1.001268
1140 40.000605 40.000605 40.000605 1.001268 1.001268 1.001268
1150 40.000605 40.000605 40.000605 1.001268 1.001268 1.001268
1160 40.000605 40.000605 40.000605 1.001268 1.001268 1.001268
1170 40.000605 40.000605 40.000605 1.001268 1.001268 1.001268
1180 40.000605 40.000605 40.000605 1.001268 1.001268 1.001268
1190 40.000605 40.000605 40.000605 1.001268 1.001268 1.001268
1200 40.000605 40.000605 40.000605 1.001268 1.001268 1.001268
1210 40.000605 40.000605 40.000605 1.001268 1.001268 1.001268
1220 40.000605 40.000605 40.000605 1.001268 1.001268 1.001268
1230 40.000605 40.000605 40.000605 1.001268 1.001268 1.001268
1240 40.000605 40.000605 40.000605 1.001268 1.001268 1.001268
1250 40.000605 40.000605 40.000605 1.001268 1.001268 1.001268
1260 40.000605 40.000605 40.000605 1.001268 1.001268 1.001268
1270 40.000605 40.000605 40.000605 1.001268 1.001268 1.001268
1280 40.000605 40.000605 40.000605 1.001268 1.001268 1.001268
1290 40.000605 40.000605 40.000605 1.001268 1.001268 1.001268
1300 40.000605 40.000605 40.000605 1.001268 1.001268 1.001268
1310 40.000605 40.000605 40.000605 1.001268 1.001268 1.001268
1320 40.000605 40.000605 40.000605 1.001268 1.001268 1.001268
1330 40.000605 40.000605 40.000605 1.001268 1.001268 1.001268
1340 40.000605 40.000605 40.000605 1.001268 1.001268 1.001268
1350 40.000605 40.000605 40.000605 1.001268 1.001268 1.001268
1360 40.000605 40.000605 40.000605 1.001268 1.001268 1.001268
1370 40.000605 40.000605 40.000605 1.001268 1.001268 1.001268
1380 40.000605 40.000605 40.000605 1.001268 1.001268 1.001268
1390 40.000605 40.000605 40.000605 1.001268 1.001268 1.001268
1400 40.000605 40.000605 40.000605 1.001268 1.001268 1.001268
1410 40.000605 40.000605 40.000605 1.001268 1.001268 1.001268
1420 40.000605 40.000605 40.000605 1.001268 1.001268 1.001268
1430 40.000605 40.000605 40.000605 1.001268 1.001268 1.001268
1440 40.000605 40.000605 40.000605 1.001268 1.001268 1.001268
1450 40.000605 40.000605 40.000605 1.001268 1.001268 1.001268
1460 40.000605 40.000605 40.000605 1.001268 1.001268 1.001268
1470 40.000605 40.000605 40.000605 1.001268 1.001268 1.001268
1480 40.000605 40.000605 40.000605 1.001268 1.001268 1.001268
1490 40.000605 40.000605 40.000605 1.001268 1.001268 1.001268
1500 40.000605 40.000605 40.000605 1.001268 1.001268 1.001268
1510 40.000605 40.000605 40.000605 1.001268 1.001268 1.001268
1520 40.000605 40.000605 40.000605 1.001268 1.001268 1.001268
1530 40.000605 40.000605 40.000605 1.001268 1.001268 1.001268
1540 40.000605 40.000605 40.000605 1.001268 1.001268 1.001268
1550 40.000605 40.000605 40.000605 1.001268 1.001268 1.001268
1560 40.000605 40.000605 40.000605 1.001268 1.001268 1.001268
1570 40.000605 40.000605 40.000605 1.001268 1.001268 1.001268
1580 40.000605 40.000605 40.000605 1.001268 1.001268 1.001268
1590 40.000605 40.000605 40.000605 1.001268 1.001268 1.001268
1600 40.000605 40.000605 40.000605 1.001268 1.001268 1.001268
1610 40.000605 40.000605 40.000605 1.001268 1.001268 1.001268
1620 40.000605 40.000605 40.000605 1.001268 1.001268 1.001268
1630 40.000605 40.000605 40.000605 1.001268 1.001268 1.001268
1640 40.000605 40.000605 40.000605 1.001268 1.001268 1.001268
1650 40.000605 40.000605 40.000605 1.001268 1.001268 1.001268
1660 40.000605 40.000605 40.000605 1.001268 1.001268 1.001268
1670 40.000605 40.000605 40.000605 1.001268 1.001268 1.001268
1680 40.000605 40.000605 40.000605 1.001268 1.001268 1.001268
1690 40.000605 40.000605 40.000605 1.001268 1.001268 1.001268
1700 40.000605 40.000605 40.000605 1.001268 1.001268 1.001268
1710 40.000605 40.000605 40.000605 1.001268 1.001268 1.001268
1720 40.000605 40.000605 40.000605 1.001268 1.001268 1.001268
1730 40.000605 40.000605 40.000605 1.001268 1.001268 1.001268
1740 40.000605 40.000605 40.000605 1.001268 1.001268 1.001268
1750 40.000605 40.000605 40.000605 1.001268 1.001268 1.001268
1760 40.000605 40.000605 40.000605 1.001268 1.001268 1.001268
1770 40.000605 40.000605 40.000605 1.001268 1.001268 1.001268
1780 40.000605 40.000605 40.000605 1.001268 1.001268 1.001268
1790 40.000605 40.000605 40.000605 1.001268 1.001268 1.001268
1800 40.000605 40.000605 40.000605 1.001268 1.001268 1.001268
1810 40.000605 40.000605 40.000605 1.001268 1.001268 1.001268
1820 40.000605 40.000605 40.000605 1.001268 1.001268 1.001268
1830 40.000605 40.000605 40.000605 1.001268 1.001268 1.001268
1840 40.000605 40.000605 40.000605 1.001268 1.001268 1.001268
1850 40.000605 40.000605 40.000605 1.001268 1.001268 1.001268
1860 40.000605 40.000605 40.000605 1.001268 1.001268 1.001268
1870 40.000605 40.000605 40.000605 1.001268 1.001268 1.001268
1880 40.000605 40.000605 40.000605 1.001268 1.001268 1.001268
1890 40.000605 40.000605 40.000605 1.001268 1.001268 1.001268
1900 40.000605 40.000605 40.000605 1.001268 1.001268 1.001268
1910 40.000605 40.000605 40.000605 1.001268 1.001268 1.001268
1920 40.000605 40.000605 40.000605 1.001268 1.001268 1.001268
1930 40.000605 40.000605 40.000605 1.001268 1.001268 1.001268
1940 40.000605 40.000605 40.000605 1.001268 1.001268 1.001268
1950 40.000605 40.000605 40.000605 1.001268 1.001268 1.001268
1960 40.000605 40.000605 40.000605 1.001268 1.001268 1.001268
1970 40.000605 40.000605 40.000605 1.001268 1.001268 1.001268
1980 40.000605 40.000605 40.000605 1.001268 1.001268 1.001268
1990 40.000605 40.000605 40.000605 1.001268 1.001268 1.001268
2000 40.000605 40.000605 40.000605 1.001268 1.001268 1.001268
2010 40.000605 40.000605 40.000605 1.001268 1.001268 1.001268
2020 40.000605 40.000605 40.000605 1.001268 1.001268 1.001268
2030 40.000605 40.000605 40.000605 1.001268 1.001268 1.001268
2040 40.000605 40.000605 40.000605 1.001268 1.001268 1.001268
2050 40.000605 40.000605 40.000605 1.001268 1.001268 1.001268
2060 40.000605 40.000605 40.000605 1.001268 1.001268 1.001268
2070 40.000605 40.000605 40.000605 1.001268 1.001268 1.001268
2080 40.000605 40.000605 40.000605 1.001268 1.001268 1.001268
2090 40.000605 40.000605 40.000605 1.001268 1.001268 1.001268
2100 40.000605 40.000605 40.000605 1.001268 1.001268 1.001268
2110 40.000605 40.000605 40.000605 1.001268 1.001268 1.001268
2120 40.000605 40.000605 40.000605 1.001268 1.001268 1.001268
2130 40.000605 40.000605 40.000605 1.001268 1.001268 1.001268
2140 40.000605 40.000605 40.000605 1.001268 1.001268 1.001268
2150 40.000605 40.000605 40.000605 1.001268 1.001268 1.001268
2160 40.000605 40.000605 40.000605 1.001268 1.001268 1.001268
2170 40.000605 40.000605 40.000605 1.001268 1.001268 1.001268
2180 40.000605 40.000605 40.000605 1.001268 1.001268 1.001268
2190 40.000605 40.000605 40.000605 1.001268 1.001268 1.001268
2200 40.000605 40.000605 40.000605 1.001268 1.001268 1.001268
2210 40.000605 40.000605 40.000605 1.001268 1.001268 1.001268
2220 40.000605 40.000605 40.000605 1.001268 1.001268 1.001268
2230 40.000605 40.000605 40.000605 1.001268 1.001268 1.001268
2240 40.000605 40.000605 40.000605 1.001268 1.001268 1.001268
2250 40.000605 40.000605 40.000605 1.001268 1.001268 1.001268
2260 40.000605 40.000605 40.000605 1.001268 1.001268 1.001268
2270 40.000605 40.000605 40.000605 1.001268 1.001268 1.001268
2280 40.000605 40.000605 40.000605 1.001268 1.001268 1.001268
2290 40.000605 40.000605 40.000605 1.001268 1.001268 1.001268
2300 40.000605 40.000605 40.000605 1.001268 1.001268 1.001268
2310 40.000605 40.000605 40.000605 1.001268 1.001268 1.001268
2320 40.000605 40.000605 40.000605 1.001268 1.001268 1.001268
2330 40.000605 40.000605 40.000605 1.001268 1.001268 1.001268
2340 40.000605 40.000605 40.000605 1.001268 1.001268 1.001268
2350 40.000605 40.000605 40.000605 1.001268 1.001268 1.001268
2360 40.000605 40.000605 40.000605 1.001268 1.001268 1.001268
2370 40.000605 40.000605 40.000605 1.001268 1.001268 1.001268
2380 40.000605 40.000605 40.000605 1.001268 1.001268 1.001268
2390 40.000605 40.000605 40.000605 1.001268 1.001268 1.001268
2400 40.000605 40.000605 40.000605 1.001268 1.001268 1.001268
2410 40.000605 40.000605 40.000605 1.001268 1.001268 1.001268
2420 40.000605 40.000605 40.000605 1.001268 1.001268 1.001268
2430 40.000605 40.000605 40.000605 1.001268 1.001268 1.001268
2440 40.000605 40.000605 40.000605 1.001268 1.001268 1.001268
2450 40.000605 40.000605 40.000605 1.001268 1.001268 1.001268
2460 40.000605 40.000605 40.000605 1.001268 1.001268 1.001268
2470 40.000605 40.000605 40.000605 1.001268 1.001268 1.001268
2480 40.000605 40.000605 40.000605 1.001268 1.001268 1.001268
2490 40.000605 40.000605 40.000605 1.001268 1.001268 1.001268
2500 40.000605 40.000605 40.000605 1.001268 1.001268 1.001268
2510 40.000605 40.000605 40.000605 1.001268 1.001268 1.001268
2520 40.000605 40.000605 40.000605 1.001268 1.001268 1.001268
2530 40.000605 40.000605 40.000605 1.001268 1.001268 1.001268
2540 40.000605 40.000605 40.000605 1.001268 1.001268 1.001268
2550 40.000605 40.000605 40.000605 1.001268 1.001268 1.001268
2560 40.000605 40.000605 40.000605 1.001268 1.001268 1.001268
2570 40.000605 40.000605 40.000605 1.001268 1.001268 1.001268
2580 40.000605 40.000605 40.000605 1.001268 1.001268 1.001268
2590 40.000605 40.000605 40.000605 1.001268 1.001268 1.001268
2600 40.000605 40.000605 40.000605 1.001268 1.001268 1.001268
2610 40.000605 40.000605 40.000605 1.001268 1.001268 1.001268
2620 40.000605 40.000605 40.000605 1.001268 1.001268 1.001268
2630 40.000605 40.000605 40.000605 1.001268 1.001268 1.001268
2640 40.000605 40.000605 40.000605 1.001268 1.001268 1.001268
2650 40.000605 40.000605 40.000605 1.001268 1.001268 1.001268
2660 40.000605 40.000605 40.000605 1.001268 1.001268 1.001268
2670 40.000605 40.000605 40.000605 1.001268 1.001268 1.001268
2680 40.000605 40.000605 40.000605 1.001268 1.001268 1.001268
2690 40.000605 40.000605 40.000605 1.001268 1.001268 1.001268
2700 40.000605 40.000605 40.000605 1.001268 1.001268 1.001268
2710 40.000605 40.000605 40.000605 1.001268 1.001268 1.001268
2720 40.000605 40.000605 40.000605 1.001268 1.001268 1.001268
2730 40.000605 40.000605 40.000605 1.001268 1.001268 1.001268
2740 40.000605 40.000605 40.000605 1.001268 1.001268 1.001268
2750 40.000605 40.000605 40.000605 1.001268 1.001268 1.001268
2760 40.000605 40.000605 40.000605 1.001268 1.001268 1.001268
2770 40.000605 40.000605 40.000605 1.001268 1.001268 1.001268
2780 40.000605 40.000605 40.000605 1.001268 1.001268 1.001268
2790 40.000605 40.000605 40.000605 1.001268 1.001268 1.001268
2800 40.000605 40.000605 40.000605 1.001268 1.001268 1.001268
2810 40.000605 40.000605 40.000605 1.001268 1.001268 1.001268
2820 40.000605 40.000605 40.000605 1.001268 1.001268 1.001268
2830 40.000605 40.000605 40.000605 1.001268 1.001268 1.001268
2840 40.000605 40.000605 40.000605 1.001268 1.001268 1.001268
2850 40.000605 40.000605 40.000605 1.001268 1.001268 1.001268
2860 40.000605 40.000605 40.000605 1.001268 1.001268 1.001268
2870 40.000605 40.000605 40.000605 1.001268 1.001268 1.001268
2880 40.000605 40.000605 40.000605 1.001268 1.001268 1.001268
2890 40.000605 40.000605 40.000605 1.001268 1.001268 1.001268
2900 40.000605 40.000605 40.000605 1.001268 1.001268 1.001268
2910 40.000605 40.000605 40.000605 1.001268 1.001268 1.001268
2920 40.000605 40.000605 40.000605 1.001268 1.001268 1.001268
2930 40.000605 40.000605 40.000605 1.001268 1.001268 1.001268
2940 40.000605 40.000605 40.000605 1.001268 1.001268 1.001268
2950 40.000605 40.000605 40.000605 1.001268 1.001268 1.001268
2960 40.000605 40.000605 40.000605 1.001268 1.001268 1.001268
2970 40.000605 40.000605 40.000605 1.001268 1.001268 1.001268
2980 40.000605 40.000605 40.000605 1.001268 1.001268 1.001268
2990 40.000605 40.000605 40.000605 1.001268 1.001268 1.001268
3000 40.000605 40.000605 40.000605 1.001268 1.001268 1.001268
3010 40.000605 40.000605 40.000605 1.001268 1.001268 1.001268
3020 40.000605 40.000605 40.000605 1.001268 1.001268 1.001268
3030 40.000605 40.000605 40.000605 1.001268 1.001268 1.001268
3040 40.000605 40.000605 40.000605 1.001268 1.001268 1.001268
3050 40.000605 40.000605 40.000605 1.001268 1.001268 1.001268
3060 40.000605 40.000605 40.000605 1.001268 1.001268 1.001268
3070 40.000605 40.000605 40.000605 1.001268 1.001268 1.001268
3080 40.000605 40.000605 40.000605 1.001268 1.001268 1.001268
3090 40.000605 40.000605 40.000605 1.001268 1.001268 1.001268
3100 40.000605 40.000605 40.000605 1.001268 1.001268 1.001268
3110 40.000605 40.000605 40.000605 1.001268 1.001268 1.001268
3120 40.000605 40.000605 40.000605 1.001268 1.001268 1.001268
3130 40.000605 40.000605 40.000605 1.001268 1.001268 1.001268
3140 40.000605 40.000605 40.000605 1.001268 1.001268 1.001268
3150 40.000605 40.000605 40.000605 1.001268 1.001268 1.001268
3160 40.000605 40.000605 40.000605 1.001268 1.001268 1.001268
3170 40.000605 40.000605 40.000605 1.001268 1.001268 1.001268
3180 40.000605 40.000605 40.000605 1.001268 1.001268 1.001268
3190 40.000605 40.000605 40.000605 1.001268 1.001268 1.001268
3200 40.000605 40.000605 40.000605 1.001268 1.001268 1.001268
3210 40.000605 40.000605 40.000605 1.001268 1.001268 1.001268
3220 40.000605 40.000605 40.000605 1.001268 1.001268 1.001268
3230 40.000605 40.000605 40.000605 1.001268 1.001268 1.001268
3240 40.000605 40.000605 40.000605 1.001268 1.001268 1.001268
3250 40.000605 40.000605 40.000605 1.001268 1.001268 1.001268
3260 40.000605 40.000605 40.000605 1.001268 1.001268 1.001268
3270 40.000605 40.000605 40.000605 1.001268 1.001268 1.001268
3280 40.000605 40.000605 40.000605 1.001268 1.001268 1.001268
3290 40.000605 40.000605 40.000605 1.001268 1.001268 1.001268
3300 40.000605 40.000605 40.000605 1.001268 1.001268 1.001268
3310 40.000605 40.000605 40.000605 1.001268 1.001268 1.001268
3320 40.000605 40.000605 40.000605 1.001268 1.001268 1.001268
3330 40.000605 40.000605 40.000605 1.001268 1.001268 1.001268
3340 40.000605 40.000605 40.000605 1.001268 1.001268 1.001268
3350 40.000605 40.000605 40.000605 1.001268 1.001268 1.001268
3360 40.000605 40.000605 40.000605 1.001268 1.001268 1.001268
3370 40.000605 40.000605 40.000605 1.001268 1.001268 1.001268
3380 40.000605 40.000605 40.000605 1.001268 1.001268 1.001268
3390 40.000605 40.000605 40.000605 1.001268 1.001268 1.001268
3400 40.000605 40.000605 40.000605 1.001268 1.001268 1.001268
3410 40.000605 40.000605 40.000605 1.001268 1.001268 1.001268
3420 40.000605 40.000605 40.000605 1.001268 1.001268 1.001268
3430 40.000605 40.000605 40.000605 1.001268 1.001268 1.001268
3440 40.000605 40.000605 40.000605 1.001268 1.001268 1.001268
3450 40.000605 40.000605 40.000605 1.001268 1.001268 1.001268
3460 40.000605 40.000605 40.000605 1.001268 1.001268 1.001268
3470 40.000605 40.000605 40.000605 1.001268 1.001268 1.001268
3480 40.000605 40.000605 40.000605 1.001268 1.001268 1.001268
3490 40.000605 40.000605 40.000605 1.001268 1.001268 1.001268
3500 40.000605 40.000605 40.000605 1.001268 1.001268 1.001268
3510 40.000605 40.000605 40.000605 1.001268 1.001268 1.001268
3520 40.000605 40.000605 40.000605 1.001268 1.001268 1.001268
3530 40.000605 40.000605 40.000605 1.001268 1.001268 1.001268
3540 40.000605 40.000605 40.000605 1.001268 1.001268 1.001268
3550 40.000605 40.000605 40.000605 1.001268 1.001268 1.001268
3560 40.000605 40.000605 40.000605 1.001268 1.001268 1.001268
3570 40.000605 40.000605 40.000605 1.001268 1.001268 1.001268
3580 40.000605 40.000605 40.000605 1.001268 1.001268 1.001268
3590 40.000605 40.000605 40.000605 1.001268 1.001268 1.001268
3600 40.000605 40.000605 40.000605 1.001268 1.001268 1.001268
3610 40.000605 40.000605 40.000605 1.001268 1.001268 1.001268
3620 40.000605 40.000605 40.000605 1.001268 1.001268 1.001268
3630 40.000605 40.000605 40.000605 1.001268 1.001268 1.001268
3640 40.000605 40.000605 40.000605 1.001268 1.001268 1.001268
3650 40.000605 40.000605 40.000605 1.001268 1.001268 1.001268
3660 40.000605 40.000605 40.000605 1.001268 1.001268 1.001268
3670 40.000605 40.000605 40.000605 1.001268 1.001268 1.001268
3680 40.000605 40.000605 40.000605 1.001268 1.001268 1.001268
3690 40.000605 40.000605 40.000605 1.001268 1.001268 1.001268
3700 40.000605 40.000605 40.000605 1.001268 1.001268 1.001268
3710 40.000605 40.000605 40.000605 1.001268 1.001268 1.001268
3720 40.000605 40.000605 40.000605 1.001268 1.001268 1.001268
3730 40.000605 40.000605 40.000605 1.001268 1.001268 1.001268
3740 40.000605 40.000605 40.000605 1.001268 1.001268 1.001268
3750 40.000605 40.000605 40.000605 1.001268 1.001268 1.001268
3760 40.000605 40.000605 40.000605 1.001268 1.001268 1.001268
3770 40.000605 40.000605 40.000605 1.001268 1.001268 1.001268
3780 40.000605 40.000605 40.000605 1.001268 1.001268 1.001268
3790 40.000605 40.000605 40.000605 1.001268 1.001268 1.001268
3800 40.000605 40.000605 40.000605 1.001268 1.001268 1.001268
3810 40.000605 40.000605 40.000605 1.001268 1.001268 1.001268
3820 40.000605 40.000605 40.000605 1.001268 1.001268 1.001268
3830 40.000605 40.000605 40.000605 1.001268 1.001268 1.001268
3840 40.000605 40.000605 40.000605 1.001268 1.001268 1.001268
3850 40.000605 40.000605 40.000605 1.001268 1.001268 1.001268
3860 40.000605 40.000605 40.000605 1.001268 1.001268 1.001268
3870 40.000605 40.000605 40.000605 1.001268 1.001268 1.001268
3880 40.000605 40.000605 40.000605 1.001268 1.001268 1.001268
3890 40.000605 40.000605 40.000605 1.001268 1.001268 1.001268
3900 40.000605 40.000605 40.000605 1.001268 1.001268 1.001268
3910 40.000605 40.000605 40.000605 1.001268 1.001268 1.001268
3920 40.000605 40.000605 40.000605 1.001268 1.001268 1.001268
3930 40.000605 40.000605 40.000605 1.001268 1.001268 1.001268
3940 40.000605 40.000605 40.000605 1.001268 1.001268 1.001268
3950 40.000605 40.000605 40.000605 1.001268 1.001268 1.001268
3960 40.000605 40.000605 40.000605 1.001268 1.001268 1.001268
3970 40.000605 40.000605 40.000605 1.001268 1.001268 1.001268
3980 40.000605 40.000605 40.000605 1.001268 1.001268 1.001268
3990 40.000605 40.000605 40.000605 1.001268 1.001268 1.001268
4000 40.000605 40.000605 40.000605 1.001268 1.001268 1.001268
4010 40.000605 40.000605 40.000605 1.001268 1.001268 1.001268
4020 40.000605 40.000605 40.000605 1.001268 1.001268 1.001268
4030 40.000605 40.000605 40.000605 1.001268 1.001268 1.001268
4040 40.000605 40.000605 40.000605 1.001268 1.001268 1.001268
4050 40.000605 40.000605 40.000605 1.001268 1.001268 1.001268
4060 40.000605 40.000605 40.000605 1.001268 1.001268 1.001268
4070 40.000605 40.000605 40.000605 1.001268 1.001268 1.001268
4080 40.000605 40.000605 40.000605 1.001268 1.001268 1.001268
4090 40.000605 40.000605 40.000605 1.001268 1.001268 1.001268
4100 40.000605 40.000605 40.000605 1.001268 1.001268 1.001268
4110 40.000605 40.000605 40.000605 1.001268 1.001268 1.001268
4120 40.000605 40.000605 40.000605 1.001268 1.001268 1.001268
4130 40.000605 40.000605 40.000605 1.001268 1.001268 1.001268
4140 40.000605 40.000605 40.000605 1.001268 1.001268 1.001268
4150 40.000605 40.000605 40.000605 1.001268 1.001268 1.001268
4160 40.000605 40.000605 40.000605 1.001268 1.001268 1.001268
4170 40.000605 40.000605 40.000605 1.001268 1.001268 1.001268
4180 40.000605 40.000605 40.000605 1.001268 1.001268 1.001268
4190 40.000605 40.000605 40.000605 1.001268 1.001268 1.001268
4200 40.000605 40.000605 40.000605 1.001268 1.001268 1.001268
4210 40.000605 40.000605 40.000605 1.001268 1.001268 1.001268
4220 40.000605 40.000605 40.000605 1.001268 1.001268 1.001268
4230 40.000605 40.000605 40.000605 1.001268 1.001268 1.001268
4240 40.000605 40.000605 40.000605 1.001268 1.001268 1.001268
4250 40.000605 40.000605 40.000605 1.001268 1.001268 1.001268
4260 40.000605 40.000605 40.000605 1.001268 1.001268 1.001268
4270 40.000605 40.000605 40.000605 1.001268 1.001268 1.001268
4280 40.000605 40.000605 40.000605 1.001268 1.001268 1.001268
4290 40.000605 40.000605 40.000605 1.001268 1.001268 1.001268
4300 40.000605 40.000605 40.000605 1.001268 1.001268 1.001268
4310 40.000605 40.000605 40.000605 1.001268 1.001268 1.001268
4320 40.000605 40.000605 40.000605 1.001268 1.001268 1.001268
4330 40.000605 40.000605 40.000605 1.001268 1.001268 1.001268
4340 40.000605 40.000605 40.000605 1.001268 1.001268 1.001268
4350 40.000605 40.000605 40.000605 1.001268 1.001268 1.001268
4360 40.000605 40.000605 40.000605 1.001268 1.001268 1.001268
4370 40.000605 40.000605 40.000605 1.001268 1.001268 1.001268
4380 40.000605 40.000605 40.000605 1.001268 1.001268 1.001268
4390 40.000605 40.000605 40.000605 1.001268 1.001268 1.001268
4400 40.000605 40.000605 40.000605 1.001268 1.001268 1.001268
4410 40.000605 40.000605 40.000605 1.001268 1.001268 1.001268
4420 40.000605 40.000605 40.000605 1.001268 1.001268 1.001268
4430 40.000605 40.000605 40.000605 1.001268 1.001268 1.001268
4440 40.000605 40.000605 40.000605 1.001268 1.001268 1.001268
4450 40.000605 40.000605 40.000605 1.001268 1.001268 1.001268
4460 40.000605 40.000605 40.000605 1.001268 1.001268 1.001268
4470 40.000605 40.000605 40.000605 1.001268 1.001268 1.001268
4480 40.000605 40.000605 40.000605 1.001268 1.001268 1.001268
4490 40.000605 40.000605 40.000605 1.001268 1.001268 1.001268
4500 40.000605 40.000605 40.000605 1.001268 1.001268 1.001268
4510 40.000605 40.000605 40.000605 1.001268 1.001268 1.001268
4520 40.000605 40.000605 40.000605 1.001268 1.001268 1.001268
4530 40.000605 40.000605 40.000605 1.001268 1.001268 1.001268
4540 40.000605 40.000605 40.000605 1.001268 1.001268 1.001268
4550 40.000605 40.000605 40.000605 1.001268 1.001268 1.001268
4560 40.000605 40.000605 40.000605 1.001268 1.001268 1.001268
4570 40.000605 40.000605 40.000605 1.001268 1.001268 1.001268
4580 40.000605 40.000605 40.000605 1.001268 1.001268 1.001268
4590 40.000605 40.000605 40.000605 1.001268 1.001268 1.001268
4600 40.000605 40.000605 40.000605 1.001268 1.001268 1.001268
4610 40.000605 40.000605 40.000605 1.001268 1.001268 1.001268
4620 40.000605 40.000605 40.000605 1.001268 1.001268 1.001268
4630 40.000605 40.000605 40.000605 1.001268 1.001268 1.001268
4640 40.000605 40.000605 40.000605 1.001268 1.001268 1.001268
4650 40.000605 40.000605 40.000605 1.001268 1.001268 1.001268
4660 40.000605 40.000605 40.000605 1.001268 1.001268 1.001268
4670 40.000605 40.000605 40.000605 1.001268 1.001268 1.001268
4680 40.000605 40.000605 40.000605 1.001268 1.001268 1.001268
4690 40.000605 40.000605 40.000605 1.001268 1.001268 1.001268
4700 40.000605 40.000605 40.000605 1.001268 1.001268 1.001268
4710 40.000605 40.000605 40.000605 1.001268 1.001268 1.001268
4720 40.000605 40.000605 40.000605 1.001268 1.001268 1.001268
4730 40.000605 40.000605 40.000605 1.001268 1.001268 1.001268
4740 40.000605 40.000605 40.000605 1.001268 1.001268 1.001268
4750 40.000605 40.000605 40.000605 1.001268 1.001268 1.001268
4760 40.000605 40.000605 40.000605 1.001268 1.001268 1.001268
4770 40.000605 40.000605 40.000605 1.001268 1.001268 1.001268
4780 40.000605 40.000605 40.000605 1.001268 1.001268 1.001268
4790 40.000605 40.000605 40.000605 1.001268 1.001268 1.001268
4800 40.000605 40.000605 40.000605 1.001268 1.001268 1.001268
4810 40.000605 40.000605 40.000605 1.001268 1.001268 1.001268
4820 40.000605 40.000605 40.000605 1.001268 1.001268 1.001268
4830 40.000605 40.000605 40.000605 1.001268 1.001268 1.001268
4840 40.000605 40.000605 40.000605 1.001268 1.001268 1.001268
4850 40.000605 40.000605 40.000605 1.001268 1.001268 1.001268
4860 40.000605 40.000605 40.000605 1.001268 1.001268 1.001268
4870 40.000605 40.000605 40.000605 1.001268 1.001268 1.001268
4880 40.000605 40.000605 40.000605 1.001268 1.001268 1.001268
4890 40.000605 40.000605 40.000605 1.001268 1.001268 1.001268
4900 40.000605 40.000605 40.000605 1.001268 1.001268 1.001268
4910 40.000605 40.000605 40.000605 1.001268 1.001268 1.001268
4920 40.000605 40.000605 40.000605 1.001268 1.001268 1.001268
4930 40.000605 40.000605 40.000605 1.001268 1.001268 1.001268
4940 40.000605 40.000605 40.000605 1.001268 1.001268 1.001268
4950 40.000605 40.000605 40.000605 1.001268 1.001268 1.001268
4960 40.000605 40.000605 40.000605 1.001268 1.001268 1.001268
4970 40.000605 40.000605 40.000605 1.001268 1.001268 1.001268
4980 40.000605 40.000605 40.000605 1.001268 1.001268 1.001268
4990 40.000605 40.000605 40.000605 1.001268 1.001268 1.001268
5000 40.000605 40.000605 40.000605 1.001268 1.001268 1.001268
5010 40.000605 40.000605 40.000605 1.001268 1.001268 1.001268
5020 40.000605 40.000605 40.000605 1.001268 1.001268 1.001268
5030 40.000605 40.000605 40.000605 1.001268 1.001268 1.001268
5040 40.000605 40.000605 40.000605 1.001268 1.001268 1.001268
5050 40.000605 40.000605 40.000605 1.001268 1.001268 1.001268
5060 40.000605 40.000605 40.000605 1.001268 1.001268 1.001268
5070 40.000605 40.000605 40.000605 1.001268 1.001268 1.001268
5080 40.000605 40.000605 40.000605 1.001268 1.001268 1.001268
5090 40.000605 40.000605 40.000605 1.001268 1.001268 1.001268
5100 40.000605 40.000605 40.000605 1.001268 1.001268 1.001268
5110 40.000605 40.000605 40.000605 1.001268 1.001268 1.001268
5120 40.000605 40.000605 40.000605 1.001268 1.001268 1.001268
5130 40.000605 40.000605 40.000605 1.001268 1.001268 1.001268
5140 40.000605 40.000605 40.000605 1.001268 1.001268 1.001268
5150 40.000605 40.000605 40.000605 1.001268 1.001268 1.001268
5160 40.000605 40.000605 40.000605 1.001268 1.001268 1.001268
5170 40.000605 40.000605 40.000605 1.001268 1.001268 1.001268
5180 40.000605 40.000605 40.000605 1.001268 1.001268 1.001268
5190 40.000605 40.000605 40.000605 1.001268 1.001268 1.001268
5200 40.000605 40.000605 40.000605 1.001268 1.001268 1.001268
5210 40.000605 40.000605 40.000605 1.001268 1.001268 1.001268
5220 40.000605 40.000605 40.000605 1.001268 1.001268 1.001268
5230 40.000605 40.000605 40.000605 1.001268 1.001268 1.001268
5240 40.000605 40.000605 40.000605 1.001268 1.001268 1.001268
5250 40.000605 40.000605 40.000605 1.001268 1.001268 1.001268
5260 40.000605 40.000605 40.000605 1.001268 1.001268 1.001268
5270 40.000605 40.000605 40.000605 1.001268 1.001268 1.001268
5280 40.000605 40.000605 40.000605 1.001268 1.001268 1.001268
5290 40.000605 40.000605 40.000605 1.001268 1.001268 1.001268
5300 40.000605 40.000605 40.000605 1.001268 1.001268 1.001268
5310 40.000605 40.000605 40.000605 1.001268 1.001268 1.001268
5320 40.000605 40.000605 40.000605 1.001268 1.001268 1.001268
5330 40.000605 40.000605 40.000605 1.001268 1.001268 1.001268
5340 40.000605 40.000605 40.000605 1.001268 1.001268 1.001268
5350 40.000605 40.000605 40.000605 1.001268 1.001268 1.001268
5360 40.000605 40.000605 40.000605 1.001268 1.001268 1.001268
5370 40.000605 40.000605 40.000605 1.001268 1.001268 1.001268
5380 40.000605 40.000605 40.000605 1.001268 1.001268 1.001268
5390 40.000605 40.000605 40.000605 1.001268 1.001268 1.001268
5400 40.000605 40.000605 40.000605 1.001268 1.001268 1.001268
5410 40.000605 40.000605 40.000605 1.001268 1.001268 1.001268
5420 40.000605 40.000605 40.000605 1.001268 1.001268 1.001268
5430 40.000605 40.000605 40.000605 1.001268 1.001268 1.001268
5440 40.000605 40.000605 40.000605 1.001268 1.001268 1.001268
5450 40.000605 40.000605 40.000605 1.001268 1.001268 1.001268
5460 40.000605 40.000605 40.000605 1.001268 1.001268 1.001268
5470 40.000605 40.000605 40.000605 1.001268 1.001268 1.001268
5480 40.000605 40.000605 40.000605 1.001268 1.001268 1.001268
5490 40.000605 40.000605 40.000605 1.001268 1.001268 1.001268
5500 40.000605 40.000605 40.000605 1.001268 1.001268 1.001268
5510 40.000605 40.000605 40.000605 1.001268 1.001268 1.001268
5520 40.000605 40.000605 40.000605 1.001268 1.001268 1.001268
5530 40.000605 40.000605 40.000605 1.001268 1.001268 1.001268
5540 40.000605 40.000605 40.000605 1.001268 1.001268 1.001268
5550 40.000605 40.000605 40.000605 1.001268 1.001268 1.001268
5560 40.000605 40.000605 40.000605 1.001268 1.001268 1.001268
5570 40.000605 40.000605 40.000605 1.001268 1.001268 1.001268
5580 40.000605 40.000605 40.000605 1.001268 1.001268 1.001268
5590 40.000605 40.000605 40.000605 1.001268 1.001268 1.001268
5600 40.000605 40.000605 40.000605 1.001268 1.001268 1.001268
5610 40.000605 40.000605 40.000605 1.001268 1.001268 1.001268
5620 40.000605 40.000605 40.000605 1.001268 1.001268 1.001268
5630 40.000605 40.000605 40.000605 1.001268 1.001268 1.001268
5640 40.000605 40.000605 40.000605 1.001268 1.001268 1.001268
5650 40.000605 40.000605 40.000605 1.001268 1.001268 1.001268
5660 40.000605 40.000605 40.000605 1.001268 1.001268 1.001268
5670 40.000605 40.000605 40.000605 1.001268 1.001268 1.001268
5680 40.000605 40.000605 40.000605 1.001268 1.001268 1.001268
5690 40.000605 40.000605 40.000605 1.001268 1.001268 1.001268
5700 40.000605 40.000605 40.000605 1.001268 1.001268 1.001268
5710 40.000605 40.000605 40.000605 1.001268 1.001268 1.001268
5720 40.000605 40.000605 40.000605 1.001268 1.001268 1.001268
5730 40.000605 40.000605 40.000605 1.001268 1.001268 1.001268
5740 40.000605 40.000605 40.000605 1.001268 1.001268 1.001268
5750 40.000605 40.000605 40.000605 1.001268 1.001268 1.001268
5760 40.000605 40.000605 40.000605 1.001268 1.001268 1.001268
5770 40.000605 40.000605 40.000605 1.001268 1.001268 1.001268
5780 40.000605 40.000605 40.000605 1.001268 1.001268 1.001268
5790 40.000605 40.000605 40.000605 1.001268 1.001268 1.001268
5800 40.000605 40.000605 40.000605 1.001268 1.001268 1.001268
5810 40.000605 40.000605 40.000605 1.001268 1.001268 1.001268
5820 40.000605 40.000605 40.000605 1.001268 1.001268 1.001268
5830 40.000605 40.000605 40.000605 1.001268 1.001268 1.001268
5840 40.000605 40.000605 40.000605 1.001268 1.001268 1.001268
5850 40.000605 40.000605 40.000605 1.001268 1.001268 1.001268
5860 40.000605 40.000605 40.000605 1.001268 1.001268 1.001268
5870 40.000605 40.000605 40.000605 1.001268 1.001268 1.001268
5880 40.000605 40.000605 40.000605 1.001268 1.001268 1.001268
5890 40.000605 40.000605 40.000605 1.001268 1.001268 1.001268
5900 40.000605 40.000605 40.000605 1.001268 1.001268 1.001268
5910 40.000605 40.000605 40.000605 1.001268 1.001268 1.001268
5920 40.000605 40.000605 40.000605 1.001268 1.001268 1.001268
5930 40.000605 40.000605 40.000605 1.001268 1.001268 1.001268
5940 40.000605 40.000605 40.000605 1.001268 1.001268 1.001268
5950 40.000605 40.000605 40.000605 1.001268 1.001268 1.001268
5960 40.000605 40.000605 40.000605 1.001268 1.001268 1.001268
5970 40.000605 40.000605 40.000605 1.001268 1.001268 1.001268
5980 40.000605 40.000605 40.000605 1.001268 1.001268 1.001268
5990 40.000605 40.000605 40.000605 1.001268 1.001268 1.001268
6000 40.000605 40.000605 40.000605 1.001268 1.001268 1.001268
6010 40.000605 40.000605 40.000605 1.001268 1.001268 1.001268
6020 40.000605 40.000605 40.000605 1.001268 1.001268 1.001268
6030 40.000605 40.000605 40.000605 1.001268 1.001268 1.001268
6040 40.000605 40.000605 40.000605 1.001268 1.001268 1.001268
6050 40.000605 40.000605 40.000605 1.001268 1.001268 1.001268
6060 40.000605 40.000605 40.000605 1.001268 1.001268 1.001268
6070 40.000605 40.000605 40.000605 1.001268 1.001268 1.001268
6080 40.000605 40.000605 40.000605 1.001268 1.001268 1.001268
6090 40.000605 40.000605 40.000605 1.001268 1.001268 1.001268
6100 40.000605 40.000605 40.000605 1.001268 1.001268 1.001268
6110 40.000605 40.000605 40.000605 1.001268 1.001268 1.001268
6120 40.000605 40.000605 40.000605 1.001268 1.001268 1.001268
6130 40.000605 40.000605 40.000605 1.001268 1.001268 1.001268
6140 40.000605 40.000605 40.000605 1.001268 1.001268 1.001268
6150 40.000605 40.000605 40.000605 1.001268 1.001268 1.001268
6160 40.000605 40.000605 40.000605 1.001268 1.001268 1.001268
6170 40.000605 40.000605 40.000605 1.001268 1.001268 1.001268
6180 40.000605 40.000605 40.000605 1.001268 1.001268 1.001268
6190 40.000605 40.000605 40.000605 1.001268 1.001268 1.001268
6200 40.000605 40.000605 40.000605 1.001268 1.001268 1.001268
6210 40.000605 40.000605 40.000605 1.001268 1.001268 1.001268
6220 40.000605 40.000605 40.000605 1.001268 1.001268 1.001268
6230 40.000605 40.000605 40.000605 1.001268 1.001268 1.001268
6240 40.000605 40.000605 40.000605 1.001268 1.001268 1.001268
6250 40.000605 40.000605 40.000605 1.001268 1.001268 1.001268
6260 40.000605 40.000605 40.000605 1.001268 1.001268 1.001268
6270 40.000605 40.000605 40.000605 1.001268 1.001268 1.001268
6280 40.000605 40.000605 40.000605 1.001268 1.001268 1.001268
6290 40.000605 40.000605 40.000605 1.001268 1.001268 1.001268
6300 40.000605 40.000605 40.000605 1.001268 1.001268 1.001268
6310 40.000605 40.000605 40.000605 1.001268 1.001268 1.001268
6320 40.000605 40.000605 40.000605 1.001268 1.001268 1.001268
6330 40.000605 40.000605 40.000605 1.001268 1.001268 1.001268
6340 40.000605 40.000605 40.000605 1.001268 1.001268 1.001268
6350 40.000605 40.000605 40.000605 1.001268 1.001268 1.001268
6360 40.000605 40.000605 40.000605 1.001268 1.001268 1.001268
6370 40.000605 40.000605 40.000605 1.001268 1.001268 1.001268
6380 40.000605 40.000605 40.000605 1.001268 1.001268 1.001268
6390 40.000605 40.000605 40.000605 1.001268 1.001268 1.001268
6400 40.000605 40.000605 40.000605 1.001268 1.001268 1.001268
6410 40.000605 40.000605 40.000605 1.001268 1.001268 1.001268
6420 40.000605 40.000605 40.000605 1.001268 1.001268 1.001268
6430 40.000605 40.000605 40.000605 1.001268 1.001268 1.001268
6440 40.000605 40.000605 40.000605 1.001268 1.001268 1.001268
6450 40.000605 40.000605 40.000605 1.001268 1.001268 1.001268
6460 40.000605 40.000605 40.000605 1.001268 1.001268 1.001268
6470 40.000605 40.000605 40.000605 1.001268 1.001268 1.001268
6480 40.000605 40.000605 40.000605 1.001268 1.001268 1.001268
6490 40.000605 40.000605 40.000605 1.001268 1.001268 1.001268
6500 40.000605 40.000605 40.000605 1.001268 1.001268 1.001268
6510 40.000605 40.000605 40.000605 1.001268 1.001268 1.001268
6520 40.000605 40.000605 40.000605 1.001268 1.001268 1.001268
6530 40.000605 40.000605 40.000605 1.001268 1.001268 1.001268
6540 40.000605 40.000605 40.000605 1.001268 1.001268 1.001268
6550 40.000605 40.000605 40.000605 1.001268 1.001268 1.001268
6560 40.000605 40.000605 40.000605 1.001268 1.001268 1.001268
6570 40.000605 40.000605 40.000605 1.001268 1.001268 1.001268
6580 40.000605 40.000605 40.000605 1.001268 1.001268 1.001268
6590 40.000605 40.000605 40.000605 1.001268 1.001268 1.001268
6600 40.000605 40.000605 40.000605 1.001268 1.001268 1.001268
6610 40.000605 40.000605 40.000605 1.001268 1.001268 1.001268
6620 40.000605 40.000605 40.000605 1.001268 1.001268 1.001268
6630 40.000605 40.000605 40.000605 1.001268 1.001268 1.001268
6640 40.000605 40.000605 40.000605 1.001268 1.001268 1.001268
6650 40.000605 40.000605 40.000605 1.001268 1.001268 1.001268
6660 40.000605 40.000605 40.000605 1.001268 1.001268 1.001268
6670 40.000605 40.000605 40.000605 1.001268 1.001268 1.001268
6680 40.000605 40.000605 40.000605 1.001268 1.001268 1.001268
6690 40.000605 40.000605 40.000605 1.001268 1.001268 1.001268
6700 40.000605 40.000605 40.000605 1.001268 1.001268 1.001268
6710 40.000605 40.000605 40.000605 1.001268 1.001268 1.001268
6720 40.000605 40.000605 40.000605 1.001268 1.001268 1.001268
6730 40.000605 40.000605 40.000605 1.001268 1.001268 1.001268
6740 40.000605 40.000605 40.000605 1.001268 1.001268 1.001268
6750 40.000605 40.000605 40.000605 1.001268 1.001268 1.001268
6760 40.000605 40.000605 40.000605 1.001268 1.001268 1.001268
6770 40.000605 40.000605 40.000605 1.001268 1.001268 1.001268
6780 40.000605 40.000605 40.000605 1.001268 1.001268 1.001268
6790 40.000605 40.000605 40.000605 1.001268 1.001268 1.001268
6800 40.000605 40.000605 40.000605 1.001268 1.001268 1.001268
6810 40.000605 40.000605 40.000605 1.001268 1.001268 1.001268
6820 40.000605 40.000605 40.000605 1.001268 1.001268 1.001268
6830 40.000605 40.000605 40.000605 1.001268 1.001268 1.001268
6840 40.000605 40.000605 40.000605 1.001268 1.001268 1.001268
6850 40.000605 40.000605 40.000605 1.001268 1.001268 1.001268
6860 40.000605 40.000605 40.000605 1.001268 1.001268 1.001268
6870 40.000605 40.000605 40.000605 1.001268 1.001268 1.001268
6880 40.000605 40.000605 40.000605 1.001268 1.001268 1.001268
6890 40.000605 40.000605 40.000605 1.001268 1.001268 1.001268
6900 40.000605 40.000605 40.000605 1.001268 1.001268 1.001268
6910 40.000605 40.000605 40.000605 1.001268 1.001268 1.001268
6920 40.000605 40.000605 40.000605 1.001268 1.001268 1.001268
6930 40.000605 40.000605 40.000605 1.001268 1.001268 1.001268
6940 40.000605 40.000605 40.000605 1.001268 1.001268 1.001268
6950 40.000605 40.000605 40.000605 1.001268 1.001268 1.001268
6960 40.000605 40.000605 40.000605 1.001268 1.001268 1.001268
6970 40.000605 40.000605 40.000605 1.001268 1.001268 1.001268
6980 40.000605 40.000605 40.000605 1.001268 1.001268 1.001268
6990 40.000605 40.000605 40.000605 1.001268 1.001268 1.001268
7000 40.000605 40.000605 40.000605 1.001268 1.001268 1.001268
7010 40.000605 40.000605 40.000605 1.001268 1.001268 1.001268
7020 40.000605 40.000605 40.000605 1.001268 1.001268 1.001268
7030 40.000605 40.000605 40.000605 1.001268 1.001268 1.001268
7040 40.000605 40.000605 40.000605 1.001268 1.001268 1.001268
7050 40.000605 40.000605 40.000605 1.001268 1.001268 1.001268
7060 40.000605 40.000605 40.000605 1.001268 1.001268 1.001268
7070 40.000605 40.000605 40.000605 1.001268 1.001268 1.001268
7080 40.000605 40.000605 40.000605 1.001268 1.001268 1.001268
7090 40.000605 40.000605 40.000605 1.001268 1.001268 1.001268
7100 40.000605 40.000605 40.000605 1.001268 1.001268 1.001268
7110 40.000605 40.000605 40.000605 1.001268 1.001268 1.001268
7120 40.000605 40.000605 40.000605 1.001268 1.001268 1.001268
7130 40.000605 40.000605 40.000605 1.001268 1.001268 1.001268
7140 40.000605 40.000605 40.000605 1.001268 1.001268 1.001268
7150 40.000605 40.000605 40.000605 1.001268 1.001268 1.001268
7160 40.000605 40.000605 40.000605 1.001268 1.001268 1.001268
7170 40.000605 40.000605 40.000605 1.001268 1.001268 1.001268
7180 40.000605 40.000605 40.000605 1.001268 1.001268 1.001268
7190 40.000605 40.000605 40.000605 1.001268 1.001268 1.001268
7200 40.000605 40.000605 40.000605 1.001268 1.001268 1.001268
7210 40.000605 40.000605 40.000605 1.001268 1.001268 1.001268
7220 40.000605 40.000605 40.000605 1.001268 1.001268 1.001268
7230 40.000605 40.000605 40.000605 1.001268 1.001268 1.001268
7240 40.000605 40.000605 40.000605 1.001268 1.001268 1.001268
7250 40.000605 40.000605 40.000605 1.001268 1.001268 1.001268
7260 40.000605 40.000605 40.000605 1.001268 1.001268 1.001268
7270 40.000605 40.000605 40.000605 1.001268 1.001268 1.001268
7280 40.000605 40.000605 40.000605 1.001268 1.001268 1.001268
7290 40.000605 40.000605 40.000605 1.001268 1.001268 1.001268
7300 40.000605 40.000605 40.000605 1.001268 1.001268 1.001268
7310 40.000605 40.000605 40.000605 1.001268 1.001268 1.001268
7320 40.000605 40.000605 40.000605 1.001268 1.001268 1.001268
7330 40.000605 40.000605 40.000605 1.001268 1.001268 1.001268
7340 40.000605 40.000605 40.000605 1.001268 1.001268 1.001268
7350 40.000605 40.000605 40.000605 1.001268 1.001268 1.001268
7360 40.000605 40.000605 40.000605 1.001268 1.001268 1.001268
7370 40.000605 40.000605 40.000605 1.001268 1.001268 1.001268
7380 40.000605 40.000605 40.000605 1.001268 1.001268 1.001268
7390 40.000605 40.000605 40.000605 1.001268 1.001268 1.001268
7400 40.000605 40.000605 40.000605 1.001268 1.001268 1.001268
7410 40.000605 40.000605 40.000605 1.001268 1.001268 1.001268
7420 40.000605 40.000605 40.000605 1.001268 1.001268 1.001268
7430 40.000605 40.000605 40.000605 1.001268 1.001268 1.001268
7440 40.000605 40.000605 40.000605 1.001268 1.001268 1.001268
7450 40.000605 40.000605 40.000605 1.001268 1.001268 1.001268
7460 40.000605 40.000605 40.000605 1.001268 1.001268 1.001268
7470 40.000605 40.000605 40.000605 1.001268 1.001268 1.001268
7480 40.000605 40.000605 40.000605 1.001268 1.001268 1.001268
7490 40.000605 40.000605 40.000605 1.001268 1.001268 1.001268
7500 40.000605 40.000605 40.000605 1.001268 1.001268 1.001268
7510 40.000605 40.000605 40.000605 1.001268 1.001268 1.001268
7520 40.000605 40.000605 40.000605 1.001268 1.001268 1.001268
7530 40.000605 40.000605 40.000605 1.001268 1.001268 1.001268
7540 40.000605 40.000605 40.000605 1.001268 1.001268 1.001268
7550 40.000605 40.000605 40.000605 1.001268 1.001268 1.001268
7560 40.000605 40.000605 40.000605 1.001268 1.001268 1.001268
7570 40.000605 40.000605 40.000605 1.001268 1.001268 1.001268
7580 40.000605 40.000605 40.000605 1.001268 1.001268 1.001268
7590 40.000605 40.000605 40.000605 1.001268 1.001268 1.001268
7600 40.000605 40.000605 40.000605 1.001268 1.001268 1.001268
7610 40.000605 40.000605 40.000605 1.001268 1.001268 1.001268
7620 40.000605 40.000605 40.000605 1.001268 1.001268 1.001268
7630 40.000605 40.000605 40.000605 1.001268 1.001268 1.001268
7640 40.000605 40.000605 40.000605 1.001268 1.001268 1.001268
7650 40.000605 40.000605 40.000605 1.001268 1.001268 1.001268
7660 40.000605 40.000605 40.000605 1.001268 1.001268 1.001268
7670 40.000605 40.000605 40.000605 1.001268 1.001268 1.001268
7680 40.000605 40.000605 40.000605 1.001268 1.001268 1.001268
7690 40.000605 40.000605 40.000605 1.001268 1.001268 1.001268
7700 40.000605 40.000605 40.000605 1.001268 1.001268 1.001268
7710 40.000605 40.000605 40.000605 1.001268 1.001268 1.001268
7720 40.000605 40.000605 40.000605 1.001268 1.001268 1.001268
7730 40.000605 40.000605 40.000605 1.001268 1.001268 1.001268
7740 40.000605 40.000605 40.000605 1.001268 1.001268 1.001268
7750 40.000605 40.000605 40.000605 1.001268 1.001268 1.001268
7760 40.000605 40.000605 40.000605 1.001268 1.001268 1.001268
7770 40.000605 40.000605 40.000605 1.001268 1.001268 1.001268
7780 40.000605 40.000605 40.000605 1.001268 1.001268 1.001268
7790 40.000605 40.000605 40.000605 1.001268 1.001268 1.001268
7800 40.000605 40.000605 40.000605 1.001268 1.001268 1.001268
7810 40.000605 40.000605 40.000605 1.001268 1.001268 1.001268
7820 40.000605 40.000605 40.000605 1.001268 1.001268 1.001268
7830 40.000605 40.000605 40.000605 1.001268 1.001268 1.001268
7840 40.000605 40.000605 40.000605 1.001268 1.001268 1.001268
7850 40.000605 40.000605 40.000605 1.001268 1.001268 1.001268
7860 40.000605 40.000605 40.000605 1.001268 1.001268 1.001268
7870 40.000605 40.000605 40.000605 1.001268 1.001268 1.001268
7880 40.000605 40.000605 40.000605 1.001268 1.001268 1.001268
7890 40.000605 40.000605 40.000605 1.001268 1.001268 1.001268
7900 40.000605 40.000605 40.000605 1.001268 1.001268 1.001268
7910 40.000605 40.000605 40.000605 1.001268 1.001268 1.001268
7920 40.000605 40.000605 40.000605 1.001268 1.001268 1.001268
7930 40.000605 40.000605 40.000605 1.001268 1.001268 1.001268
7940 40.000605 40.000605 40.000605 1.001268 1.001268 1.001268
7950 40.000605 40.000605 40.000605 1.001268 1.001268 1.001268
7960 40.000605 40.000605 40.000605 1.001268 1.001268 1.001268
7970 40.000605 40.000605 40.000605 1.001268 1.001268 1.001268
7980 40.000605 40.000605 40.000605 1.001268 1.001268 1.001268
7990 40.000605 40.000605 40.000605 1.001268 1.001268 1.001268
8000 40.000605 40.000605 40.000605 1.001268 1.001268 1.001268
8010 40.000605 40.000605 40.000605 1.001268 1.001268 1.001268
8020 40.000605 40.000605 40.000605 1.001268 1.001268 1.001268
8030 40.000605 40.000605 40.000605 1.001268 1.001268 1.001268
8040 40.000605 40.000605 40.000605 1.001268 1.001268 1.001268
8050 40.000605 40.000605 40.000605 1.001268 1.001268 1.001268
8060 40.000605 40.000605 40.000605 1.001268 1.001268 1.001268
8070 40.000605 40.000605 40.000605 1.001268 1.001268 1.001268
8080 40.000605 40.000605 40.000605 1.001268 1.001268 1.001268
8090 40.000605 40.000605 40.000605 1.001268 1.001268 1.001268
8100 40.000605 40.000605 40.000605 1.001268 1.001268 1.001268
8110 40.000605 40.000605 40.000605 1.001268 1.001268 1.001268
8120 40.000605 40.000605 40.000605 1.001268 1.001268 1.001268
8130 40.000605 40.000605 40.000605 1.001268 1.001268 1.001268
8140 40.000605 40.000605 40.000605 1.001268 1.001268 1.001268
8150 40.000605 40.000605 40.000605 1.001268 1.001268 1.001268
8160 40.000605 40.000605 40.000605 1.001268 1.001268 1.001268
8170 40.000605 40.000605 40.000605 1.001268 1.001268 1.001268
8180 40.000605 40.000605 40.000605 1.001268 1.001268 1.001268
8190 40.000605 40.000605 40.000605 1.001268 1.001268 1.001268
8200 40.000605 40.000605 40.000605 1.001268 1.001268 1.001268
8210 40.000605 40.000605 40.000605 1.001268 1.001268 1.001268
8220 40.000605 40.000605 40.000605 1.001268 1.001268 1.001268
8230 40.000605 40.000605 40.000605 1.001268 1.001268 1.001268
8240 40.000605 40.000605 40.000605 1.001268 1.001268 1.001268
8250 40.000605 40.000605 40.000605 1.001268 1.001268 1.001268
8260 40.000605 40.000605 40.000605 1.001268 1.001268 1.001268
8270 40.000605 40.000605 40.000605 1.001268 1.001268 1.001268
8280 40.000605 40.000605 40.000605 1.001268 1.001268 1.001268
8290 40.000605 40.000605 40.000605 1.001268 1.001268 1.001268
8300 40.000605 40.000605 40.000605 1.001268 1.001268 1.001268
8310 40.000605 40.000605 40.000605 1.001268 1.001268 1.001268
8320 40.000605 40.000605 40.000605 1.001268 1.001268 1.001268
8330 40.000605 40.000605 40.000605 1.001268 1.001268 1.001268
8340 40.000605 40.000605 40.000605 1.001268 1.001268 1.001268
8350 40.000605 40.000605 40.000605 1.001268 1.001268 1.001268
8360 40.000605 40.000605 40.000605 1.001268 1.001268 1.001268
8370 40.000605 40.000605 40.000605 1.001268 1.001268 1.001268
8380 40.000605 40.000605 40.000605 1.001268 1.001268 1.001268
8390 40.000605 40.000605 40.000605 1.001268 1.001268 1.001268
8400 40.000605 40.000605 40.000605 1.001268 1.001268 1.001268
8410 40.000605 40.000605 40.000605 1.001268 1.001268 1.001268
8420 40.000605 40.000605 40.000605 1.001268 1.001268 1.001268
8430 40.000605 40.000605 40.000605 1.001268 1.001268 1.001268
8440 40.000605 40.000605 40.000605 1.001268 1.001268 1.001268
8450 40.000605 40.000605 40.000605 1.001268 1.001268 1.001268
8460 40.000605 40.000605 40.000605 1.001268 1.001268 1.001268
8470 40.000605 40.000605 40.000605 1.001268 1.001268 1.001268
8480 40.000605 40.000605 40.000605 1.001268 1.001268 1.001268
8490 40.000605 40.000605 40.000605 1.001268 1.001268 1.001268
8500 40.000605 40.000605 40.000605 1.001268 1.001268 1.001268
8510 40.000605 40.000605 40.000605 1.001268 1.001268 1.001268
8520 40.000605 40.000605 40.000605 1.001268 1.001268 1.001268
8530 40.000605 40.000605 40.000605 1.001268 1.001268 1.001268
8540 40.000605 40.000605 40.000605 1.001268 1.001268 1.001268
8550 40.000605 40.000605 40.000605 1.001268 1.001268 1.001268
8560 40.000605 40.000605 40.000605 1.001268 1.001268 1.001268
8570 40.000605 40.000605 40.000605 1.001268 1.001268 1.001268
8580 40.000605 40.000605 40.000605 1.001268 1.001268 1.001268
8590 40.000605 40.000605 40.000605 1.001268 1.001268 1.001268
8600 40.000605 40.000605 40.000605 1.001268 1.001268 1.001268
8610 40.000605 40.000605 40.000605 1.001268 1.001268 1.001268
8620 40.000605 40.000605 40.000605 1.001268 1.001268 1.001268
8630 40.000605 40.000605 40.000605 1.001268 1.001268 1.001268
8640 40.000605 40.000605 40.000605 1.001268 1.001268 1.001268
8650 40.000605 40.000605 40.000605 1.001268 1.001268 1.001268
8660 40.000605 40.000605 40.000605 1.001268 1.001268 1.001268
8670 40.000605 40.000605 40.000605 1.001268 1.001268 1.001268
8680 40.000605 40.000605 40.000605 1.001268 1.001268 1.001268
8690 40.000605 40.000605 40.000605 1.001268 1.001268 1.001268
8700 40.000605 40.000605 40.000605 1.001268 1.001268 1.001268
8710 40.000605 40.000605 40.000605 1.001268 1.001268 1.001268
8720 40.000605 40.000605 40.000605 1.001268 1.001268 1.001268
8730 40.000605 40.000605 40.000605 1.001268 1.001268 1.001268
8740 40.000605 40.000605 40.000605 1.001268 1.001268 1.001268
8750 40.000605 40.000605 40.000605 1.001268 1.001268 1.001268
8760 40.000605 40.000605 40.000605 1.001268 1.001268 1.001268
8770 40.000605 40.000605 40.000605 1.001268 1.001268 1.001268
8780 40.000605 40.000605 40.000605 1.001268 1.001268 1.001268
8790 40.000605 40.000605 40.000605 1.001268 1.001268 1.001268
8800 40.000605 40.000605 40.000605 1.001268 1.001268 1.001268
8810 40.000605 40.000605 40.000605 1.001268 1.001268 1.001268
8820 40.000605 40.000605 40.000605 1.001268 1.001268 1.001268
8830 40.000605 40.000605 40.000605 1.001268 1.001268 1.001268
8840 40.000605 40.000605 40.000605 1.001268 1.001268 1.001268
8850 40.000605 40.000605 40.000605 1.001268 1.001268 1.001268
8860 40.000605 40.000605 40.000605 1.001268 1.001268 1.001268
8870 40.000605 40.000605 40.000605 1.001268 1.001268 1.001268
8880 40.000605 40.000605 40.000605 1.001268 1.001268 1.001268
8890 40.000605 40.000605 40.000605 1.001268 1.001268 1.001268
8900 40.000605 40.000605 40.000605 1.001268 1.001268 1.001268
8910 40.000605 40.000605 40.000605 1.001268 1.001268 1.001268
8920 40.000605 40.000605 40.000605 1.001268 1.001268 1.001268
8930 40.000605 40.000605 40.000605 1.001268 1.001268 1.001268
8940 40.000605 40.000605 40.000605 1.001268 1.001268 1.001268
8950 40.000605 40.000605 40.000605 1.001268 1.001268 1.001268
8960 40.000605 40.000605 40.000605 1.001268 1.001268 1.001268
8970 40.000605 40.000605 40.000605 1.001268 1.001268 1.001268
8980 40.000605 40.000605 40.000605 1.001268 1.001268 1.001268
8990 40.000605 40.000605 40.000605 1.001268 1.001268 1.001268
9000 40.000605 40.000605 40.000605 1.001268 1.001268 1.001268
9010 40.000605 40.000605 40.000605 1.001268 1.001268 1.001268
9020 40.000605 40.000605 40.000605 1.001268 1.001268 1.001268
9030 40.000605 40.000605 40.000605 1.001268 1.001268 1.001268
9040 40.000605 40.000605 40.000605 1.001268 1.001268 1.001268
9050 40.000605 40.000605 40.000605 1.001268 1.001268 1.001268
9060 40.000605 40.000605 40.000605 1.001268 1.001268 1.001268
9070 40.000605 40.000605 40.000605 1.001268 1.001268 1.001268
9080 40.000605 40.000605 40.000605 1.001268 1.001268 1.001268
9090 40.000605 40.000605 40.000605 1.001268 1.001268 1.001268
9100 40.000605 40.000605 40.000605 1.001268 1.001268 1.001268
9110 40.000605 40.000605 40.000605 1.001268 1.001268 1.001268
9120 40.000605 40.000605 40.000605 1.001268 1.001268 1.001268
9130 40.000605 40.000605 40.000605 1.001268 1.001268 1.001268
9140 40.000605 40.000605 40.000605 1.001268 1.001268 1.001268
9150 40.000605 40.000605 40.000605 1.001268 1.001268 1.001268
9160 40.000605 40.000605 40.000605 1.001268 1.001268 1.001268
9170 40.000605 40.000605 40.000605 1.001268 1.001268 1.001268
9180 40.000605 40.000605 40.000605 1.001268 1.001268 1.001268
9190 40.000605 40.000605 40.000605 1.001268 1.001268 1.001268
9200 40.000605 40.000605 40.000605 1.001268 1.001268 1.001268
9210 40.000605 40.000605 40.000605 1.001268 1.001268 1.001268
9220 40.000605 40.000605 40.000605 1.001268 1.001268 1.001268
9230 40.000605 40.000605 40.000605 1.001268 1.001268 1.001268
9240 40.000605 40.000605 40.000605 1.001268 1.001268 1.001268
9250 40.000605 40.000605 40.000605 1.001268 1.001268 1.001268
9260 40.000605 40.000605 40.000605 1.001268 1.001268 1.001268
9270 40.000605 40.000605 40.000605 1.001268 1.001268 1.001268
9280 40.000605 40.000605 40.000605 1.001268 1.001268 1.001268
9290 40.000605 40.000605 40.000605 1.001268 1.001268 1.001268
9300 40.000605 40.000605 40.000605 1.001268 1.001268 1.001268
9310 40.000605 40.000605 40.000605 1.001268 1.001268 1.001268
9320 40.000605 40.000605 40.000605 1.001268 1.001268 1.001268
9330 40.000605 40.000605 40.000605 1.001268 1.001268 1.001268
9340 40.000605 40.000605 40.000605 1.001268 1.001268 1.001268
9350 40.000605 40.000605 40.000605 1.001268 1.001268 1.001268
9360 40.000605 40.000605 40.000605 1.001268 1.001268 1.001268
9370 40.000605 40.000605 40.000605 1.001268 1.001268 1.001268
9380 40.000605 40.000605 40.000605 1.001268 1.001268 1.001268
9390 40.000605 40.000605 40.000605 1.001268 1.001268 1.001268
9400 40.000605 40.000605 40.000605 1.001268 1.001268 1.001268
9410 40.000605 40.000605 40.000605 1.001268 1.001268 1.001268
9420 40.000605 40.000605 40.000605 1.001268 1.001268 1.001268
9430 40.000605 40.000605 40.000605 1.001268 1.001268 1.001268
9440 40.000605 40.000605 40.000605 1.001268 1.001268 1.001268
9450 40.000605 40.000605 40.000605 1.001268 1.001268 1.001268
9460 40.000605 40.000605 40.000605 1.001268 1.001268 1.001268
9470 40.000605 40.000605 40.000605 1.001268 1.001268 1.001268
9480 40.000605 40.000605 40.000605 1.001268 1.001268 1.001268
9490 40.000605 40.000605 40.000605 1.001268 1.001268 1.001268
9500 40.000605 40.000605 40.000605 1.001268 1.001268 1.001268
9510 40.000605 40.000605 40.000605 1.001268 1.001268 1.001268
9520 40.000605 40.000605 40.000605 1.001268 1.001268 1.001268
9530 40.000605 40.000605 40.000605 1.001268 1.001268 1.001268
9540 40.000605 40.000605 40.000605 1.001268 1.001268 1.001268
9550 40.000605 40.000605 40.000605 1.001268 1.001268 1.001268
9560 40.000605 40.000605 40.000605 1.001268 1.001268 1.001268
9570 40.000605 40.000605 40.000605 1.001268 1.001268 1.001268
9580 40.000605 40.000605 40.000605 1.001268 1.001268 1.001268
9590 40.000605 40.000605 40.000605 1.001268 1.001268 1.001268
9600 40.000605 40.000605 40.000605 1.001268 1.001268 1.001268
9610 40.000605 40.000605 40.000605 1.001268 1.001268 1.001268
9620 40.000605 40.000605 40.000605 1.001268 1.001268 1.001268
9630 40.000605 40.000605 40.000605 1.001268 1.001268 1.001268
9640 40.000605 40.000605 40.000605 1.001268 1.001268 1.001268
9650 40.000605 40.000605 40.000605 1.001268 1.001268 1.001268
9660 40.000605 40.000605 40.000605 1.001268 1.001268 1.001268
9670 40.000605 40.000605 40.000605 1.001268 1.001268 1.001268
9680 40.000605 40.000605 40.000605 1.001268 1.001268 1.001268
9690 40.000605 40.000605 40.000605 1.001268 1.001268 1.001268
9700 40.000605 40.000605 40.000605 1.001268 1.001268 1.001268
9710 40.000605 40.000605 40.000605 1.001268 1.001268 1.001268
9720 40.000605 40.000605 40.000605 1.001268 1.001268 1.001268
9730 40.000605 40.000605 40.000605 1.001268 1.001268 1.001268
9740 40.000605 40.000605 40.000605 1.001268 1.001268 1.001268
9750 40.000605 40.000605 40.000605 1.001268 1.001268 1.001268
9760 40.000605 40.000605 40.000605 1.001268 1.001268 1.001268
9770 40.000605 40.000605 40.000605 1.001268 1.001268 1.001268
9780 40.000605 40.000605 40.000605 1.001268 1.001268 1.001268
9790 40.000605 40.000605 40.000605 1.001268 1.001268 1.001268
9800 40.000605 40.000605 40.000605 1.001268 1.001268 1.001268
9810 40.000605 40.000605 40.000605 1.001268 1.001268 1.001268
9820 40.000605 40.000605 40.000605 1.001268 1.001268 1.001268
9830 40.000605 40.000605 40.000605 1.001268 1.001268 1.001268
9840 40.000605 40.000605 40.000605 1.001268 1.001268 1.001268
9850 40.000605 40.000605 40.000605 1.001268 1.001268 1.001268
9860 40.000605 40.000605 40.000605 1.001268 1.001268 1.001268
9870 40.000605 40.000605 40.000605 1.001268 1.001268 1.001268
9880 40.000605 40.000605 40.000605 1.001268 1.001268 1.001268
9890 40.000605 40.000605 40.000605 1.001268 1.001268 1.001268
9900 40.000605 40.000605 40.000605 1.001268 1.001268 1.001268
9910 40.000605 40.000605 40.000605 1.001268 1.001268 1.001268
9920 40.000605 40.000605 40.000605 1.001268 1.001268 1.001268
9930 40.000605 40.000605 40.000605 1.001268 1.001268 1.001268
9940 40.000605 40.000605 40.000605 1.001268 1.001268 1.001268
9950 40.000605 40.000605 40.000605 1.001268 1.001268 1.001268
9960 40.000605 40.000605 40.000605 1.001268 1.001268 1.001268
9970 40.000605 40.000605 40.000605 1.001268 1.001268 1.001268
9980 40.000605 40.000605 40.000605 1.001268 1.001268 1.001268
9990 40.000605 40.000605 40.000605 1.001268 1.001268 1.001268
10000 40.000605 40.000605 40.000605 1.001268 1.001268 1.001268
