# generation power_min power_avg power_max util_min util_avg util_max
1 54.404376 54.404376 54.404376 1.444557 1.485398 1.499773
10 54.937518 54.937518 54.937518 1.224808 1.477717 1.499773
20 54.937518 54.937518 54.937518 1.224808 1.467551 1.499773
30 55.305663 55.305663 55.305663 1.072437 1.446732 1.499302
40 55.305663 31.589523 55.305663 0.740815 1.425472 1.499302
50 55.305663 31.589523 55.305663 0.740815 1.406615 1.495028
60 55.644599 34.953513 55.644599 0.740815 1.377997 1.494471
70 56.538221 34.953513 56.538221 0.740815 1.353973 1.494471
80 56.538221 39.842467 56.538221 0.740815 1.325183 1.494471
90 56.538221 37.510881 56.538221 0.740815 1.296479 1.494471
100 56.538221 37.780975 56.538221 0.740815 1.262388 1.494471
110 56.538221 38.915947 56.538221 0.740815 1.227760 1.494471
120 56.538221 40.539152 56.538221 0.740815 1.200372 1.494471
130 56.538221 39.533141 56.538221 0.740815 1.166708 1.491990
140 56.538221 40.396830 56.538221 0.685060 1.133278 1.490748
150 56.538221 40.642118 56.538221 0.685060 1.108963 1.490748
160 56.538221 40.349202 56.538221 0.685060 1.077277 1.490748
170 52.478566 38.843043 52.478566 0.612458 1.044058 1.490748
180 52.478566 38.644688 52.478566 0.612458 1.006351 1.470029
190 52.478566 37.824844 52.478566 0.612458 0.979069 1.470029
200 52.478566 37.170880 52.478566 0.612458 0.951444 1.470029
210 50.091288 36.562759 50.091288 0.612458 0.932647 1.470029
220 49.455561 35.406405 49.455561 0.612458 0.913130 1.470029
230 47.322804 34.022909 47.322804 0.612458 0.897893 1.470029
240 45.587173 32.783910 45.587173 0.612458 0.887521 1.470029
250 43.297330 31.563124 43.297330 0.612458 0.876207 1.288134
260 38.317503 30.239518 38.317503 0.612458 0.871291 1.197461
270 34.384988 29.393891 34.384988 0.612458 0.883338 1.197461
280 26.683747 28.876558 32.536480 0.612458 0.881835 1.134708
290 26.683747 28.509261 30.782174 0.625857 0.892668 1.005117
300 26.683747 28.267347 29.833491 0.678910 0.899612 0.995297
310 26.683747 28.065812 29.159891 0.757846 0.903799 0.995297
320 26.438791 27.888344 28.768568 0.757846 0.908533 0.995297
330 26.438791 27.754157 28.590516 0.757846 0.906361 0.995297
340 26.438791 27.617103 28.450474 0.772551 0.912525 0.997554
350 26.244776 27.455485 28.305052 0.772551 0.913967 0.997554
360 28.134696 27.325096 28.134696 0.772551 0.919088 1.007608
370 28.013990 27.157574 28.013990 0.772551 0.922315 1.007640
380 27.806490 27.012842 27.806490 0.838269 0.927927 1.007640
390 27.637811 26.854003 27.637811 0.842189 0.934035 1.007640
400 27.552075 26.708278 27.552075 0.842189 0.942453 1.008079
410 27.352648 26.584410 27.352648 0.842189 0.948553 1.008079
420 27.182022 26.430967 27.182022 0.842189 0.957580 1.008079
430 26.959798 26.301244 26.959798 0.842189 0.965289 1.008079
440 26.774051 26.186917 26.774051 0.842189 0.971362 1.008079
450 26.683747 26.069805 26.683747 0.870056 0.978660 1.008079
460 25.250700 25.953029 26.503660 0.902277 0.983815 1.008079
470 25.250700 25.827972 26.306927 0.914417 0.989940 1.008079
480 25.250700 25.775281 26.165853 0.914417 0.989659 1.008079
490 25.250700 25.715468 26.046337 0.914417 0.990287 1.008079
500 25.191198 25.645199 25.981990 0.935766 0.991334 1.008079
510 25.184534 25.582239 25.941600 0.939934 0.992279 1.008079
520 25.163456 25.501944 25.868747 0.942933 0.993450 1.008079
530 25.048421 25.443977 25.741181 0.953029 0.994244 1.005619
540 25.048421 25.389325 25.667804 0.953029 0.994408 1.005619
550 25.048421 25.321156 25.632770 0.956052 0.995997 1.005498
560 25.048421 25.283953 25.599584 0.956052 0.996339 1.005498
570 25.509347 25.255875 25.509347 0.956052 0.996812 1.007002
580 25.468652 25.217931 25.468652 0.956052 0.996773 1.007002
590 25.396334 25.185823 25.396334 0.956052 0.997340 1.007002
600 25.381004 25.169846 25.381004 0.956052 0.997027 1.007002
610 25.302591 25.144347 25.302591 0.981524 0.997865 1.007002
620 25.250700 25.128525 25.250700 0.992136 0.998105 1.007002
630 25.250700 25.107324 25.250700 0.992136 0.998128 1.007002
640 25.191198 25.083442 25.191198 0.992136 0.998224 1.007002
650 25.184534 25.068679 25.184534 0.992136 0.998202 1.007002
660 25.180694 25.050518 25.180694 0.992136 0.998313 1.007002
670 25.137594 25.033345 25.137594 0.992136 0.998541 1.001598
680 25.052261 25.028965 25.052261 0.992136 0.998532 1.001464
690 25.052261 25.024683 25.052261 0.992136 0.998744 1.001464
700 25.052261 25.013498 25.052261 0.992136 0.998844 1.001464
710 25.052261 25.005989 25.052261 0.992136 0.999000 1.001464
720 25.052261 24.993043 25.052261 0.992136 0.999253 1.001464
730 24.774152 24.971329 25.048421 0.992136 0.999611 1.001464
740 24.774152 24.944853 25.031293 0.992136 1.000107 1.001464
750 24.774152 24.921780 24.953247 0.992136 1.000426 1.001464
760 24.774152 24.882044 24.953247 0.992136 1.000549 1.001464
770 24.774152 24.853907 24.894157 0.994405 1.000532 1.001464
780 24.774152 24.849254 24.894157 0.994405 1.000414 1.001464
790 24.774152 24.843889 24.894157 0.994405 1.000322 1.001464
800 24.774152 24.839240 24.894157 0.994405 1.000229 1.001464
810 24.774152 24.828392 24.894057 0.994405 1.000078 1.001464
820 24.774152 24.830749 24.894057 0.994405 1.000045 1.001464
830 24.774152 24.819668 24.894057 0.994405 0.999827 1.001464
840 24.774152 24.811820 24.894057 0.994405 0.999625 1.001464
850 24.774152 24.804496 24.894057 0.994405 0.999350 1.001464
860 24.774152 24.786928 24.873166 0.994405 0.999458 1.001464
870 24.774152 24.775900 24.795143 0.994405 0.999229 1.001464
880 24.774152 24.775602 24.795143 0.994405 0.998831 1.001464
890 24.774152 24.775348 24.795143 0.994405 0.998352 1.001464
900 24.774152 24.775185 24.795043 0.994405 0.997958 1.000718
910 24.774152 24.775061 24.795043 0.994405 0.997594 1.000718
920 24.774152 24.774954 24.795043 0.994405 0.997190 1.000718
930 24.774152 24.774870 24.795043 0.994405 0.996786 1.000718
940 24.774152 24.774152 24.774152 0.996675 0.996675 0.996675
950 24.774152 24.774152 24.774152 0.996675 0.996675 0.996675
960 24.774152 24.774152 24.774152 0.996675 0.996675 0.996675
970 24.774152 24.774152 24.774152 0.996675 0.996675 0.996675
980 24.774152 24.774152 24.774152 0.996675 0.996675 0.996675
990 24.774152 24.774152 24.774152 0.996675 0.996675 0.996675
1000 24.774152 24.774152 24.774152 0.996675 0.996675 0.996675
1010 24.774152 24.774152 24.774152 0.996675 0.996675 0.996675
1020 24.774152 24.774152 24.774152 0.996675 0.996675 0.996675
1030 24.774152 24.774152 24.774152 0.996675 0.996675 0.996675
1040 24.774152 24.774152 24.774152 0.996675 0.996675 0.996675
1050 24.774152 24.774152 24.774152 0.996675 0.996675 0.996675
1060 24.774152 24.774152 24.774152 0.996675 0.996675 0.996675
1070 24.774152 24.774152 24.774152 0.996675 0.996675 0.996675
1080 24.774152 24.774152 24.774152 0.996675 0.996675 0.996675
1090 24.774152 24.774152 24.774152 0.996675 0.996675 0.996675
1100 24.774152 24.774152 24.774152 0.996675 0.996675 0.996675
1110 24.774152 24.774152 24.774152 0.996675 0.996675 0.996675
1120 24.774152 24.774152 24.774152 0.996675 0.996675 0.996675
1130 24.774152 24.774152 24.774152 0.996675 0.996675 0.996675
1140 24.774152 24.774152 24.774152 0.996675 0.996675 0.996675
1150 24.774152 24.774152 24.774152 0.996675 0.996675 0.996675
1160 24.774152 24.774152 24.774152 0.996675 0.996675 0.996675
1170 24.774152 24.774152 24.774152 0.996675 0.996675 0.996675
1180 24.774152 24.774152 24.774152 0.996675 0.996675 0.996675
1190 24.774152 24.774152 24.774152 0.996675 0.996675 0.996675
1200 24.774152 24.774152 24.774152 0.996675 0.996675 0.996675
1210 24.774152 24.774152 24.774152 0.996675 0.996675 0.996675
1220 24.774152 24.774152 24.774152 0.996675 0.996675 0.996675
1230 24.774152 24.774152 24.774152 0.996675 0.996675 0.996675
1240 24.774152 24.774152 24.774152 0.996675 0.996675 0.996675
1250 24.774152 24.774152 24.774152 0.996675 0.996675 0.996675
1260 24.774152 24.774152 24.774152 0.996675 0.996675 0.996675
1270 24.774152 24.774152 24.774152 0.996675 0.996675 0.996675
1280 24.774152 24.774152 24.774152 0.996675 0.996675 0.996675
1290 24.774152 24.774152 24.774152 0.996675 0.996675 0.996675
1300 24.774152 24.774152 24.774152 0.996675 0.996675 0.996675
1310 24.774152 24.774152 24.774152 0.996675 0.996675 0.996675
1320 24.774152 24.774152 24.774152 0.996675 0.996675 0.996675
1330 24.774152 24.774152 24.774152 0.996675 0.996675 0.996675
1340 24.774152 24.774152 24.774152 0.996675 0.996675 0.996675
1350 24.774152 24.774152 24.774152 0.996675 0.996675 0.996675
1360 24.774152 24.774152 24.774152 0.996675 0.996675 0.996675
1370 24.774152 24.774152 24.774152 0.996675 0.996675 0.996675
1380 24.774152 24.774152 24.774152 0.996675 0.996675 0.996675
1390 24.774152 24.774152 24.774152 0.996675 0.996675 0.996675
1400 24.774152 24.774152 24.774152 0.996675 0.996675 0.996675
1410 24.774152 24.774152 24.774152 0.996675 0.996675 0.996675
1420 24.774152 24.774152 24.774152 0.996675 0.996675 0.996675
1430 24.774152 24.774152 24.774152 0.996675 0.996675 0.996675
1440 24.774152 24.774152 24.774152 0.996675 0.996675 0.996675
1450 24.774152 24.774152 24.774152 0.996675 0.996675 0.996675
1460 24.774152 24.774152 24.774152 0.996675 0.996675 0.996675
1470 24.774152 24.774152 24.774152 0.996675 0.996675 0.996675
1480 24.774152 24.774152 24.774152 0.996675 0.996675 0.996675
1490 24.774152 24.774152 24.774152 0.996675 0.996675 0.996675
1500 24.774152 24.774152 24.774152 0.996675 0.996675 0.996675
1510 24.774152 24.774152 24.774152 0.996675 0.996675 0.996675
1520 24.774152 24.774152 24.774152 0.996675 0.996675 0.996675
1530 24.774152 24.774152 24.774152 0.996675 0.996675 0.996675
1540 24.774152 24.774152 24.774152 0.996675 0.996675 0.996675
1550 24.774152 24.774152 24.774152 0.996675 0.996675 0.996675
1560 24.774152 24.774152 24.774152 0.996675 0.996675 0.996675
1570 24.774152 24.774152 24.774152 0.996675 0.996675 0.996675
1580 24.774152 24.774152 24.774152 0.996675 0.996675 0.996675
1590 24.774152 24.774152 24.774152 0.996675 0.996675 0.996675
1600 24.774152 24.774152 24.774152 0.996675 0.996675 0.996675
1610 24.774152 24.774152 24.774152 0.996675 0.996675 0.996675
1620 24.774152 24.774152 24.774152 0.996675 0.996675 0.996675
1630 24.774152 24.774152 24.774152 0.996675 0.996675 0.996675
1640 24.774152 24.774152 24.774152 0.996675 0.996675 0.996675
1650 24.774152 24.774152 24.774152 0.996675 0.996675 0.996675
1660 24.774152 24.774152 24.774152 0.996675 0.996675 0.996675
1670 24.774152 24.774152 24.774152 0.996675 0.996675 0.996675
1680 24.774152 24.774152 24.774152 0.996675 0.996675 0.996675
1690 24.774152 24.774152 24.774152 0.996675 0.996675 0.996675
1700 24.774152 24.774152 24.774152 0.996675 0.996675 0.996675
1710 24.774152 24.774152 24.774152 0.996675 0.996675 0.996675
1720 24.774152 24.774152 24.774152 0.996675 0.996675 0.996675
1730 24.774152 24.774152 24.774152 0.996675 0.996675 0.996675
1740 24.774152 24.774152 24.774152 0.996675 0.996675 0.996675
1750 24.774152 24.774152 24.774152 0.996675 0.996675 0.996675
1760 24.774152 24.774152 24.774152 0.996675 0.996675 0.996675
1770 24.774152 24.774152 24.774152 0.996675 0.996675 0.996675
1780 24.774152 24.774152 24.774152 0.996675 0.996675 0.996675
1790 24.774152 24.774152 24.774152 0.996675 0.996675 0.996675
1800 24.774152 24.774152 24.774152 0.996675 0.996675 0.996675
1810 24.774152 24.774152 24.774152 0.996675 0.996675 0.996675
1820 24.774152 24.774152 24.774152 0.996675 0.996675 0.996675
1830 24.774152 24.774152 24.774152 0.996675 0.996675 0.996675
1840 24.774152 24.774152 24.774152 0.996675 0.996675 0.996675
1850 24.774152 24.774152 24.774152 0.996675 0.996675 0.996675
1860 24.774152 24.774152 24.774152 0.996675 0.996675 0.996675
1870 24.774152 24.774152 24.774152 0.996675 0.996675 0.996675
1880 24.774152 24.774152 24.774152 0.996675 0.996675 0.996675
1890 24.774152 24.774152 24.774152 0.996675 0.996675 0.996675
1900 24.774152 24.774152 24.774152 0.996675 0.996675 0.996675
1910 24.774152 24.774152 24.774152 0.996675 0.996675 0.996675
1920 24.774152 24.774152 24.774152 0.996675 0.996675 0.996675
1930 24.774152 24.774152 24.774152 0.996675 0.996675 0.996675
1940 24.774152 24.774152 24.774152 0.996675 0.996675 0.996675
1950 24.774152 24.774152 24.774152 0.996675 0.996675 0.996675
1960 24.774152 24.774152 24.774152 0.996675 0.996675 0.996675
1970 24.774152 24.774152 24.774152 0.996675 0.996675 0.996675
1980 24.774152 24.774152 24.774152 0.996675 0.996675 0.996675
1990 24.774152 24.774152 24.774152 0.996675 0.996675 0.996675
2000 24.774152 24.774152 24.774152 0.996675 0.996675 0.996675
2010 24.774152 24.774152 24.774152 0.996675 0.996675 0.996675
2020 24.774152 24.774152 24.774152 0.996675 0.996675 0.996675
2030 24.774152 24.774152 24.774152 0.996675 0.996675 0.996675
2040 24.774152 24.774152 24.774152 0.996675 0.996675 0.996675
2050 24.774152 24.774152 24.774152 0.996675 0.996675 0.996675
2060 24.774152 24.774152 24.774152 0.996675 0.996675 0.996675
2070 24.774152 24.774152 24.774152 0.996675 0.996675 0.996675
2080 24.774152 24.774152 24.774152 0.996675 0.996675 0.996675
2090 24.774152 24.774152 24.774152 0.996675 0.996675 0.996675
2100 24.774152 24.774152 24.774152 0.996675 0.996675 0.996675
2110 24.774152 24.774152 24.774152 0.996675 0.996675 0.996675
2120 24.774152 24.774152 24.774152 0.996675 0.996675 0.996675
2130 24.774152 24.774152 24.774152 0.996675 0.996675 0.996675
2140 24.774152 24.774152 24.774152 0.996675 0.996675 0.996675
2150 24.774152 24.774152 24.774152 0.996675 0.996675 0.996675
2160 24.774152 24.774152 24.774152 0.996675 0.996675 0.996675
2170 24.774152 24.774152 24.774152 0.996675 0.996675 0.996675
2180 24.774152 24.774152 24.774152 0.996675 0.996675 0.996675
2190 24.774152 24.774152 24.774152 0.996675 0.996675 0.996675
2200 24.774152 24.774152 24.774152 0.996675 0.996675 0.996675
2210 24.774152 24.774152 24.774152 0.996675 0.996675 0.996675
2220 24.774152 24.774152 24.774152 0.996675 0.996675 0.996675
2230 24.774152 24.774152 24.774152 0.996675 0.996675 0.996675
2240 24.774152 24.774152 24.774152 0.996675 0.996675 0.996675
2250 24.774152 24.774152 24.774152 0.996675 0.996675 0.996675
2260 24.774152 24.774152 24.774152 0.996675 0.996675 0.996675
2270 24.774152 24.774152 24.774152 0.996675 0.996675 0.996675
2280 24.774152 24.774152 24.774152 0.996675 0.996675 0.996675
2290 24.774152 24.774152 24.774152 0.996675 0.996675 0.996675
2300 24.774152 24.774152 24.774152 0.996675 0.996675 0.996675
2310 24.774152 24.774152 24.774152 0.996675 0.996675 0.996675
2320 24.774152 24.774152 24.774152 0.996675 0.996675 0.996675
2330 24.774152 24.774152 24.774152 0.996675 0.996675 0.996675
2340 24.774152 24.774152 24.774152 0.996675 0.996675 0.996675
2350 24.774152 24.774152 24.774152 0.996675 0.996675 0.996675
2360 24.774152 24.774152 24.774152 0.996675 0.996675 0.996675
2370 24.774152 24.774152 24.774152 0.996675 0.996675 0.996675
2380 24.774152 24.774152 24.774152 0.996675 0.996675 0.996675
2390 24.774152 24.774152 24.774152 0.996675 0.996675 0.996675
2400 24.774152 24.774152 24.774152 0.996675 0.996675 0.996675
2410 24.774152 24.774152 24.774152 0.996675 0.996675 0.996675
2420 24.774152 24.774152 24.774152 0.996675 0.996675 0.996675
2430 24.774152 24.774152 24.774152 0.996675 0.996675 0.996675
2440 24.774152 24.774152 24.774152 0.996675 0.996675 0.996675
2450 24.774152 24.774152 24.774152 0.996675 0.996675 0.996675
2460 24.774152 24.774152 24.774152 0.996675 0.996675 0.996675
2470 24.774152 24.774152 24.774152 0.996675 0.996675 0.996675
2480 24.774152 24.774152 24.774152 0.996675 0.996675 0.996675
2490 24.774152 24.774152 24.774152 0.996675 0.996675 0.996675
2500 24.774152 24.774152 24.774152 0.996675 0.996675 0.996675
2510 24.774152 24.774152 24.774152 0.996675 0.996675 0.996675
2520 24.774152 24.774152 24.774152 0.996675 0.996675 0.996675
2530 24.774152 24.774152 24.774152 0.996675 0.996675 0.996675
2540 24.774152 24.774152 24.774152 0.996675 0.996675 0.996675
2550 24.774152 24.774152 24.774152 0.996675 0.996675 0.996675
2560 24.774152 24.774152 24.774152 0.996675 0.996675 0.996675
2570 24.774152 24.774152 24.774152 0.996675 0.996675 0.996675
2580 24.774152 24.774152 24.774152 0.996675 0.996675 0.996675
2590 24.774152 24.774152 24.774152 0.996675 0.996675 0.996675
2600 24.774152 24.774152 24.774152 0.996675 0.996675 0.996675
2610 24.774152 24.774152 24.774152 0.996675 0.996675 0.996675
2620 24.774152 24.774152 24.774152 0.996675 0.996675 0.996675
2630 24.774152 24.774152 24.774152 0.996675 0.996675 0.996675
2640 24.774152 24.774152 24.774152 0.996675 0.996675 0.996675
2650 24.774152 24.774152 24.774152 0.996675 0.996675 0.996675
2660 24.774152 24.774152 24.774152 0.996675 0.996675 0.996675
2670 24.774152 24.774152 24.774152 0.996675 0.996675 0.996675
2680 24.774152 24.774152 24.774152 0.996675 0.996675 0.996675
2690 24.774152 24.774152 24.774152 0.996675 0.996675 0.996675
2700 24.774152 24.774152 24.774152 0.996675 0.996675 0.996675
2710 24.774152 24.774152 24.774152 0.996675 0.996675 0.996675
2720 24.774152 24.774152 24.774152 0.996675 0.996675 0.996675
2730 24.774152 24.774152 24.774152 0.996675 0.996675 0.996675
2740 24.774152 24.774152 24.774152 0.996675 0.996675 0.996675
2750 24.774152 24.774152 24.774152 0.996675 0.996675 0.996675
2760 24.774152 24.774152 24.774152 0.996675 0.996675 0.996675
2770 24.774152 24.774152 24.774152 0.996675 0.996675 0.996675
2780 24.774152 24.774152 24.774152 0.996675 0.996675 0.996675
2790 24.774152 24.774152 24.774152 0.996675 0.996675 0.996675
2800 24.774152 24.774152 24.774152 0.996675 0.996675 0.996675
2810 24.774152 24.774152 24.774152 0.996675 0.996675 0.996675
2820 24.774152 24.774152 24.774152 0.996675 0.996675 0.996675
2830 24.774152 24.774152 24.774152 0.996675 0.996675 0.996675
2840 24.774152 24.774152 24.774152 0.996675 0.996675 0.996675
2850 24.774152 24.774152 24.774152 0.996675 0.996675 0.996675
2860 24.774152 24.774152 24.774152 0.996675 0.996675 0.996675
2870 24.774152 24.774152 24.774152 0.996675 0.996675 0.996675
2880 24.774152 24.774152 24.774152 0.996675 0.996675 0.996675
2890 24.774152 24.774152 24.774152 0.996675 0.996675 0.996675
2900 24.774152 24.774152 24.774152 0.996675 0.996675 0.996675
2910 24.774152 24.774152 24.774152 0.996675 0.996675 0.996675
2920 24.774152 24.774152 24.774152 0.996675 0.996675 0.996675
2930 24.774152 24.774152 24.774152 0.996675 0.996675 0.996675
2940 24.774152 24.774152 24.774152 0.996675 0.996675 0.996675
2950 24.774152 24.774152 24.774152 0.996675 0.996675 0.996675
2960 24.774152 24.774152 24.774152 0.996675 0.996675 0.996675
2970 24.774152 24.774152 24.774152 0.996675 0.996675 0.996675
2980 24.774152 24.774152 24.774152 0.996675 0.996675 0.996675
2990 24.774152 24.774152 24.774152 0.996675 0.996675 0.996675
3000 24.774152 24.774152 24.774152 0.996675 0.996675 0.996675
3010 24.774152 24.774152 24.774152 0.996675 0.996675 0.996675
3020 24.774152 24.774152 24.774152 0.996675 0.996675 0.996675
3030 24.774152 24.774152 24.774152 0.996675 0.996675 0.996675
3040 24.774152 24.774152 24.774152 0.996675 0.996675 0.996675
3050 24.774152 24.774152 24.774152 0.996675 0.996675 0.996675
3060 24.774152 24.774152 24.774152 0.996675 0.996675 0.996675
3070 24.774152 24.774152 24.774152 0.996675 0.996675 0.996675
3080 24.774152 24.774152 24.774152 0.996675 0.996675 0.996675
3090 24.774152 24.774152 24.774152 0.996675 0.996675 0.996675
3100 24.774152 24.774152 24.774152 0.996675 0.996675 0.996675
3110 24.774152 24.774152 24.774152 0.996675 0.996675 0.996675
3120 24.774152 24.774152 24.774152 0.996675 0.996675 0.996675
3130 24.774152 24.774152 24.774152 0.996675 0.996675 0.996675
3140 24.774152 24.774152 24.774152 0.996675 0.996675 0.996675
3150 24.774152 24.774152 24.774152 0.996675 0.996675 0.996675
3160 24.774152 24.774152 24.774152 0.996675 0.996675 0.996675
3170 24.774152 24.774152 24.774152 0.996675 0.996675 0.996675
3180 24.774152 24.774152 24.774152 0.996675 0.996675 0.996675
3190 24.774152 24.774152 24.774152 0.996675 0.996675 0.996675
3200 24.774152 24.774152 24.774152 0.996675 0.996675 0.996675
3210 24.774152 24.774152 24.774152 0.996675 0.996675 0.996675
3220 24.774152 24.774152 24.774152 0.996675 0.996675 0.996675
3230 24.774152 24.774152 24.774152 0.996675 0.996675 0.996675
3240 24.774152 24.774152 24.774152 0.996675 0.996675 0.996675
3250 24.774152 24.774152 24.774152 0.996675 0.996675 0.996675
3260 24.774152 24.774152 24.774152 0.996675 0.996675 0.996675
3270 24.774152 24.774152 24.774152 0.996675 0.996675 0.996675
3280 24.774152 24.774152 24.774152 0.996675 0.996675 0.996675
3290 24.774152 24.774152 24.774152 0.996675 0.996675 0.996675
3300 24.774152 24.774152 24.774152 0.996675 0.996675 0.996675
3310 24.774152 24.774152 24.774152 0.996675 0.996675 0.996675
3320 24.774152 24.774152 24.774152 0.996675 0.996675 0.996675
3330 24.774152 24.774152 24.774152 0.996675 0.996675 0.996675
3340 24.774152 24.774152 24.774152 0.996675 0.996675 0.996675
3350 24.774152 24.774152 24.774152 0.996675 0.996675 0.996675
3360 24.774152 24.774152 24.774152 0.996675 0.996675 0.996675
3370 24.774152 24.774152 24.774152 0.996675 0.996675 0.996675
3380 24.774152 24.774152 24.774152 0.996675 0.996675 0.996675
3390 24.774152 24.774152 24.774152 0.996675 0.996675 0.996675
3400 24.774152 24.774152 24.774152 0.996675 0.996675 0.996675
3410 24.774152 24.774152 24.774152 0.996675 0.996675 0.996675
3420 24.774152 24.774152 24.774152 0.996675 0.996675 0.996675
3430 24.774152 24.774152 24.774152 0.996675 0.996675 0.996675
3440 24.774152 24.774152 24.774152 0.996675 0.996675 0.996675
3450 24.774152 24.774152 24.774152 0.996675 0.996675 0.996675
3460 24.774152 24.774152 24.774152 0.996675 0.996675 0.996675
3470 24.774152 24.774152 24.774152 0.996675 0.996675 0.996675
3480 24.774152 24.774152 24.774152 0.996675 0.996675 0.996675
3490 24.774152 24.774152 24.774152 0.996675 0.996675 0.996675
3500 24.774152 24.774152 24.774152 0.996675 0.996675 0.996675
3510 24.774152 24.774152 24.774152 0.996675 0.996675 0.996675
3520 24.774152 24.774152 24.774152 0.996675 0.996675 0.996675
3530 24.774152 24.774152 24.774152 0.996675 0.996675 0.996675
3540 24.774152 24.774152 24.774152 0.996675 0.996675 0.996675
3550 24.774152 24.774152 24.774152 0.996675 0.996675 0.996675
3560 24.774152 24.774152 24.774152 0.996675 0.996675 0.996675
3570 24.774152 24.774152 24.774152 0.996675 0.996675 0.996675
3580 24.774152 24.774152 24.774152 0.996675 0.996675 0.996675
3590 24.774152 24.774152 24.774152 0.996675 0.996675 0.996675
3600 24.774152 24.774152 24.774152 0.996675 0.996675 0.996675
3610 24.774152 24.774152 24.774152 0.996675 0.996675 0.996675
3620 24.774152 24.774152 24.774152 0.996675 0.996675 0.996675
3630 24.774152 24.774152 24.774152 0.996675 0.996675 0.996675
3640 24.774152 24.774152 24.774152 0.996675 0.996675 0.996675
3650 24.774152 24.774152 24.774152 0.996675 0.996675 0.996675
3660 24.774152 24.774152 24.774152 0.996675 0.996675 0.996675
3670 24.774152 24.774152 24.774152 0.996675 0.996675 0.996675
3680 24.774152 24.774152 24.774152 0.996675 0.996675 0.996675
3690 24.774152 24.774152 24.774152 0.996675 0.996675 0.996675
3700 24.774152 24.774152 24.774152 0.996675 0.996675 0.996675
3710 24.774152 24.774152 24.774152 0.996675 0.996675 0.996675
3720 24.774152 24.774152 24.774152 0.996675 0.996675 0.996675
3730 24.774152 24.774152 24.774152 0.996675 0.996675 0.996675
3740 24.774152 24.774152 24.774152 0.996675 0.996675 0.996675
3750 24.774152 24.774152 24.774152 0.996675 0.996675 0.996675
3760 24.774152 24.774152 24.774152 0.996675 0.996675 0.996675
3770 24.774152 24.774152 24.774152 0.996675 0.996675 0.996675
3780 24.774152 24.774152 24.774152 0.996675 0.996675 0.996675
3790 24.774152 24.774152 24.774152 0.996675 0.996675 0.996675
3800 24.774152 24.774152 24.774152 0.996675 0.996675 0.996675
3810 24.774152 24.774152 24.774152 0.996675 0.996675 0.996675
3820 24.774152 24.774152 24.774152 0.996675 0.996675 0.996675
3830 24.774152 24.774152 24.774152 0.996675 0.996675 0.996675
3840 24.774152 24.774152 24.774152 0.996675 0.996675 0.996675
3850 24.774152 24.774152 24.774152 0.996675 0.996675 0.996675
3860 24.774152 24.774152 24.774152 0.996675 0.996675 0.996675
3870 24.774152 24.774152 24.774152 0.996675 0.996675 0.996675
3880 24.774152 24.774152 24.774152 0.996675 0.996675 0.996675
3890 24.774152 24.774152 24.774152 0.996675 0.996675 0.996675
3900 24.774152 24.774152 24.774152 0.996675 0.996675 0.996675
3910 24.774152 24.774152 24.774152 0.996675 0.996675 0.996675
3920 24.774152 24.774152 24.774152 0.996675 0.996675 0.996675
3930 24.774152 24.774152 24.774152 0.996675 0.996675 0.996675
3940 24.774152 24.774152 24.774152 0.996675 0.996675 0.996675
3950 24.774152 24.774152 24.774152 0.996675 0.996675 0.996675
3960 24.774152 24.774152 24.774152 0.996675 0.996675 0.996675
3970 24.774152 24.774152 24.774152 0.996675 0.996675 0.996675
3980 24.774152 24.774152 24.774152 0.996675 0.996675 0.996675
3990 24.774152 24.774152 24.774152 0.996675 0.996675 0.996675
4000 24.774152 24.774152 24.774152 0.996675 0.996675 0.996675
4010 24.774152 24.774152 24.774152 0.996675 0.996675 0.996675
4020 24.774152 24.774152 24.774152 0.996675 0.996675 0.996675
4030 24.774152 24.774152 24.774152 0.996675 0.996675 0.996675
4040 24.774152 24.774152 24.774152 0.996675 0.996675 0.996675
4050 24.774152 24.774152 24.774152 0.996675 0.996675 0.996675
4060 24.774152 24.774152 24.774152 0.996675 0.996675 0.996675
4070 24.774152 24.774152 24.774152 0.996675 0.996675 0.996675
4080 24.774152 24.774152 24.774152 0.996675 0.996675 0.996675
4090 24.774152 24.774152 24.774152 0.996675 0.996675 0.996675
4100 24.774152 24.774152 24.774152 0.996675 0.996675 0.996675
4110 24.774152 24.774152 24.774152 0.996675 0.996675 0.996675
4120 24.774152 24.774152 24.774152 0.996675 0.996675 0.996675
4130 24.774152 24.774152 24.774152 0.996675 0.996675 0.996675
4140 24.774152 24.774152 24.774152 0.996675 0.996675 0.996675
4150 24.774152 24.774152 24.774152 0.996675 0.996675 0.996675
4160 24.774152 24.774152 24.774152 0.996675 0.996675 0.996675
4170 24.774152 24.774152 24.774152 0.996675 0.996675 0.996675
4180 24.774152 24.774152 24.774152 0.996675 0.996675 0.996675
4190 24.774152 24.774152 24.774152 0.996675 0.996675 0.996675
4200 24.774152 24.774152 24.774152 0.996675 0.996675 0.996675
4210 24.774152 24.774152 24.774152 0.996675 0.996675 0.996675
4220 24.774152 24.774152 24.774152 0.996675 0.996675 0.996675
4230 24.774152 24.774152 24.774152 0.996675 0.996675 0.996675
4240 24.774152 24.774152 24.774152 0.996675 0.996675 0.996675
4250 24.774152 24.774152 24.774152 0.996675 0.996675 0.996675
4260 24.774152 24.774152 24.774152 0.996675 0.996675 0.996675
4270 24.774152 24.774152 24.774152 0.996675 0.996675 0.996675
4280 24.774152 24.774152 24.774152 0.996675 0.996675 0.996675
4290 24.774152 24.774152 24.774152 0.996675 0.996675 0.996675
4300 24.774152 24.774152 24.774152 0.996675 0.996675 0.996675
4310 24.774152 24.774152 24.774152 0.996675 0.996675 0.996675
4320 24.774152 24.774152 24.774152 0.996675 0.996675 0.996675
4330 24.774152 24.774152 24.774152 0.996675 0.996675 0.996675
4340 24.774152 24.774152 24.774152 0.996675 0.996675 0.996675
4350 24.774152 24.774152 24.774152 0.996675 0.996675 0.996675
4360 24.774152 24.774152 24.774152 0.996675 0.996675 0.996675
4370 24.774152 24.774152 24.774152 0.996675 0.996675 0.996675
4380 24.774152 24.774152 24.774152 0.996675 0.996675 0.996675
4390 24.774152 24.774152 24.774152 0.996675 0.996675 0.996675
4400 24.774152 24.774152 24.774152 0.996675 0.996675 0.996675
4410 24.774152 24.774152 24.774152 0.996675 0.996675 0.996675
4420 24.774152 24.774152 24.774152 0.996675 0.996675 0.996675
4430 24.774152 24.774152 24.774152 0.996675 0.996675 0.996675
4440 24.774152 24.774152 24.774152 0.996675 0.996675 0.996675
4450 24.774152 24.774152 24.774152 0.996675 0.996675 0.996675
4460 24.774152 24.774152 24.774152 0.996675 0.996675 0.996675
4470 24.774152 24.774152 24.774152 0.996675 0.996675 0.996675
4480 24.774152 24.774152 24.774152 0.996675 0.996675 0.996675
4490 24.774152 24.774152 24.774152 0.996675 0.996675 0.996675
4500 24.774152 24.774152 24.774152 0.996675 0.996675 0.996675
4510 24.774152 24.774152 24.774152 0.996675 0.996675 0.996675
4520 24.774152 24.774152 24.774152 0.996675 0.996675 0.996675
4530 24.774152 24.774152 24.774152 0.996675 0.996675 0.996675
4540 24.774152 24.774152 24.774152 0.996675 0.996675 0.996675
4550 24.774152 24.774152 24.774152 0.996675 0.996675 0.996675
4560 24.774152 24.774152 24.774152 0.996675 0.996675 0.996675
4570 24.774152 24.774152 24.774152 0.996675 0.996675 0.996675
4580 24.774152 24.774152 24.774152 0.996675 0.996675 0.996675
4590 24.774152 24.774152 24.774152 0.996675 0.996675 0.996675
4600 24.774152 24.774152 24.774152 0.996675 0.996675 0.996675
4610 24.774152 24.774152 24.774152 0.996675 0.996675 0.996675
4620 24.774152 24.774152 24.774152 0.996675 0.996675 0.996675
4630 24.774152 24.774152 24.774152 0.996675 0.996675 0.996675
4640 24.774152 24.774152 24.774152 0.996675 0.996675 0.996675
4650 24.774152 24.774152 24.774152 0.996675 0.996675 0.996675
4660 24.774152 24.774152 24.774152 0.996675 0.996675 0.996675
4670 24.774152 24.774152 24.774152 0.996675 0.996675 0.996675
4680 24.774152 24.774152 24.774152 0.996675 0.996675 0.996675
4690 24.774152 24.774152 24.774152 0.996675 0.996675 0.996675
4700 24.774152 24.774152 24.774152 0.996675 0.996675 0.996675
4710 24.774152 24.774152 24.774152 0.996675 0.996675 0.996675
4720 24.774152 24.774152 24.774152 0.996675 0.996675 0.996675
4730 24.774152 24.774152 24.774152 0.996675 0.996675 0.996675
4740 24.774152 24.774152 24.774152 0.996675 0.996675 0.996675
4750 24.774152 24.774152 24.774152 0.996675 0.996675 0.996675
4760 24.774152 24.774152 24.774152 0.996675 0.996675 0.996675
4770 24.774152 24.774152 24.774152 0.996675 0.996675 0.996675
4780 24.774152 24.774152 24.774152 0.996675 0.996675 0.996675
4790 24.774152 24.774152 24.774152 0.996675 0.996675 0.996675
4800 24.774152 24.774152 24.774152 0.996675 0.996675 0.996675
4810 24.774152 24.774152 24.774152 0.996675 0.996675 0.996675
4820 24.774152 24.774152 24.774152 0.996675 0.996675 0.996675
4830 24.774152 24.774152 24.774152 0.996675 0.996675 0.996675
4840 24.774152 24.774152 24.774152 0.996675 0.996675 0.996675
4850 24.774152 24.774152 24.774152 0.996675 0.996675 0.996675
4860 24.774152 24.774152 24.774152 0.996675 0.996675 0.996675
4870 24.774152 24.774152 24.774152 0.996675 0.996675 0.996675
4880 24.774152 24.774152 24.774152 0.996675 0.996675 0.996675
4890 24.774152 24.774152 24.774152 0.996675 0.996675 0.996675
4900 24.774152 24.774152 24.774152 0.996675 0.996675 0.996675
4910 24.774152 24.774152 24.774152 0.996675 0.996675 0.996675
4920 24.774152 24.774152 24.774152 0.996675 0.996675 0.996675
4930 24.774152 24.774152 24.774152 0.996675 0.996675 0.996675
4940 24.774152 24.774152 24.774152 0.996675 0.996675 0.996675
4950 24.774152 24.774152 24.774152 0.996675 0.996675 0.996675
4960 24.774152 24.774152 24.774152 0.996675 0.996675 0.996675
4970 24.774152 24.774152 24.774152 0.996675 0.996675 0.996675
4980 24.774152 24.774152 24.774152 0.996675 0.996675 0.996675
4990 24.774152 24.774152 24.774152 0.996675 0.996675 0.996675
5000 24.774152 24.774152 24.774152 0.996675 0.996675 0.996675
5010 24.774152 24.774152 24.774152 0.996675 0.996675 0.996675
5020 24.774152 24.774152 24.774152 0.996675 0.996675 0.996675
5030 24.774152 24.774152 24.774152 0.996675 0.996675 0.996675
5040 24.774152 24.774152 24.774152 0.996675 0.996675 0.996675
5050 24.774152 24.774152 24.774152 0.996675 0.996675 0.996675
5060 24.774152 24.774152 24.774152 0.996675 0.996675 0.996675
5070 24.774152 24.774152 24.774152 0.996675 0.996675 0.996675
5080 24.774152 24.774152 24.774152 0.996675 0.996675 0.996675
5090 24.774152 24.774152 24.774152 0.996675 0.996675 0.996675
5100 24.774152 24.774152 24.774152 0.996675 0.996675 0.996675
5110 24.774152 24.774152 24.774152 0.996675 0.996675 0.996675
5120 24.774152 24.774152 24.774152 0.996675 0.996675 0.996675
5130 24.774152 24.774152 24.774152 0.996675 0.996675 0.996675
5140 24.774152 24.774152 24.774152 0.996675 0.996675 0.996675
5150 24.774152 24.774152 24.774152 0.996675 0.996675 0.996675
5160 24.774152 24.774152 24.774152 0.996675 0.996675 0.996675
5170 24.774152 24.774152 24.774152 0.996675 0.996675 0.996675
5180 24.774152 24.774152 24.774152 0.996675 0.996675 0.996675
5190 24.774152 24.774152 24.774152 0.996675 0.996675 0.996675
5200 24.774152 24.774152 24.774152 0.996675 0.996675 0.996675
5210 24.774152 24.774152 24.774152 0.996675 0.996675 0.996675
5220 24.774152 24.774152 24.774152 0.996675 0.996675 0.996675
5230 24.774152 24.774152 24.774152 0.996675 0.996675 0.996675
5240 24.774152 24.774152 24.774152 0.996675 0.996675 0.996675
5250 24.774152 24.774152 24.774152 0.996675 0.996675 0.996675
5260 24.774152 24.774152 24.774152 0.996675 0.996675 0.996675
5270 24.774152 24.774152 24.774152 0.996675 0.996675 0.996675
5280 24.774152 24.774152 24.774152 0.996675 0.996675 0.996675
5290 24.774152 24.774152 24.774152 0.996675 0.996675 0.996675
5300 24.774152 24.774152 24.774152 0.996675 0.996675 0.996675
5310 24.774152 24.774152 24.774152 0.996675 0.996675 0.996675
5320 24.774152 24.774152 24.774152 0.996675 0.996675 0.996675
5330 24.774152 24.774152 24.774152 0.996675 0.996675 0.996675
5340 24.774152 24.774152 24.774152 0.996675 0.996675 0.996675
5350 24.774152 24.774152 24.774152 0.996675 0.996675 0.996675
5360 24.774152 24.774152 24.774152 0.996675 0.996675 0.996675
5370 24.774152 24.774152 24.774152 0.996675 0.996675 0.996675
5380 24.774152 24.774152 24.774152 0.996675 0.996675 0.996675
5390 24.774152 24.774152 24.774152 0.996675 0.996675 0.996675
5400 24.774152 24.774152 24.774152 0.996675 0.996675 0.996675
5410 24.774152 24.774152 24.774152 0.996675 0.996675 0.996675
5420 24.774152 24.774152 24.774152 0.996675 0.996675 0.996675
5430 24.774152 24.774152 24.774152 0.996675 0.996675 0.996675
5440 24.774152 24.774152 24.774152 0.996675 0.996675 0.996675
5450 24.774152 24.774152 24.774152 0.996675 0.996675 0.996675
5460 24.774152 24.774152 24.774152 0.996675 0.996675 0.996675
5470 24.774152 24.774152 24.774152 0.996675 0.996675 0.996675
5480 24.774152 24.774152 24.774152 0.996675 0.996675 0.996675
5490 24.774152 24.774152 24.774152 0.996675 0.996675 0.996675
5500 24.774152 24.774152 24.774152 0.996675 0.996675 0.996675
5510 24.774152 24.774152 24.774152 0.996675 0.996675 0.996675
5520 24.774152 24.774152 24.774152 0.996675 0.996675 0.996675
5530 24.774152 24.774152 24.774152 0.996675 0.996675 0.996675
5540 24.774152 24.774152 24.774152 0.996675 0.996675 0.996675
5550 24.774152 24.774152 24.774152 0.996675 0.996675 0.996675
5560 24.774152 24.774152 24.774152 0.996675 0.996675 0.996675
5570 24.774152 24.774152 24.774152 0.996675 0.996675 0.996675
5580 24.774152 24.774152 24.774152 0.996675 0.996675 0.996675
5590 24.774152 24.774152 24.774152 0.996675 0.996675 0.996675
5600 24.774152 24.774152 24.774152 0.996675 0.996675 0.996675
5610 24.774152 24.774152 24.774152 0.996675 0.996675 0.996675
5620 24.774152 24.774152 24.774152 0.996675 0.996675 0.996675
5630 24.774152 24.774152 24.774152 0.996675 0.996675 0.996675
5640 24.774152 24.774152 24.774152 0.996675 0.996675 0.996675
5650 24.774152 24.774152 24.774152 0.996675 0.996675 0.996675
5660 24.774152 24.774152 24.774152 0.996675 0.996675 0.996675
5670 24.774152 24.774152 24.774152 0.996675 0.996675 0.996675
5680 24.774152 24.774152 24.774152 0.996675 0.996675 0.996675
5690 24.774152 24.774152 24.774152 0.996675 0.996675 0.996675
5700 24.774152 24.774152 24.774152 0.996675 0.996675 0.996675
5710 24.774152 24.774152 24.774152 0.996675 0.996675 0.996675
5720 24.774152 24.774152 24.774152 0.996675 0.996675 0.996675
5730 24.774152 24.774152 24.774152 0.996675 0.996675 0.996675
5740 24.774152 24.774152 24.774152 0.996675 0.996675 0.996675
5750 24.774152 24.774152 24.774152 0.996675 0.996675 0.996675
5760 24.774152 24.774152 24.774152 0.996675 0.996675 0.996675
5770 24.774152 24.774152 24.774152 0.996675 0.996675 0.996675
5780 24.774152 24.774152 24.774152 0.996675 0.996675 0.996675
5790 24.774152 24.774152 24.774152 0.996675 0.996675 0.996675
5800 24.774152 24.774152 24.774152 0.996675 0.996675 0.996675
5810 24.774152 24.774152 24.774152 0.996675 0.996675 0.996675
5820 24.774152 24.774152 24.774152 0.996675 0.996675 0.996675
5830 24.774152 24.774152 24.774152 0.996675 0.996675 0.996675
5840 24.774152 24.774152 24.774152 0.996675 0.996675 0.996675
5850 24.774152 24.774152 24.774152 0.996675 0.996675 0.996675
5860 24.774152 24.774152 24.774152 0.996675 0.996675 0.996675
5870 24.774152 24.774152 24.774152 0.996675 0.996675 0.996675
5880 24.774152 24.774152 24.774152 0.996675 0.996675 0.996675
5890 24.774152 24.774152 24.774152 0.996675 0.996675 0.996675
5900 24.774152 24.774152 24.774152 0.996675 0.996675 0.996675
5910 24.774152 24.774152 24.774152 0.996675 0.996675 0.996675
5920 24.774152 24.774152 24.774152 0.996675 0.996675 0.996675
5930 24.774152 24.774152 24.774152 0.996675 0.996675 0.996675
5940 24.774152 24.774152 24.774152 0.996675 0.996675 0.996675
5950 24.774152 24.774152 24.774152 0.996675 0.996675 0.996675
5960 24.774152 24.774152 24.774152 0.996675 0.996675 0.996675
5970 24.774152 24.774152 24.774152 0.996675 0.996675 0.996675
5980 24.774152 24.774152 24.774152 0.996675 0.996675 0.996675
5990 24.774152 24.774152 24.774152 0.996675 0.996675 0.996675
6000 24.774152 24.774152 24.774152 0.996675 0.996675 0.996675
6010 24.774152 24.774152 24.774152 0.996675 0.996675 0.996675
6020 24.774152 24.774152 24.774152 0.996675 0.996675 0.996675
6030 24.774152 24.774152 24.774152 0.996675 0.996675 0.996675
6040 24.774152 24.774152 24.774152 0.996675 0.996675 0.996675
6050 24.774152 24.774152 24.774152 0.996675 0.996675 0.996675
6060 24.774152 24.774152 24.774152 0.996675 0.996675 0.996675
6070 24.774152 24.774152 24.774152 0.996675 0.996675 0.996675
6080 24.774152 24.774152 24.774152 0.996675 0.996675 0.996675
6090 24.774152 24.774152 24.774152 0.996675 0.996675 0.996675
6100 24.774152 24.774152 24.774152 0.996675 0.996675 0.996675
6110 24.774152 24.774152 24.774152 0.996675 0.996675 0.996675
6120 24.774152 24.774152 24.774152 0.996675 0.996675 0.996675
6130 24.774152 24.774152 24.774152 0.996675 0.996675 0.996675
6140 24.774152 24.774152 24.774152 0.996675 0.996675 0.996675
6150 24.774152 24.774152 24.774152 0.996675 0.996675 0.996675
6160 24.774152 24.774152 24.774152 0.996675 0.996675 0.996675
6170 24.774152 24.774152 24.774152 0.996675 0.996675 0.996675
6180 24.774152 24.774152 24.774152 0.996675 0.996675 0.996675
6190 24.774152 24.774152 24.774152 0.996675 0.996675 0.996675
6200 24.774152 24.774152 24.774152 0.996675 0.996675 0.996675
6210 24.774152 24.774152 24.774152 0.996675 0.996675 0.996675
6220 24.774152 24.774152 24.774152 0.996675 0.996675 0.996675
6230 24.774152 24.774152 24.774152 0.996675 0.996675 0.996675
6240 24.774152 24.774152 24.774152 0.996675 0.996675 0.996675
6250 24.774152 24.774152 24.774152 0.996675 0.996675 0.996675
6260 24.774152 24.774152 24.774152 0.996675 0.996675 0.996675
6270 24.774152 24.774152 24.774152 0.996675 0.996675 0.996675
6280 24.774152 24.774152 24.774152 0.996675 0.996675 0.996675
6290 24.774152 24.774152 24.774152 0.996675 0.996675 0.996675
6300 24.774152 24.774152 24.774152 0.996675 0.996675 0.996675
6310 24.774152 24.774152 24.774152 0.996675 0.996675 0.996675
6320 24.774152 24.774152 24.774152 0.996675 0.996675 0.996675
6330 24.774152 24.774152 24.774152 0.996675 0.996675 0.996675
6340 24.774152 24.774152 24.774152 0.996675 0.996675 0.996675
6350 24.774152 24.774152 24.774152 0.996675 0.996675 0.996675
6360 24.774152 24.774152 24.774152 0.996675 0.996675 0.996675
6370 24.774152 24.774152 24.774152 0.996675 0.996675 0.996675
6380 24.774152 24.774152 24.774152 0.996675 0.996675 0.996675
6390 24.774152 24.774152 24.774152 0.996675 0.996675 0.996675
6400 24.774152 24.774152 24.774152 0.996675 0.996675 0.996675
6410 24.774152 24.774152 24.774152 0.996675 0.996675 0.996675
6420 24.774152 24.774152 24.774152 0.996675 0.996675 0.996675
6430 24.774152 24.774152 24.774152 0.996675 0.996675 0.996675
6440 24.774152 24.774152 24.774152 0.996675 0.996675 0.996675
6450 24.774152 24.774152 24.774152 0.996675 0.996675 0.996675
6460 24.774152 24.774152 24.774152 0.996675 0.996675 0.996675
6470 24.774152 24.774152 24.774152 0.996675 0.996675 0.996675
6480 24.774152 24.774152 24.774152 0.996675 0.996675 0.996675
6490 24.774152 24.774152 24.774152 0.996675 0.996675 0.996675
6500 24.774152 24.774152 24.774152 0.996675 0.996675 0.996675
6510 24.774152 24.774152 24.774152 0.996675 0.996675 0.996675
6520 24.774152 24.774152 24.774152 0.996675 0.996675 0.996675
6530 24.774152 24.774152 24.774152 0.996675 0.996675 0.996675
6540 24.774152 24.774152 24.774152 0.996675 0.996675 0.996675
6550 24.774152 24.774152 24.774152 0.996675 0.996675 0.996675
6560 24.774152 24.774152 24.774152 0.996675 0.996675 0.996675
6570 24.774152 24.774152 24.774152 0.996675 0.996675 0.996675
6580 24.774152 24.774152 24.774152 0.996675 0.996675 0.996675
6590 24.774152 24.774152 24.774152 0.996675 0.996675 0.996675
6600 24.774152 24.774152 24.774152 0.996675 0.996675 0.996675
6610 24.774152 24.774152 24.774152 0.996675 0.996675 0.996675
6620 24.774152 24.774152 24.774152 0.996675 0.996675 0.996675
6630 24.774152 24.774152 24.774152 0.996675 0.996675 0.996675
6640 24.774152 24.774152 24.774152 0.996675 0.996675 0.996675
6650 24.774152 24.774152 24.774152 0.996675 0.996675 0.996675
6660 24.774152 24.774152 24.774152 0.996675 0.996675 0.996675
6670 24.774152 24.774152 24.774152 0.996675 0.996675 0.996675
6680 24.774152 24.774152 24.774152 0.996675 0.996675 0.996675
6690 24.774152 24.774152 24.774152 0.996675 0.996675 0.996675
6700 24.774152 24.774152 24.774152 0.996675 0.996675 0.996675
6710 24.774152 24.774152 24.774152 0.996675 0.996675 0.996675
6720 24.774152 24.774152 24.774152 0.996675 0.996675 0.996675
6730 24.774152 24.774152 24.774152 0.996675 0.996675 0.996675
6740 24.774152 24.774152 24.774152 0.996675 0.996675 0.996675
6750 24.774152 24.774152 24.774152 0.996675 0.996675 0.996675
6760 24.774152 24.774152 24.774152 0.996675 0.996675 0.996675
6770 24.774152 24.774152 24.774152 0.996675 0.996675 0.996675
6780 24.774152 24.774152 24.774152 0.996675 0.996675 0.996675
6790 24.774152 24.774152 24.774152 0.996675 0.996675 0.996675
6800 24.774152 24.774152 24.774152 0.996675 0.996675 0.996675
6810 24.774152 24.774152 24.774152 0.996675 0.996675 0.996675
6820 24.774152 24.774152 24.774152 0.996675 0.996675 0.996675
6830 24.774152 24.774152 24.774152 0.996675 0.996675 0.996675
6840 24.774152 24.774152 24.774152 0.996675 0.996675 0.996675
6850 24.774152 24.774152 24.774152 0.996675 0.996675 0.996675
6860 24.774152 24.774152 24.774152 0.996675 0.996675 0.996675
6870 24.774152 24.774152 24.774152 0.996675 0.996675 0.996675
6880 24.774152 24.774152 24.774152 0.996675 0.996675 0.996675
6890 24.774152 24.774152 24.774152 0.996675 0.996675 0.996675
6900 24.774152 24.774152 24.774152 0.996675 0.996675 0.996675
6910 24.774152 24.774152 24.774152 0.996675 0.996675 0.996675
6920 24.774152 24.774152 24.774152 0.996675 0.996675 0.996675
6930 24.774152 24.774152 24.774152 0.996675 0.996675 0.996675
6940 24.774152 24.774152 24.774152 0.996675 0.996675 0.996675
6950 24.774152 24.774152 24.774152 0.996675 0.996675 0.996675
6960 24.774152 24.774152 24.774152 0.996675 0.996675 0.996675
6970 24.774152 24.774152 24.774152 0.996675 0.996675 0.996675
6980 24.774152 24.774152 24.774152 0.996675 0.996675 0.996675
6990 24.774152 24.774152 24.774152 0.996675 0.996675 0.996675
7000 24.774152 24.774152 24.774152 0.996675 0.996675 0.996675
7010 24.774152 24.774152 24.774152 0.996675 0.996675 0.996675
7020 24.774152 24.774152 24.774152 0.996675 0.996675 0.996675
7030 24.774152 24.774152 24.774152 0.996675 0.996675 0.996675
7040 24.774152 24.774152 24.774152 0.996675 0.996675 0.996675
7050 24.774152 24.774152 24.774152 0.996675 0.996675 0.996675
7060 24.774152 24.774152 24.774152 0.996675 0.996675 0.996675
7070 24.774152 24.774152 24.774152 0.996675 0.996675 0.996675
7080 24.774152 24.774152 24.774152 0.996675 0.996675 0.996675
7090 24.774152 24.774152 24.774152 0.996675 0.996675 0.996675
7100 24.774152 24.774152 24.774152 0.996675 0.996675 0.996675
7110 24.774152 24.774152 24.774152 0.996675 0.996675 0.996675
7120 24.774152 24.774152 24.774152 0.996675 0.996675 0.996675
7130 24.774152 24.774152 24.774152 0.996675 0.996675 0.996675
7140 24.774152 24.774152 24.774152 0.996675 0.996675 0.996675
7150 24.774152 24.774152 24.774152 0.996675 0.996675 0.996675
7160 24.774152 24.774152 24.774152 0.996675 0.996675 0.996675
7170 24.774152 24.774152 24.774152 0.996675 0.996675 0.996675
7180 24.774152 24.774152 24.774152 0.996675 0.996675 0.996675
7190 24.774152 24.774152 24.774152 0.996675 0.996675 0.996675
7200 24.774152 24.774152 24.774152 0.996675 0.996675 0.996675
7210 24.774152 24.774152 24.774152 0.996675 0.996675 0.996675
7220 24.774152 24.774152 24.774152 0.996675 0.996675 0.996675
7230 24.774152 24.774152 24.774152 0.996675 0.996675 0.996675
7240 24.774152 24.774152 24.774152 0.996675 0.996675 0.996675
7250 24.774152 24.774152 24.774152 0.996675 0.996675 0.996675
7260 24.774152 24.774152 24.774152 0.996675 0.996675 0.996675
7270 24.774152 24.774152 24.774152 0.996675 0.996675 0.996675
7280 24.774152 24.774152 24.774152 0.996675 0.996675 0.996675
7290 24.774152 24.774152 24.774152 0.996675 0.996675 0.996675
7300 24.774152 24.774152 24.774152 0.996675 0.996675 0.996675
7310 24.774152 24.774152 24.774152 0.996675 0.996675 0.996675
7320 24.774152 24.774152 24.774152 0.996675 0.996675 0.996675
7330 24.774152 24.774152 24.774152 0.996675 0.996675 0.996675
7340 24.774152 24.774152 24.774152 0.996675 0.996675 0.996675
7350 24.774152 24.774152 24.774152 0.996675 0.996675 0.996675
7360 24.774152 24.774152 24.774152 0.996675 0.996675 0.996675
7370 24.774152 24.774152 24.774152 0.996675 0.996675 0.996675
7380 24.774152 24.774152 24.774152 0.996675 0.996675 0.996675
7390 24.774152 24.774152 24.774152 0.996675 0.996675 0.996675
7400 24.774152 24.774152 24.774152 0.996675 0.996675 0.996675
7410 24.774152 24.774152 24.774152 0.996675 0.996675 0.996675
7420 24.774152 24.774152 24.774152 0.996675 0.996675 0.996675
7430 24.774152 24.774152 24.774152 0.996675 0.996675 0.996675
7440 24.774152 24.774152 24.774152 0.996675 0.996675 0.996675
7450 24.774152 24.774152 24.774152 0.996675 0.996675 0.996675
7460 24.774152 24.774152 24.774152 0.996675 0.996675 0.996675
7470 24.774152 24.774152 24.774152 0.996675 0.996675 0.996675
7480 24.774152 24.774152 24.774152 0.996675 0.996675 0.996675
7490 24.774152 24.774152 24.774152 0.996675 0.996675 0.996675
7500 24.774152 24.774152 24.774152 0.996675 0.996675 0.996675
7510 24.774152 24.774152 24.774152 0.996675 0.996675 0.996675
7520 24.774152 24.774152 24.774152 0.996675 0.996675 0.996675
7530 24.774152 24.774152 24.774152 0.996675 0.996675 0.996675
7540 24.774152 24.774152 24.774152 0.996675 0.996675 0.996675
7550 24.774152 24.774152 24.774152 0.996675 0.996675 0.996675
7560 24.774152 24.774152 24.774152 0.996675 0.996675 0.996675
7570 24.774152 24.774152 24.774152 0.996675 0.996675 0.996675
7580 24.774152 24.774152 24.774152 0.996675 0.996675 0.996675
7590 24.774152 24.774152 24.774152 0.996675 0.996675 0.996675
7600 24.774152 24.774152 24.774152 0.996675 0.996675 0.996675
7610 24.774152 24.774152 24.774152 0.996675 0.996675 0.996675
7620 24.774152 24.774152 24.774152 0.996675 0.996675 0.996675
7630 24.774152 24.774152 24.774152 0.996675 0.996675 0.996675
7640 24.774152 24.774152 24.774152 0.996675 0.996675 0.996675
7650 24.774152 24.774152 24.774152 0.996675 0.996675 0.996675
7660 24.774152 24.774152 24.774152 0.996675 0.996675 0.996675
7670 24.774152 24.774152 24.774152 0.996675 0.996675 0.996675
7680 24.774152 24.774152 24.774152 0.996675 0.996675 0.996675
7690 24.774152 24.774152 24.774152 0.996675 0.996675 0.996675
7700 24.774152 24.774152 24.774152 0.996675 0.996675 0.996675
7710 24.774152 24.774152 24.774152 0.996675 0.996675 0.996675
7720 24.774152 24.774152 24.774152 0.996675 0.996675 0.996675
7730 24.774152 24.774152 24.774152 0.996675 0.996675 0.996675
7740 24.774152 24.774152 24.774152 0.996675 0.996675 0.996675
7750 24.774152 24.774152 24.774152 0.996675 0.996675 0.996675
7760 24.774152 24.774152 24.774152 0.996675 0.996675 0.996675
7770 24.774152 24.774152 24.774152 0.996675 0.996675 0.996675
7780 24.774152 24.774152 24.774152 0.996675 0.996675 0.996675
7790 24.774152 24.774152 24.774152 0.996675 0.996675 0.996675
7800 24.774152 24.774152 24.774152 0.996675 0.996675 0.996675
7810 24.774152 24.774152 24.774152 0.996675 0.996675 0.996675
7820 24.774152 24.774152 24.774152 0.996675 0.996675 0.996675
7830 24.774152 24.774152 24.774152 0.996675 0.996675 0.996675
7840 24.774152 24.774152 24.774152 0.996675 0.996675 0.996675
7850 24.774152 24.774152 24.774152 0.996675 0.996675 0.996675
7860 24.774152 24.774152 24.774152 0.996675 0.996675 0.996675
7870 24.774152 24.774152 24.774152 0.996675 0.996675 0.996675
7880 24.774152 24.774152 24.774152 0.996675 0.996675 0.996675
7890 24.774152 24.774152 24.774152 0.996675 0.996675 0.996675
7900 24.774152 24.774152 24.774152 0.996675 0.996675 0.996675
7910 24.774152 24.774152 24.774152 0.996675 0.996675 0.996675
7920 24.774152 24.774152 24.774152 0.996675 0.996675 0.996675
7930 24.774152 24.774152 24.774152 0.996675 0.996675 0.996675
7940 24.774152 24.774152 24.774152 0.996675 0.996675 0.996675
7950 24.774152 24.774152 24.774152 0.996675 0.996675 0.996675
7960 24.774152 24.774152 24.774152 0.996675 0.996675 0.996675
7970 24.774152 24.774152 24.774152 0.996675 0.996675 0.996675
7980 24.774152 24.774152 24.774152 0.996675 0.996675 0.996675
7990 24.774152 24.774152 24.774152 0.996675 0.996675 0.996675
8000 24.774152 24.774152 24.774152 0.996675 0.996675 0.996675
8010 24.774152 24.774152 24.774152 0.996675 0.996675 0.996675
8020 24.774152 24.774152 24.774152 0.996675 0.996675 0.996675
8030 24.774152 24.774152 24.774152 0.996675 0.996675 0.996675
8040 24.774152 24.774152 24.774152 0.996675 0.996675 0.996675
8050 24.774152 24.774152 24.774152 0.996675 0.996675 0.996675
8060 24.774152 24.774152 24.774152 0.996675 0.996675 0.996675
8070 24.774152 24.774152 24.774152 0.996675 0.996675 0.996675
8080 24.774152 24.774152 24.774152 0.996675 0.996675 0.996675
8090 24.774152 24.774152 24.774152 0.996675 0.996675 0.996675
8100 24.774152 24.774152 24.774152 0.996675 0.996675 0.996675
8110 24.774152 24.774152 24.774152 0.996675 0.996675 0.996675
8120 24.774152 24.774152 24.774152 0.996675 0.996675 0.996675
8130 24.774152 24.774152 24.774152 0.996675 0.996675 0.996675
8140 24.774152 24.774152 24.774152 0.996675 0.996675 0.996675
8150 24.774152 24.774152 24.774152 0.996675 0.996675 0.996675
8160 24.774152 24.774152 24.774152 0.996675 0.996675 0.996675
8170 24.774152 24.774152 24.774152 0.996675 0.996675 0.996675
8180 24.774152 24.774152 24.774152 0.996675 0.996675 0.996675
8190 24.774152 24.774152 24.774152 0.996675 0.996675 0.996675
8200 24.774152 24.774152 24.774152 0.996675 0.996675 0.996675
8210 24.774152 24.774152 24.774152 0.996675 0.996675 0.996675
8220 24.774152 24.774152 24.774152 0.996675 0.996675 0.996675
8230 24.774152 24.774152 24.774152 0.996675 0.996675 0.996675
8240 24.774152 24.774152 24.774152 0.996675 0.996675 0.996675
8250 24.774152 24.774152 24.774152 0.996675 0.996675 0.996675
8260 24.774152 24.774152 24.774152 0.996675 0.996675 0.996675
8270 24.774152 24.774152 24.774152 0.996675 0.996675 0.996675
8280 24.774152 24.774152 24.774152 0.996675 0.996675 0.996675
8290 24.774152 24.774152 24.774152 0.996675 0.996675 0.996675
8300 24.774152 24.774152 24.774152 0.996675 0.996675 0.996675
8310 24.774152 24.774152 24.774152 0.996675 0.996675 0.996675
8320 24.774152 24.774152 24.774152 0.996675 0.996675 0.996675
8330 24.774152 24.774152 24.774152 0.996675 0.996675 0.996675
8340 24.774152 24.774152 24.774152 0.996675 0.996675 0.996675
8350 24.774152 24.774152 24.774152 0.996675 0.996675 0.996675
8360 24.774152 24.774152 24.774152 0.996675 0.996675 0.996675
8370 24.774152 24.774152 24.774152 0.996675 0.996675 0.996675
8380 24.774152 24.774152 24.774152 0.996675 0.996675 0.996675
8390 24.774152 24.774152 24.774152 0.996675 0.996675 0.996675
8400 24.774152 24.774152 24.774152 0.996675 0.996675 0.996675
8410 24.774152 24.774152 24.774152 0.996675 0.996675 0.996675
8420 24.774152 24.774152 24.774152 0.996675 0.996675 0.996675
8430 24.774152 24.774152 24.774152 0.996675 0.996675 0.996675
8440 24.774152 24.774152 24.774152 0.996675 0.996675 0.996675
8450 24.774152 24.774152 24.774152 0.996675 0.996675 0.996675
8460 24.774152 24.774152 24.774152 0.996675 0.996675 0.996675
8470 24.774152 24.774152 24.774152 0.996675 0.996675 0.996675
8480 24.774152 24.774152 24.774152 0.996675 0.996675 0.996675
8490 24.774152 24.774152 24.774152 0.996675 0.996675 0.996675
8500 24.774152 24.774152 24.774152 0.996675 0.996675 0.996675
8510 24.774152 24.774152 24.774152 0.996675 0.996675 0.996675
8520 24.774152 24.774152 24.774152 0.996675 0.996675 0.996675
8530 24.774152 24.774152 24.774152 0.996675 0.996675 0.996675
8540 24.774152 24.774152 24.774152 0.996675 0.996675 0.996675
8550 24.774152 24.774152 24.774152 0.996675 0.996675 0.996675
8560 24.774152 24.774152 24.774152 0.996675 0.996675 0.996675
8570 24.774152 24.774152 24.774152 0.996675 0.996675 0.996675
8580 24.774152 24.774152 24.774152 0.996675 0.996675 0.996675
8590 24.774152 24.774152 24.774152 0.996675 0.996675 0.996675
8600 24.774152 24.774152 24.774152 0.996675 0.996675 0.996675
8610 24.774152 24.774152 24.774152 0.996675 0.996675 0.996675
8620 24.774152 24.774152 24.774152 0.996675 0.996675 0.996675
8630 24.774152 24.774152 24.774152 0.996675 0.996675 0.996675
8640 24.774152 24.774152 24.774152 0.996675 0.996675 0.996675
8650 24.774152 24.774152 24.774152 0.996675 0.996675 0.996675
8660 24.774152 24.774152 24.774152 0.996675 0.996675 0.996675
8670 24.774152 24.774152 24.774152 0.996675 0.996675 0.996675
8680 24.774152 24.774152 24.774152 0.996675 0.996675 0.996675
8690 24.774152 24.774152 24.774152 0.996675 0.996675 0.996675
8700 24.774152 24.774152 24.774152 0.996675 0.996675 0.996675
8710 24.774152 24.774152 24.774152 0.996675 0.996675 0.996675
8720 24.774152 24.774152 24.774152 0.996675 0.996675 0.996675
8730 24.774152 24.774152 24.774152 0.996675 0.996675 0.996675
8740 24.774152 24.774152 24.774152 0.996675 0.996675 0.996675
8750 24.774152 24.774152 24.774152 0.996675 0.996675 0.996675
8760 24.774152 24.774152 24.774152 0.996675 0.996675 0.996675
8770 24.774152 24.774152 24.774152 0.996675 0.996675 0.996675
8780 24.774152 24.774152 24.774152 0.996675 0.996675 0.996675
8790 24.774152 24.774152 24.774152 0.996675 0.996675 0.996675
8800 24.774152 24.774152 24.774152 0.996675 0.996675 0.996675
8810 24.774152 24.774152 24.774152 0.996675 0.996675 0.996675
8820 24.774152 24.774152 24.774152 0.996675 0.996675 0.996675
8830 24.774152 24.774152 24.774152 0.996675 0.996675 0.996675
8840 24.774152 24.774152 24.774152 0.996675 0.996675 0.996675
8850 24.774152 24.774152 24.774152 0.996675 0.996675 0.996675
8860 24.774152 24.774152 24.774152 0.996675 0.996675 0.996675
8870 24.774152 24.774152 24.774152 0.996675 0.996675 0.996675
8880 24.774152 24.774152 24.774152 0.996675 0.996675 0.996675
8890 24.774152 24.774152 24.774152 0.996675 0.996675 0.996675
8900 24.774152 24.774152 24.774152 0.996675 0.996675 0.996675
8910 24.774152 24.774152 24.774152 0.996675 0.996675 0.996675
8920 24.774152 24.774152 24.774152 0.996675 0.996675 0.996675
8930 24.774152 24.774152 24.774152 0.996675 0.996675 0.996675
8940 24.774152 24.774152 24.774152 0.996675 0.996675 0.996675
8950 24.774152 24.774152 24.774152 0.996675 0.996675 0.996675
8960 24.774152 24.774152 24.774152 0.996675 0.996675 0.996675
8970 24.774152 24.774152 24.774152 0.996675 0.996675 0.996675
8980 24.774152 24.774152 24.774152 0.996675 0.996675 0.996675
8990 24.774152 24.774152 24.774152 0.996675 0.996675 0.996675
9000 24.774152 24.774152 24.774152 0.996675 0.996675 0.996675
9010 24.774152 24.774152 24.774152 0.996675 0.996675 0.996675
9020 24.774152 24.774152 24.774152 0.996675 0.996675 0.996675
9030 24.774152 24.774152 24.774152 0.996675 0.996675 0.996675
9040 24.774152 24.774152 24.774152 0.996675 0.996675 0.996675
9050 24.774152 24.774152 24.774152 0.996675 0.996675 0.996675
9060 24.774152 24.774152 24.774152 0.996675 0.996675 0.996675
9070 24.774152 24.774152 24.774152 0.996675 0.996675 0.996675
9080 24.774152 24.774152 24.774152 0.996675 0.996675 0.996675
9090 24.774152 24.774152 24.774152 0.996675 0.996675 0.996675
9100 24.774152 24.774152 24.774152 0.996675 0.996675 0.996675
9110 24.774152 24.774152 24.774152 0.996675 0.996675 0.996675
9120 24.774152 24.774152 24.774152 0.996675 0.996675 0.996675
9130 24.774152 24.774152 24.774152 0.996675 0.996675 0.996675
9140 24.774152 24.774152 24.774152 0.996675 0.996675 0.996675
9150 24.774152 24.774152 24.774152 0.996675 0.996675 0.996675
9160 24.774152 24.774152 24.774152 0.996675 0.996675 0.996675
9170 24.774152 24.774152 24.774152 0.996675 0.996675 0.996675
9180 24.774152 24.774152 24.774152 0.996675 0.996675 0.996675
9190 24.774152 24.774152 24.774152 0.996675 0.996675 0.996675
9200 24.774152 24.774152 24.774152 0.996675 0.996675 0.996675
9210 24.774152 24.774152 24.774152 0.996675 0.996675 0.996675
9220 24.774152 24.774152 24.774152 0.996675 0.996675 0.996675
9230 24.774152 24.774152 24.774152 0.996675 0.996675 0.996675
9240 24.774152 24.774152 24.774152 0.996675 0.996675 0.996675
9250 24.774152 24.774152 24.774152 0.996675 0.996675 0.996675
9260 24.774152 24.774152 24.774152 0.996675 0.996675 0.996675
9270 24.774152 24.774152 24.774152 0.996675 0.996675 0.996675
9280 24.774152 24.774152 24.774152 0.996675 0.996675 0.996675
9290 24.774152 24.774152 24.774152 0.996675 0.996675 0.996675
9300 24.774152 24.774152 24.774152 0.996675 0.996675 0.996675
9310 24.774152 24.774152 24.774152 0.996675 0.996675 0.996675
9320 24.774152 24.774152 24.774152 0.996675 0.996675 0.996675
9330 24.774152 24.774152 24.774152 0.996675 0.996675 0.996675
9340 24.774152 24.774152 24.774152 0.996675 0.996675 0.996675
9350 24.774152 24.774152 24.774152 0.996675 0.996675 0.996675
9360 24.774152 24.774152 24.774152 0.996675 0.996675 0.996675
9370 24.774152 24.774152 24.774152 0.996675 0.996675 0.996675
9380 24.774152 24.774152 24.774152 0.996675 0.996675 0.996675
9390 24.774152 24.774152 24.774152 0.996675 0.996675 0.996675
9400 24.774152 24.774152 24.774152 0.996675 0.996675 0.996675
9410 24.774152 24.774152 24.774152 0.996675 0.996675 0.996675
9420 24.774152 24.774152 24.774152 0.996675 0.996675 0.996675
9430 24.774152 24.774152 24.774152 0.996675 0.996675 0.996675
9440 24.774152 24.774152 24.774152 0.996675 0.996675 0.996675
9450 24.774152 24.774152 24.774152 0.996675 0.996675 0.996675
9460 24.774152 24.774152 24.774152 0.996675 0.996675 0.996675
9470 24.774152 24.774152 24.774152 0.996675 0.996675 0.996675
9480 24.774152 24.774152 24.774152 0.996675 0.996675 0.996675
9490 24.774152 24.774152 24.774152 0.996675 0.996675 0.996675
9500 24.774152 24.774152 24.774152 0.996675 0.996675 0.996675
9510 24.774152 24.774152 24.774152 0.996675 0.996675 0.996675
9520 24.774152 24.774152 24.774152 0.996675 0.996675 0.996675
9530 24.774152 24.774152 24.774152 0.996675 0.996675 0.996675
9540 24.774152 24.774152 24.774152 0.996675 0.996675 0.996675
9550 24.774152 24.774152 24.774152 0.996675 0.996675 0.996675
9560 24.774152 24.774152 24.774152 0.996675 0.996675 0.996675
9570 24.774152 24.774152 24.774152 0.996675 0.996675 0.996675
9580 24.774152 24.774152 24.774152 0.996675 0.996675 0.996675
9590 24.774152 24.774152 24.774152 0.996675 0.996675 0.996675
9600 24.774152 24.774152 24.774152 0.996675 0.996675 0.996675
9610 24.774152 24.774152 24.774152 0.996675 0.996675 0.996675
9620 24.774152 24.774152 24.774152 0.996675 0.996675 0.996675
9630 24.774152 24.774152 24.774152 0.996675 0.996675 0.996675
9640 24.774152 24.774152 24.774152 0.996675 0.996675 0.996675
9650 24.774152 24.774152 24.774152 0.996675 0.996675 0.996675
9660 24.774152 24.774152 24.774152 0.996675 0.996675 0.996675
9670 24.774152 24.774152 24.774152 0.996675 0.996675 0.996675
9680 24.774152 24.774152 24.774152 0.996675 0.996675 0.996675
9690 24.774152 24.774152 24.774152 0.996675 0.996675 0.996675
9700 24.774152 24.774152 24.774152 0.996675 0.996675 0.996675
9710 24.774152 24.774152 24.774152 0.996675 0.996675 0.996675
9720 24.774152 24.774152 24.774152 0.996675 0.996675 0.996675
9730 24.774152 24.774152 24.774152 0.996675 0.996675 0.996675
9740 24.774152 24.774152 24.774152 0.996675 0.996675 0.996675
9750 24.774152 24.774152 24.774152 0.996675 0.996675 0.996675
9760 24.774152 24.774152 24.774152 0.996675 0.996675 0.996675
9770 24.774152 24.774152 24.774152 0.996675 0.996675 0.996675
9780 24.774152 24.774152 24.774152 0.996675 0.996675 0.996675
9790 24.774152 24.774152 24.774152 0.996675 0.996675 0.996675
9800 24.774152 24.774152 24.774152 0.996675 0.996675 0.996675
9810 24.774152 24.774152 24.774152 0.996675 0.996675 0.996675
9820 24.774152 24.774152 24.774152 0.996675 0.996675 0.996675
9830 24.774152 24.774152 24.774152 0.996675 0.996675 0.996675
9840 24.774152 24.774152 24.774152 0.996675 0.996675 0.996675
9850 24.774152 24.774152 24.774152 0.996675 0.996675 0.996675
9860 24.774152 24.774152 24.774152 0.996675 0.996675 0.996675
9870 24.774152 24.774152 24.774152 0.996675 0.996675 0.996675
9880 24.774152 24.774152 24.774152 0.996675 0.996675 0.996675
9890 24.774152 24.774152 24.774152 0.996675 0.996675 0.996675
9900 24.774152 24.774152 24.774152 0.996675 0.996675 0.996675
9910 24.774152 24.774152 24.774152 0.996675 0.996675 0.996675
9920 24.774152 24.774152 24.774152 0.996675 0.996675 0.996675
9930 24.774152 24.774152 24.774152 0.996675 0.996675 0.996675
9940 24.774152 24.774152 24.774152 0.996675 0.996675 0.996675
9950 24.774152 24.774152 24.774152 0.996675 0.996675 0.996675
9960 24.774152 24.774152 24.774152 0.996675 0.996675 0.996675
9970 24.774152 24.774152 24.774152 0.996675 0.996675 0.996675
9980 24.774152 24.774152 24.774152 0.996675 0.996675 0.996675
9990 24.774152 24.774152 24.774152 0.996675 0.996675 0.996675
10000 25.745436 25.745436 25.745436 1.078295 1.078295 1.078295
