# generation power_min power_avg power_max util_min util_avg util_max
1 54.274957 54.103621 54.274957 0.990889 1.022726 1.047661
10 54.274957 54.118810 54.274957 0.990889 1.019443 1.040548
20 54.274957 54.052188 54.274957 0.990889 1.016393 1.038945
30 54.274957 54.046801 54.274957 0.990889 1.013392 1.033140
40 54.274957 54.015426 54.274957 0.990889 1.010744 1.033140
50 54.274957 53.967163 54.274957 0.990889 1.008138 1.026411
60 54.274957 53.964386 54.274957 0.990889 1.005727 1.022614
70 54.274957 53.960898 54.274957 0.988697 1.003565 1.019855
80 54.274957 53.925577 54.274957 0.988697 1.001978 1.017680
90 54.274957 53.894076 54.274957 0.988697 1.000261 1.012469
100 54.274957 53.861342 54.274957 0.988697 0.999232 1.009354
110 54.192571 53.824344 54.192571 0.988697 0.998716 1.008782
120 54.049905 53.777837 54.049905 0.988697 0.998816 1.008782
130 54.049905 53.761529 54.049905 0.988697 0.998337 1.003271
140 53.977493 53.726120 53.977493 0.992731 0.998727 1.003271
150 53.899406 53.686787 53.899406 0.992731 0.998624 1.002771
160 53.840780 53.657144 53.840780 0.992731 0.998675 1.002771
170 53.789729 53.631564 53.789729 0.993992 0.998766 1.002771
180 53.752231 53.612701 53.752231 0.994581 0.998792 1.001746
190 53.705610 53.593292 53.705610 0.994697 0.998930 1.001746
200 53.682068 53.574735 53.682068 0.995124 0.999019 1.001746
210 53.654115 53.559407 53.654115 0.995124 0.999050 1.001746
220 53.623664 53.545478 53.623664 0.995124 0.999085 1.001746
230 53.597748 53.531451 53.597748 0.995124 0.998941 1.001746
240 53.575696 53.520767 53.575696 0.995124 0.998903 1.001746
250 53.446498 53.518260 53.569583 0.995059 0.998719 1.000853
260 53.407498 53.509794 53.552642 0.995059 0.998586 1.000853
270 53.552642 53.501251 53.552642 0.995059 0.998554 1.001080
280 53.533079 53.495716 53.533079 0.995059 0.998456 1.001080
290 53.523026 53.486088 53.523026 0.993973 0.998488 1.001502
300 53.516017 53.480649 53.516017 0.993973 0.998250 1.001502
310 53.512082 53.472737 53.512082 0.993973 0.998133 1.001502
320 53.511016 53.460671 53.511016 0.993973 0.998109 1.001502
330 53.511016 53.451789 53.511016 0.993973 0.998165 1.001502
340 53.497943 53.438661 53.497943 0.993973 0.998163 1.001502
350 53.487826 53.425790 53.487826 0.993973 0.998141 1.001502
360 53.467344 53.415542 53.467344 0.993973 0.998240 1.001118
370 53.467344 53.404367 53.467344 0.993973 0.998444 1.001118
380 53.459445 53.392071 53.459445 0.993973 0.998491 1.001118
390 53.445796 53.382913 53.445796 0.993973 0.998439 1.001118
400 53.432683 53.373580 53.432683 0.993973 0.998468 1.001118
410 53.418376 53.366279 53.418376 0.993973 0.998441 1.001118
420 53.410414 53.357297 53.410414 0.993973 0.998492 1.001118
430 53.403209 53.346984 53.403209 0.993973 0.998647 1.001118
440 53.379324 53.337634 53.379324 0.995555 0.999000 1.001118
450 53.363364 53.328486 53.363364 0.995555 0.998948 1.001118
460 53.359338 53.318369 53.359338 0.995555 0.998968 1.001118
470 53.357512 53.308677 53.357512 0.995555 0.998957 1.001118
480 53.346711 53.298903 53.346711 0.995555 0.999046 1.001118
490 53.335453 53.287912 53.335453 0.995555 0.999181 1.000799
500 53.335453 53.282690 53.335453 0.995555 0.999043 1.000799
510 53.329120 53.279198 53.329120 0.995555 0.998898 1.000799
520 53.307031 53.271493 53.307031 0.996549 0.998905 1.000799
530 53.306866 53.264601 53.306866 0.996549 0.999014 1.000799
540 53.294005 53.260221 53.294005 0.996549 0.998968 1.000799
550 53.283847 53.253692 53.283847 0.996549 0.998993 1.000799
560 53.272968 53.248215 53.272968 0.998230 0.999066 1.000799
570 53.272968 53.242399 53.272968 0.998230 0.999146 1.000799
580 53.267116 53.236078 53.267116 0.998230 0.999234 1.000799
590 53.267116 53.234134 53.267116 0.998230 0.999082 1.000710
600 53.261687 53.229255 53.261687 0.998230 0.999033 1.000710
610 53.249375 53.224881 53.249375 0.998230 0.999051 1.000710
620 53.249375 53.220974 53.249375 0.998230 0.999156 1.000710
630 53.249375 53.217186 53.249375 0.998230 0.999252 1.000710
640 53.206993 53.215911 53.230669 0.998475 0.999180 1.000083
650 53.206993 53.215548 53.217599 0.998938 0.999180 0.999903
660 53.206993 53.215316 53.217599 0.998938 0.999196 0.999903
670 53.206993 53.214786 53.217599 0.998938 0.999240 0.999903
680 53.206993 53.214043 53.217599 0.998938 0.999301 0.999903
690 53.206993 53.212983 53.217599 0.998938 0.999389 0.999903
700 53.206993 53.212029 53.217599 0.998938 0.999467 0.999903
710 53.206993 53.210968 53.217599 0.998938 0.999555 0.999903
720 53.206993 53.209907 53.217599 0.998938 0.999642 0.999903
730 53.206993 53.208847 53.217599 0.998938 0.999729 0.999903
740 53.206993 53.207786 53.217599 0.998938 0.999817 0.999903
750 53.206993 53.206993 53.206993 0.999903 0.999903 0.999903
760 53.206993 53.206993 53.206993 0.999903 0.999903 0.999903
770 53.206993 53.206993 53.206993 0.999903 0.999903 0.999903
780 53.206993 53.206993 53.206993 0.999903 0.999903 0.999903
790 53.206993 53.206993 53.206993 0.999903 0.999903 0.999903
800 53.206993 53.206993 53.206993 0.999903 0.999903 0.999903
810 53.206993 53.206993 53.206993 0.999903 0.999903 0.999903
820 53.206993 53.206993 53.206993 0.999903 0.999903 0.999903
830 53.206993 53.206993 53.206993 0.999903 0.999903 0.999903
840 53.206993 53.206993 53.206993 0.999903 0.999903 0.999903
850 53.206993 53.206993 53.206993 0.999903 0.999903 0.999903
860 53.206993 53.206993 53.206993 0.999903 0.999903 0.999903
870 53.206993 53.206993 53.206993 0.999903 0.999903 0.999903
880 53.206993 53.206993 53.206993 0.999903 0.999903 0.999903
890 53.206993 53.206993 53.206993 0.999903 0.999903 0.999903
900 53.206993 53.206993 53.206993 0.999903 0.999903 0.999903
910 53.206993 53.206993 53.206993 0.999903 0.999903 0.999903
920 53.206993 53.206993 53.206993 0.999903 0.999903 0.999903
930 53.206993 53.206993 53.206993 0.999903 0.999903 0.999903
940 53.206993 53.206993 53.206993 0.999903 0.999903 0.999903
950 53.206993 53.206993 53.206993 0.999903 0.999903 0.999903
960 53.206993 53.206993 53.206993 0.999903 0.999903 0.999903
970 53.206993 53.206993 53.206993 0.999903 0.999903 0.999903
980 53.206993 53.206993 53.206993 0.999903 0.999903 0.999903
990 53.206993 53.206993 53.206993 0.999903 0.999903 0.999903
1000 53.206993 53.206993 53.206993 0.999903 0.999903 0.999903
1010 53.206993 53.206993 53.206993 0.999903 0.999903 0.999903
1020 53.206993 53.206993 53.206993 0.999903 0.999903 0.999903
1030 53.206993 53.206993 53.206993 0.999903 0.999903 0.999903
1040 53.206993 53.206993 53.206993 0.999903 0.999903 0.999903
1050 53.206993 53.206993 53.206993 0.999903 0.999903 0.999903
1060 53.206993 53.206993 53.206993 0.999903 0.999903 0.999903
1070 53.206993 53.206993 53.206993 0.999903 0.999903 0.999903
1080 53.206993 53.206993 53.206993 0.999903 0.999903 0.999903
1090 53.206993 53.206993 53.206993 0.999903 0.999903 0.999903
1100 53.206993 53.206993 53.206993 0.999903 0.999903 0.999903
1110 53.206993 53.206993 53.206993 0.999903 0.999903 0.999903
1120 53.206993 53.206993 53.206993 0.999903 0.999903 0.999903
1130 53.206993 53.206993 53.206993 0.999903 0.999903 0.999903
1140 53.206993 53.206993 53.206993 0.999903 0.999903 0.999903
1150 53.206993 53.206993 53.206993 0.999903 0.999903 0.999903
1160 53.206993 53.206993 53.206993 0.999903 0.999903 0.999903
1170 53.206993 53.206993 53.206993 0.999903 0.999903 0.999903
1180 53.206993 53.206993 53.206993 0.999903 0.999903 0.999903
1190 53.206993 53.206993 53.206993 0.999903 0.999903 0.999903
1200 53.206993 53.206993 53.206993 0.999903 0.999903 0.999903
1210 53.206993 53.206993 53.206993 0.999903 0.999903 0.999903
1220 53.206993 53.206993 53.206993 0.999903 0.999903 0.999903
1230 53.206993 53.206993 53.206993 0.999903 0.999903 0.999903
1240 53.206993 53.206993 53.206993 0.999903 0.999903 0.999903
1250 53.206993 53.206993 53.206993 0.999903 0.999903 0.999903
1260 53.206993 53.206993 53.206993 0.999903 0.999903 0.999903
1270 53.206993 53.206993 53.206993 0.999903 0.999903 0.999903
1280 53.206993 53.206993 53.206993 0.999903 0.999903 0.999903
1290 53.206993 53.206993 53.206993 0.999903 0.999903 0.999903
1300 53.206993 53.206993 53.206993 0.999903 0.999903 0.999903
1310 53.206993 53.206993 53.206993 0.999903 0.999903 0.999903
1320 53.206993 53.206993 53.206993 0.999903 0.999903 0.999903
1330 53.206993 53.206993 53.206993 0.999903 0.999903 0.999903
1340 53.206993 53.206993 53.206993 0.999903 0.999903 0.999903
1350 53.206993 53.206993 53.206993 0.999903 0.999903 0.999903
1360 53.206993 53.206993 53.206993 0.999903 0.999903 0.999903
1370 53.206993 53.206993 53.206993 0.999903 0.999903 0.999903
1380 53.206993 53.206993 53.206993 0.999903 0.999903 0.999903
1390 53.206993 53.206993 53.206993 0.999903 0.999903 0.999903
1400 53.206993 53.206993 53.206993 0.999903 0.999903 0.999903
1410 53.206993 53.206993 53.206993 0.999903 0.999903 0.999903
1420 53.206993 53.206993 53.206993 0.999903 0.999903 0.999903
1430 53.206993 53.206993 53.206993 0.999903 0.999903 0.999903
1440 53.206993 53.206993 53.206993 0.999903 0.999903 0.999903
1450 53.206993 53.206993 53.206993 0.999903 0.999903 0.999903
1460 53.206993 53.206993 53.206993 0.999903 0.999903 0.999903
1470 53.206993 53.206993 53.206993 0.999903 0.999903 0.999903
1480 53.206993 53.206993 53.206993 0.999903 0.999903 0.999903
1490 53.206993 53.206993 53.206993 0.999903 0.999903 0.999903
1500 53.206993 53.206993 53.206993 0.999903 0.999903 0.999903
1510 53.206993 53.206993 53.206993 0.999903 0.999903 0.999903
1520 53.206993 53.206993 53.206993 0.999903 0.999903 0.999903
1530 53.206993 53.206993 53.206993 0.999903 0.999903 0.999903
1540 53.206993 53.206993 53.206993 0.999903 0.999903 0.999903
1550 53.206993 53.206993 53.206993 0.999903 0.999903 0.999903
1560 53.206993 53.206993 53.206993 0.999903 0.999903 0.999903
1570 53.206993 53.206993 53.206993 0.999903 0.999903 0.999903
1580 53.206993 53.206993 53.206993 0.999903 0.999903 0.999903
1590 53.206993 53.206993 53.206993 0.999903 0.999903 0.999903
1600 53.206993 53.206993 53.206993 0.999903 0.999903 0.999903
1610 53.206993 53.206993 53.206993 0.999903 0.999903 0.999903
1620 53.206993 53.206993 53.206993 0.999903 0.999903 0.999903
1630 53.206993 53.206993 53.206993 0.999903 0.999903 0.999903
1640 53.206993 53.206993 53.206993 0.999903 0.999903 0.999903
1650 53.206993 53.206993 53.206993 0.999903 0.999903 0.999903
1660 53.206993 53.206993 53.206993 0.999903 0.999903 0.999903
1670 53.206993 53.206993 53.206993 0.999903 0.999903 0.999903
1680 53.206993 53.206993 53.206993 0.999903 0.999903 0.999903
1690 53.206993 53.206993 53.206993 0.999903 0.999903 0.999903
1700 53.206993 53.206993 53.206993 0.999903 0.999903 0.999903
1710 53.206993 53.206993 53.206993 0.999903 0.999903 0.999903
1720 53.206993 53.206993 53.206993 0.999903 0.999903 0.999903
1730 53.206993 53.206993 53.206993 0.999903 0.999903 0.999903
1740 53.206993 53.206993 53.206993 0.999903 0.999903 0.999903
1750 53.206993 53.206993 53.206993 0.999903 0.999903 0.999903
1760 53.206993 53.206993 53.206993 0.999903 0.999903 0.999903
1770 53.206993 53.206993 53.206993 0.999903 0.999903 0.999903
1780 53.206993 53.206993 53.206993 0.999903 0.999903 0.999903
1790 53.206993 53.206993 53.206993 0.999903 0.999903 0.999903
1800 53.206993 53.206993 53.206993 0.999903 0.999903 0.999903
1810 53.206993 53.206993 53.206993 0.999903 0.999903 0.999903
1820 53.206993 53.206993 53.206993 0.999903 0.999903 0.999903
1830 53.206993 53.206993 53.206993 0.999903 0.999903 0.999903
1840 53.206993 53.206993 53.206993 0.999903 0.999903 0.999903
1850 53.206993 53.206993 53.206993 0.999903 0.999903 0.999903
1860 53.206993 53.206993 53.206993 0.999903 0.999903 0.999903
1870 53.206993 53.206993 53.206993 0.999903 0.999903 0.999903
1880 53.206993 53.206993 53.206993 0.999903 0.999903 0.999903
1890 53.206993 53.206993 53.206993 0.999903 0.999903 0.999903
1900 53.206993 53.206993 53.206993 0.999903 0.999903 0.999903
1910 53.206993 53.206993 53.206993 0.999903 0.999903 0.999903
1920 53.206993 53.206993 53.206993 0.999903 0.999903 0.999903
1930 53.206993 53.206993 53.206993 0.999903 0.999903 0.999903
1940 53.206993 53.206993 53.206993 0.999903 0.999903 0.999903
1950 53.206993 53.206993 53.206993 0.999903 0.999903 0.999903
1960 53.206993 53.206993 53.206993 0.999903 0.999903 0.999903
1970 53.206993 53.206993 53.206993 0.999903 0.999903 0.999903
1980 53.206993 53.206993 53.206993 0.999903 0.999903 0.999903
1990 53.206993 53.206993 53.206993 0.999903 0.999903 0.999903
2000 53.206993 53.206993 53.206993 0.999903 0.999903 0.999903
2010 53.206993 53.206993 53.206993 0.999903 0.999903 0.999903
2020 53.206993 53.206993 53.206993 0.999903 0.999903 0.999903
2030 53.206993 53.206993 53.206993 0.999903 0.999903 0.999903
2040 53.206993 53.206993 53.206993 0.999903 0.999903 0.999903
2050 53.206993 53.206993 53.206993 0.999903 0.999903 0.999903
2060 53.206993 53.206993 53.206993 0.999903 0.999903 0.999903
2070 53.206993 53.206993 53.206993 0.999903 0.999903 0.999903
2080 53.206993 53.206993 53.206993 0.999903 0.999903 0.999903
2090 53.206993 53.206993 53.206993 0.999903 0.999903 0.999903
2100 53.206993 53.206993 53.206993 0.999903 0.999903 0.999903
2110 53.206993 53.206993 53.206993 0.999903 0.999903 0.999903
2120 53.206993 53.206993 53.206993 0.999903 0.999903 0.999903
2130 53.206993 53.206993 53.206993 0.999903 0.999903 0.999903
2140 53.206993 53.206993 53.206993 0.999903 0.999903 0.999903
2150 53.206993 53.206993 53.206993 0.999903 0.999903 0.999903
2160 53.206993 53.206993 53.206993 0.999903 0.999903 0.999903
2170 53.206993 53.206993 53.206993 0.999903 0.999903 0.999903
2180 53.206993 53.206993 53.206993 0.999903 0.999903 0.999903
2190 53.206993 53.206993 53.206993 0.999903 0.999903 0.999903
2200 53.206993 53.206993 53.206993 0.999903 0.999903 0.999903
2210 53.206993 53.206993 53.206993 0.999903 0.999903 0.999903
2220 53.206993 53.206993 53.206993 0.999903 0.999903 0.999903
2230 53.206993 53.206993 53.206993 0.999903 0.999903 0.999903
2240 53.206993 53.206993 53.206993 0.999903 0.999903 0.999903
2250 53.206993 53.206993 53.206993 0.999903 0.999903 0.999903
2260 53.206993 53.206993 53.206993 0.999903 0.999903 0.999903
2270 53.206993 53.206993 53.206993 0.999903 0.999903 0.999903
2280 53.206993 53.206993 53.206993 0.999903 0.999903 0.999903
2290 53.206993 53.206993 53.206993 0.999903 0.999903 0.999903
2300 53.206993 53.206993 53.206993 0.999903 0.999903 0.999903
2310 53.206993 53.206993 53.206993 0.999903 0.999903 0.999903
2320 53.206993 53.206993 53.206993 0.999903 0.999903 0.999903
2330 53.206993 53.206993 53.206993 0.999903 0.999903 0.999903
2340 53.206993 53.206993 53.206993 0.999903 0.999903 0.999903
2350 53.206993 53.206993 53.206993 0.999903 0.999903 0.999903
2360 53.206993 53.206993 53.206993 0.999903 0.999903 0.999903
2370 53.206993 53.206993 53.206993 0.999903 0.999903 0.999903
2380 53.206993 53.206993 53.206993 0.999903 0.999903 0.999903
2390 53.206993 53.206993 53.206993 0.999903 0.999903 0.999903
2400 53.206993 53.206993 53.206993 0.999903 0.999903 0.999903
2410 53.206993 53.206993 53.206993 0.999903 0.999903 0.999903
2420 53.206993 53.206993 53.206993 0.999903 0.999903 0.999903
2430 53.206993 53.206993 53.206993 0.999903 0.999903 0.999903
2440 53.206993 53.206993 53.206993 0.999903 0.999903 0.999903
2450 53.206993 53.206993 53.206993 0.999903 0.999903 0.999903
2460 53.206993 53.206993 53.206993 0.999903 0.999903 0.999903
2470 53.206993 53.206993 53.206993 0.999903 0.999903 0.999903
2480 53.206993 53.206993 53.206993 0.999903 0.999903 0.999903
2490 53.206993 53.206993 53.206993 0.999903 0.999903 0.999903
2500 53.206993 53.206993 53.206993 0.999903 0.999903 0.999903
2510 53.206993 53.206993 53.206993 0.999903 0.999903 0.999903
2520 53.206993 53.206993 53.206993 0.999903 0.999903 0.999903
2530 53.206993 53.206993 53.206993 0.999903 0.999903 0.999903
2540 53.206993 53.206993 53.206993 0.999903 0.999903 0.999903
2550 53.206993 53.206993 53.206993 0.999903 0.999903 0.999903
2560 53.206993 53.206993 53.206993 0.999903 0.999903 0.999903
2570 53.206993 53.206993 53.206993 0.999903 0.999903 0.999903
2580 53.206993 53.206993 53.206993 0.999903 0.999903 0.999903
2590 53.206993 53.206993 53.206993 0.999903 0.999903 0.999903
2600 53.206993 53.206993 53.206993 0.999903 0.999903 0.999903
2610 53.206993 53.206993 53.206993 0.999903 0.999903 0.999903
2620 53.206993 53.206993 53.206993 0.999903 0.999903 0.999903
2630 53.206993 53.206993 53.206993 0.999903 0.999903 0.999903
2640 53.206993 53.206993 53.206993 0.999903 0.999903 0.999903
2650 53.206993 53.206993 53.206993 0.999903 0.999903 0.999903
2660 53.206993 53.206993 53.206993 0.999903 0.999903 0.999903
2670 53.206993 53.206993 53.206993 0.999903 0.999903 0.999903
2680 53.206993 53.206993 53.206993 0.999903 0.999903 0.999903
2690 53.206993 53.206993 53.206993 0.999903 0.999903 0.999903
2700 53.206993 53.206993 53.206993 0.999903 0.999903 0.999903
2710 53.206993 53.206993 53.206993 0.999903 0.999903 0.999903
2720 53.206993 53.206993 53.206993 0.999903 0.999903 0.999903
2730 53.206993 53.206993 53.206993 0.999903 0.999903 0.999903
2740 53.206993 53.206993 53.206993 0.999903 0.999903 0.999903
2750 53.206993 53.206993 53.206993 0.999903 0.999903 0.999903
2760 53.206993 53.206993 53.206993 0.999903 0.999903 0.999903
2770 53.206993 53.206993 53.206993 0.999903 0.999903 0.999903
2780 53.206993 53.206993 53.206993 0.999903 0.999903 0.999903
2790 53.206993 53.206993 53.206993 0.999903 0.999903 0.999903
2800 53.206993 53.206993 53.206993 0.999903 0.999903 0.999903
2810 53.206993 53.206993 53.206993 0.999903 0.999903 0.999903
2820 53.206993 53.206993 53.206993 0.999903 0.999903 0.999903
2830 53.206993 53.206993 53.206993 0.999903 0.999903 0.999903
2840 53.206993 53.206993 53.206993 0.999903 0.999903 0.999903
2850 53.206993 53.206993 53.206993 0.999903 0.999903 0.999903
2860 53.206993 53.206993 53.206993 0.999903 0.999903 0.999903
2870 53.206993 53.206993 53.206993 0.999903 0.999903 0.999903
2880 53.206993 53.206993 53.206993 0.999903 0.999903 0.999903
2890 53.206993 53.206993 53.206993 0.999903 0.999903 0.999903
2900 53.206993 53.206993 53.206993 0.999903 0.999903 0.999903
2910 53.206993 53.206993 53.206993 0.999903 0.999903 0.999903
2920 53.206993 53.206993 53.206993 0.999903 0.999903 0.999903
2930 53.206993 53.206993 53.206993 0.999903 0.999903 0.999903
2940 53.206993 53.206993 53.206993 0.999903 0.999903 0.999903
2950 53.206993 53.206993 53.206993 0.999903 0.999903 0.999903
2960 53.206993 53.206993 53.206993 0.999903 0.999903 0.999903
2970 53.206993 53.206993 53.206993 0.999903 0.999903 0.999903
2980 53.206993 53.206993 53.206993 0.999903 0.999903 0.999903
2990 53.206993 53.206993 53.206993 0.999903 0.999903 0.999903
3000 53.206993 53.206993 53.206993 0.999903 0.999903 0.999903
3010 53.206993 53.206993 53.206993 0.999903 0.999903 0.999903
3020 53.206993 53.206993 53.206993 0.999903 0.999903 0.999903
3030 53.206993 53.206993 53.206993 0.999903 0.999903 0.999903
3040 53.206993 53.206993 53.206993 0.999903 0.999903 0.999903
3050 53.206993 53.206993 53.206993 0.999903 0.999903 0.999903
3060 53.206993 53.206993 53.206993 0.999903 0.999903 0.999903
3070 53.206993 53.206993 53.206993 0.999903 0.999903 0.999903
3080 53.206993 53.206993 53.206993 0.999903 0.999903 0.999903
3090 53.206993 53.206993 53.206993 0.999903 0.999903 0.999903
3100 53.206993 53.206993 53.206993 0.999903 0.999903 0.999903
3110 53.206993 53.206993 53.206993 0.999903 0.999903 0.999903
3120 53.206993 53.206993 53.206993 0.999903 0.999903 0.999903
3130 53.206993 53.206993 53.206993 0.999903 0.999903 0.999903
3140 53.206993 53.206993 53.206993 0.999903 0.999903 0.999903
3150 53.206993 53.206993 53.206993 0.999903 0.999903 0.999903
3160 53.206993 53.206993 53.206993 0.999903 0.999903 0.999903
3170 53.206993 53.206993 53.206993 0.999903 0.999903 0.999903
3180 53.206993 53.206993 53.206993 0.999903 0.999903 0.999903
3190 53.206993 53.206993 53.206993 0.999903 0.999903 0.999903
3200 53.206993 53.206993 53.206993 0.999903 0.999903 0.999903
3210 53.206993 53.206993 53.206993 0.999903 0.999903 0.999903
3220 53.206993 53.206993 53.206993 0.999903 0.999903 0.999903
3230 53.206993 53.206993 53.206993 0.999903 0.999903 0.999903
3240 53.206993 53.206993 53.206993 0.999903 0.999903 0.999903
3250 53.206993 53.206993 53.206993 0.999903 0.999903 0.999903
3260 53.206993 53.206993 53.206993 0.999903 0.999903 0.999903
3270 53.206993 53.206993 53.206993 0.999903 0.999903 0.999903
3280 53.206993 53.206993 53.206993 0.999903 0.999903 0.999903
3290 53.206993 53.206993 53.206993 0.999903 0.999903 0.999903
3300 53.206993 53.206993 53.206993 0.999903 0.999903 0.999903
3310 53.206993 53.206993 53.206993 0.999903 0.999903 0.999903
3320 53.206993 53.206993 53.206993 0.999903 0.999903 0.999903
3330 53.206993 53.206993 53.206993 0.999903 0.999903 0.999903
3340 53.206993 53.206993 53.206993 0.999903 0.999903 0.999903
3350 53.206993 53.206993 53.206993 0.999903 0.999903 0.999903
3360 53.206993 53.206993 53.206993 0.999903 0.999903 0.999903
3370 53.206993 53.206993 53.206993 0.999903 0.999903 0.999903
3380 53.206993 53.206993 53.206993 0.999903 0.999903 0.999903
3390 53.206993 53.206993 53.206993 0.999903 0.999903 0.999903
3400 53.206993 53.206993 53.206993 0.999903 0.999903 0.999903
3410 53.206993 53.206993 53.206993 0.999903 0.999903 0.999903
3420 53.206993 53.206993 53.206993 0.999903 0.999903 0.999903
3430 53.206993 53.206993 53.206993 0.999903 0.999903 0.999903
3440 53.206993 53.206993 53.206993 0.999903 0.999903 0.999903
3450 53.206993 53.206993 53.206993 0.999903 0.999903 0.999903
3460 53.206993 53.206993 53.206993 0.999903 0.999903 0.999903
3470 53.206993 53.206993 53.206993 0.999903 0.999903 0.999903
3480 53.206993 53.206993 53.206993 0.999903 0.999903 0.999903
3490 53.206993 53.206993 53.206993 0.999903 0.999903 0.999903
3500 53.206993 53.206993 53.206993 0.999903 0.999903 0.999903
3510 53.206993 53.206993 53.206993 0.999903 0.999903 0.999903
3520 53.206993 53.206993 53.206993 0.999903 0.999903 0.999903
3530 53.206993 53.206993 53.206993 0.999903 0.999903 0.999903
3540 53.206993 53.206993 53.206993 0.999903 0.999903 0.999903
3550 53.206993 53.206993 53.206993 0.999903 0.999903 0.999903
3560 53.206993 53.206993 53.206993 0.999903 0.999903 0.999903
3570 53.206993 53.206993 53.206993 0.999903 0.999903 0.999903
3580 53.206993 53.206993 53.206993 0.999903 0.999903 0.999903
3590 53.206993 53.206993 53.206993 0.999903 0.999903 0.999903
3600 53.206993 53.206993 53.206993 0.999903 0.999903 0.999903
3610 53.206993 53.206993 53.206993 0.999903 0.999903 0.999903
3620 53.206993 53.206993 53.206993 0.999903 0.999903 0.999903
3630 53.206993 53.206993 53.206993 0.999903 0.999903 0.999903
3640 53.206993 53.206993 53.206993 0.999903 0.999903 0.999903
3650 53.206993 53.206993 53.206993 0.999903 0.999903 0.999903
3660 53.206993 53.206993 53.206993 0.999903 0.999903 0.999903
3670 53.206993 53.206993 53.206993 0.999903 0.999903 0.999903
3680 53.206993 53.206993 53.206993 0.999903 0.999903 0.999903
3690 53.206993 53.206993 53.206993 0.999903 0.999903 0.999903
3700 53.206993 53.206993 53.206993 0.999903 0.999903 0.999903
3710 53.206993 53.206993 53.206993 0.999903 0.999903 0.999903
3720 53.206993 53.206993 53.206993 0.999903 0.999903 0.999903
3730 53.206993 53.206993 53.206993 0.999903 0.999903 0.999903
3740 53.206993 53.206993 53.206993 0.999903 0.999903 0.999903
3750 53.206993 53.206993 53.206993 0.999903 0.999903 0.999903
3760 53.206993 53.206993 53.206993 0.999903 0.999903 0.999903
3770 53.206993 53.206993 53.206993 0.999903 0.999903 0.999903
3780 53.206993 53.206993 53.206993 0.999903 0.999903 0.999903
3790 53.206993 53.206993 53.206993 0.999903 0.999903 0.999903
3800 53.206993 53.206993 53.206993 0.999903 0.999903 0.999903
3810 53.206993 53.206993 53.206993 0.999903 0.999903 0.999903
3820 53.206993 53.206993 53.206993 0.999903 0.999903 0.999903
3830 53.206993 53.206993 53.206993 0.999903 0.999903 0.999903
3840 53.206993 53.206993 53.206993 0.999903 0.999903 0.999903
3850 53.206993 53.206993 53.206993 0.999903 0.999903 0.999903
3860 53.206993 53.206993 53.206993 0.999903 0.999903 0.999903
3870 53.206993 53.206993 53.206993 0.999903 0.999903 0.999903
3880 53.206993 53.206993 53.206993 0.999903 0.999903 0.999903
3890 53.206993 53.206993 53.206993 0.999903 0.999903 0.999903
3900 53.206993 53.206993 53.206993 0.999903 0.999903 0.999903
3910 53.206993 53.206993 53.206993 0.999903 0.999903 0.999903
3920 53.206993 53.206993 53.206993 0.999903 0.999903 0.999903
3930 53.206993 53.206993 53.206993 0.999903 0.999903 0.999903
3940 53.206993 53.206993 53.206993 0.999903 0.999903 0.999903
3950 53.206993 53.206993 53.206993 0.999903 0.999903 0.999903
3960 53.206993 53.206993 53.206993 0.999903 0.999903 0.999903
3970 53.206993 53.206993 53.206993 0.999903 0.999903 0.999903
3980 53.206993 53.206993 53.206993 0.999903 0.999903 0.999903
3990 53.206993 53.206993 53.206993 0.999903 0.999903 0.999903
4000 53.206993 53.206993 53.206993 0.999903 0.999903 0.999903
4010 53.206993 53.206993 53.206993 0.999903 0.999903 0.999903
4020 53.206993 53.206993 53.206993 0.999903 0.999903 0.999903
4030 53.206993 53.206993 53.206993 0.999903 0.999903 0.999903
4040 53.206993 53.206993 53.206993 0.999903 0.999903 0.999903
4050 53.206993 53.206993 53.206993 0.999903 0.999903 0.999903
4060 53.206993 53.206993 53.206993 0.999903 0.999903 0.999903
4070 53.206993 53.206993 53.206993 0.999903 0.999903 0.999903
4080 53.206993 53.206993 53.206993 0.999903 0.999903 0.999903
4090 53.206993 53.206993 53.206993 0.999903 0.999903 0.999903
4100 53.206993 53.206993 53.206993 0.999903 0.999903 0.999903
4110 53.206993 53.206993 53.206993 0.999903 0.999903 0.999903
4120 53.206993 53.206993 53.206993 0.999903 0.999903 0.999903
4130 53.206993 53.206993 53.206993 0.999903 0.999903 0.999903
4140 53.206993 53.206993 53.206993 0.999903 0.999903 0.999903
4150 53.206993 53.206993 53.206993 0.999903 0.999903 0.999903
4160 53.206993 53.206993 53.206993 0.999903 0.999903 0.999903
4170 53.206993 53.206993 53.206993 0.999903 0.999903 0.999903
4180 53.206993 53.206993 53.206993 0.999903 0.999903 0.999903
4190 53.206993 53.206993 53.206993 0.999903 0.999903 0.999903
4200 53.206993 53.206993 53.206993 0.999903 0.999903 0.999903
4210 53.206993 53.206993 53.206993 0.999903 0.999903 0.999903
4220 53.206993 53.206993 53.206993 0.999903 0.999903 0.999903
4230 53.206993 53.206993 53.206993 0.999903 0.999903 0.999903
4240 53.206993 53.206993 53.206993 0.999903 0.999903 0.999903
4250 53.206993 53.206993 53.206993 0.999903 0.999903 0.999903
4260 53.206993 53.206993 53.206993 0.999903 0.999903 0.999903
4270 53.206993 53.206993 53.206993 0.999903 0.999903 0.999903
4280 53.206993 53.206993 53.206993 0.999903 0.999903 0.999903
4290 53.206993 53.206993 53.206993 0.999903 0.999903 0.999903
4300 53.206993 53.206993 53.206993 0.999903 0.999903 0.999903
4310 53.206993 53.206993 53.206993 0.999903 0.999903 0.999903
4320 53.206993 53.206993 53.206993 0.999903 0.999903 0.999903
4330 53.206993 53.206993 53.206993 0.999903 0.999903 0.999903
4340 53.206993 53.206993 53.206993 0.999903 0.999903 0.999903
4350 53.206993 53.206993 53.206993 0.999903 0.999903 0.999903
4360 53.206993 53.206993 53.206993 0.999903 0.999903 0.999903
4370 53.206993 53.206993 53.206993 0.999903 0.999903 0.999903
4380 53.206993 53.206993 53.206993 0.999903 0.999903 0.999903
4390 53.206993 53.206993 53.206993 0.999903 0.999903 0.999903
4400 53.206993 53.206993 53.206993 0.999903 0.999903 0.999903
4410 53.206993 53.206993 53.206993 0.999903 0.999903 0.999903
4420 53.206993 53.206993 53.206993 0.999903 0.999903 0.999903
4430 53.206993 53.206993 53.206993 0.999903 0.999903 0.999903
4440 53.206993 53.206993 53.206993 0.999903 0.999903 0.999903
4450 53.206993 53.206993 53.206993 0.999903 0.999903 0.999903
4460 53.206993 53.206993 53.206993 0.999903 0.999903 0.999903
4470 53.206993 53.206993 53.206993 0.999903 0.999903 0.999903
4480 53.206993 53.206993 53.206993 0.999903 0.999903 0.999903
4490 53.206993 53.206993 53.206993 0.999903 0.999903 0.999903
4500 53.206993 53.206993 53.206993 0.999903 0.999903 0.999903
4510 53.206993 53.206993 53.206993 0.999903 0.999903 0.999903
4520 53.206993 53.206993 53.206993 0.999903 0.999903 0.999903
4530 53.206993 53.206993 53.206993 0.999903 0.999903 0.999903
4540 53.206993 53.206993 53.206993 0.999903 0.999903 0.999903
4550 53.206993 53.206993 53.206993 0.999903 0.999903 0.999903
4560 53.206993 53.206993 53.206993 0.999903 0.999903 0.999903
4570 53.206993 53.206993 53.206993 0.999903 0.999903 0.999903
4580 53.206993 53.206993 53.206993 0.999903 0.999903 0.999903
4590 53.206993 53.206993 53.206993 0.999903 0.999903 0.999903
4600 53.206993 53.206993 53.206993 0.999903 0.999903 0.999903
4610 53.206993 53.206993 53.206993 0.999903 0.999903 0.999903
4620 53.206993 53.206993 53.206993 0.999903 0.999903 0.999903
4630 53.206993 53.206993 53.206993 0.999903 0.999903 0.999903
4640 53.206993 53.206993 53.206993 0.999903 0.999903 0.999903
4650 53.206993 53.206993 53.206993 0.999903 0.999903 0.999903
4660 53.206993 53.206993 53.206993 0.999903 0.999903 0.999903
4670 53.206993 53.206993 53.206993 0.999903 0.999903 0.999903
4680 53.206993 53.206993 53.206993 0.999903 0.999903 0.999903
4690 53.206993 53.206993 53.206993 0.999903 0.999903 0.999903
4700 53.206993 53.206993 53.206993 0.999903 0.999903 0.999903
4710 53.206993 53.206993 53.206993 0.999903 0.999903 0.999903
4720 53.206993 53.206993 53.206993 0.999903 0.999903 0.999903
4730 53.206993 53.206993 53.206993 0.999903 0.999903 0.999903
4740 53.206993 53.206993 53.206993 0.999903 0.999903 0.999903
4750 53.206993 53.206993 53.206993 0.999903 0.999903 0.999903
4760 53.206993 53.206993 53.206993 0.999903 0.999903 0.999903
4770 53.206993 53.206993 53.206993 0.999903 0.999903 0.999903
4780 53.206993 53.206993 53.206993 0.999903 0.999903 0.999903
4790 53.206993 53.206993 53.206993 0.999903 0.999903 0.999903
4800 53.206993 53.206993 53.206993 0.999903 0.999903 0.999903
4810 53.206993 53.206993 53.206993 0.999903 0.999903 0.999903
4820 53.206993 53.206993 53.206993 0.999903 0.999903 0.999903
4830 53.206993 53.206993 53.206993 0.999903 0.999903 0.999903
4840 53.206993 53.206993 53.206993 0.999903 0.999903 0.999903
4850 53.206993 53.206993 53.206993 0.999903 0.999903 0.999903
4860 53.206993 53.206993 53.206993 0.999903 0.999903 0.999903
4870 53.206993 53.206993 53.206993 0.999903 0.999903 0.999903
4880 53.206993 53.206993 53.206993 0.999903 0.999903 0.999903
4890 53.206993 53.206993 53.206993 0.999903 0.999903 0.999903
4900 53.206993 53.206993 53.206993 0.999903 0.999903 0.999903
4910 53.206993 53.206993 53.206993 0.999903 0.999903 0.999903
4920 53.206993 53.206993 53.206993 0.999903 0.999903 0.999903
4930 53.206993 53.206993 53.206993 0.999903 0.999903 0.999903
4940 53.206993 53.206993 53.206993 0.999903 0.999903 0.999903
4950 53.206993 53.206993 53.206993 0.999903 0.999903 0.999903
4960 53.206993 53.206993 53.206993 0.999903 0.999903 0.999903
4970 53.206993 53.206993 53.206993 0.999903 0.999903 0.999903
4980 53.206993 53.206993 53.206993 0.999903 0.999903 0.999903
4990 53.206993 53.206993 53.206993 0.999903 0.999903 0.999903
5000 53.206993 53.206993 53.206993 0.999903 0.999903 0.999903
5010 53.206993 53.206993 53.206993 0.999903 0.999903 0.999903
5020 53.206993 53.206993 53.206993 0.999903 0.999903 0.999903
5030 53.206993 53.206993 53.206993 0.999903 0.999903 0.999903
5040 53.206993 53.206993 53.206993 0.999903 0.999903 0.999903
5050 53.206993 53.206993 53.206993 0.999903 0.999903 0.999903
5060 53.206993 53.206993 53.206993 0.999903 0.999903 0.999903
5070 53.206993 53.206993 53.206993 0.999903 0.999903 0.999903
5080 53.206993 53.206993 53.206993 0.999903 0.999903 0.999903
5090 53.206993 53.206993 53.206993 0.999903 0.999903 0.999903
5100 53.206993 53.206993 53.206993 0.999903 0.999903 0.999903
5110 53.206993 53.206993 53.206993 0.999903 0.999903 0.999903
5120 53.206993 53.206993 53.206993 0.999903 0.999903 0.999903
5130 53.206993 53.206993 53.206993 0.999903 0.999903 0.999903
5140 53.206993 53.206993 53.206993 0.999903 0.999903 0.999903
5150 53.206993 53.206993 53.206993 0.999903 0.999903 0.999903
5160 53.206993 53.206993 53.206993 0.999903 0.999903 0.999903
5170 53.206993 53.206993 53.206993 0.999903 0.999903 0.999903
5180 53.206993 53.206993 53.206993 0.999903 0.999903 0.999903
5190 53.206993 53.206993 53.206993 0.999903 0.999903 0.999903
5200 53.206993 53.206993 53.206993 0.999903 0.999903 0.999903
5210 53.206993 53.206993 53.206993 0.999903 0.999903 0.999903
5220 53.206993 53.206993 53.206993 0.999903 0.999903 0.999903
5230 53.206993 53.206993 53.206993 0.999903 0.999903 0.999903
5240 53.206993 53.206993 53.206993 0.999903 0.999903 0.999903
5250 53.206993 53.206993 53.206993 0.999903 0.999903 0.999903
5260 53.206993 53.206993 53.206993 0.999903 0.999903 0.999903
5270 53.206993 53.206993 53.206993 0.999903 0.999903 0.999903
5280 53.206993 53.206993 53.206993 0.999903 0.999903 0.999903
5290 53.206993 53.206993 53.206993 0.999903 0.999903 0.999903
5300 53.206993 53.206993 53.206993 0.999903 0.999903 0.999903
5310 53.206993 53.206993 53.206993 0.999903 0.999903 0.999903
5320 53.206993 53.206993 53.206993 0.999903 0.999903 0.999903
5330 53.206993 53.206993 53.206993 0.999903 0.999903 0.999903
5340 53.206993 53.206993 53.206993 0.999903 0.999903 0.999903
5350 53.206993 53.206993 53.206993 0.999903 0.999903 0.999903
5360 53.206993 53.206993 53.206993 0.999903 0.999903 0.999903
5370 53.206993 53.206993 53.206993 0.999903 0.999903 0.999903
5380 53.206993 53.206993 53.206993 0.999903 0.999903 0.999903
5390 53.206993 53.206993 53.206993 0.999903 0.999903 0.999903
5400 53.206993 53.206993 53.206993 0.999903 0.999903 0.999903
5410 53.206993 53.206993 53.206993 0.999903 0.999903 0.999903
5420 53.206993 53.206993 53.206993 0.999903 0.999903 0.999903
5430 53.206993 53.206993 53.206993 0.999903 0.999903 0.999903
5440 53.206993 53.206993 53.206993 0.999903 0.999903 0.999903
5450 53.206993 53.206993 53.206993 0.999903 0.999903 0.999903
5460 53.206993 53.206993 53.206993 0.999903 0.999903 0.999903
5470 53.206993 53.206993 53.206993 0.999903 0.999903 0.999903
5480 53.206993 53.206993 53.206993 0.999903 0.999903 0.999903
5490 53.206993 53.206993 53.206993 0.999903 0.999903 0.999903
5500 53.206993 53.206993 53.206993 0.999903 0.999903 0.999903
5510 53.206993 53.206993 53.206993 0.999903 0.999903 0.999903
5520 53.206993 53.206993 53.206993 0.999903 0.999903 0.999903
5530 53.206993 53.206993 53.206993 0.999903 0.999903 0.999903
5540 53.206993 53.206993 53.206993 0.999903 0.999903 0.999903
5550 53.206993 53.206993 53.206993 0.999903 0.999903 0.999903
5560 53.206993 53.206993 53.206993 0.999903 0.999903 0.999903
5570 53.206993 53.206993 53.206993 0.999903 0.999903 0.999903
5580 53.206993 53.206993 53.206993 0.999903 0.999903 0.999903
5590 53.206993 53.206993 53.206993 0.999903 0.999903 0.999903
5600 53.206993 53.206993 53.206993 0.999903 0.999903 0.999903
5610 53.206993 53.206993 53.206993 0.999903 0.999903 0.999903
5620 53.206993 53.206993 53.206993 0.999903 0.999903 0.999903
5630 53.206993 53.206993 53.206993 0.999903 0.999903 0.999903
5640 53.206993 53.206993 53.206993 0.999903 0.999903 0.999903
5650 53.206993 53.206993 53.206993 0.999903 0.999903 0.999903
5660 53.206993 53.206993 53.206993 0.999903 0.999903 0.999903
5670 53.206993 53.206993 53.206993 0.999903 0.999903 0.999903
5680 53.206993 53.206993 53.206993 0.999903 0.999903 0.999903
5690 53.206993 53.206993 53.206993 0.999903 0.999903 0.999903
5700 53.206993 53.206993 53.206993 0.999903 0.999903 0.999903
5710 53.206993 53.206993 53.206993 0.999903 0.999903 0.999903
5720 53.206993 53.206993 53.206993 0.999903 0.999903 0.999903
5730 53.206993 53.206993 53.206993 0.999903 0.999903 0.999903
5740 53.206993 53.206993 53.206993 0.999903 0.999903 0.999903
5750 53.206993 53.206993 53.206993 0.999903 0.999903 0.999903
5760 53.206993 53.206993 53.206993 0.999903 0.999903 0.999903
5770 53.206993 53.206993 53.206993 0.999903 0.999903 0.999903
5780 53.206993 53.206993 53.206993 0.999903 0.999903 0.999903
5790 53.206993 53.206993 53.206993 0.999903 0.999903 0.999903
5800 53.206993 53.206993 53.206993 0.999903 0.999903 0.999903
5810 53.206993 53.206993 53.206993 0.999903 0.999903 0.999903
5820 53.206993 53.206993 53.206993 0.999903 0.999903 0.999903
5830 53.206993 53.206993 53.206993 0.999903 0.999903 0.999903
5840 53.206993 53.206993 53.206993 0.999903 0.999903 0.999903
5850 53.206993 53.206993 53.206993 0.999903 0.999903 0.999903
5860 53.206993 53.206993 53.206993 0.999903 0.999903 0.999903
5870 53.206993 53.206993 53.206993 0.999903 0.999903 0.999903
5880 53.206993 53.206993 53.206993 0.999903 0.999903 0.999903
5890 53.206993 53.206993 53.206993 0.999903 0.999903 0.999903
5900 53.206993 53.206993 53.206993 0.999903 0.999903 0.999903
5910 53.206993 53.206993 53.206993 0.999903 0.999903 0.999903
5920 53.206993 53.206993 53.206993 0.999903 0.999903 0.999903
5930 53.206993 53.206993 53.206993 0.999903 0.999903 0.999903
5940 53.206993 53.206993 53.206993 0.999903 0.999903 0.999903
5950 53.206993 53.206993 53.206993 0.999903 0.999903 0.999903
5960 53.206993 53.206993 53.206993 0.999903 0.999903 0.999903
5970 53.206993 53.206993 53.206993 0.999903 0.999903 0.999903
5980 53.206993 53.206993 53.206993 0.999903 0.999903 0.999903
5990 53.206993 53.206993 53.206993 0.999903 0.999903 0.999903
6000 53.206993 53.206993 53.206993 0.999903 0.999903 0.999903
6010 53.206993 53.206993 53.206993 0.999903 0.999903 0.999903
6020 53.206993 53.206993 53.206993 0.999903 0.999903 0.999903
6030 53.206993 53.206993 53.206993 0.999903 0.999903 0.999903
6040 53.206993 53.206993 53.206993 0.999903 0.999903 0.999903
6050 53.206993 53.206993 53.206993 0.999903 0.999903 0.999903
6060 53.206993 53.206993 53.206993 0.999903 0.999903 0.999903
6070 53.206993 53.206993 53.206993 0.999903 0.999903 0.999903
6080 53.206993 53.206993 53.206993 0.999903 0.999903 0.999903
6090 53.206993 53.206993 53.206993 0.999903 0.999903 0.999903
6100 53.206993 53.206993 53.206993 0.999903 0.999903 0.999903
6110 53.206993 53.206993 53.206993 0.999903 0.999903 0.999903
6120 53.206993 53.206993 53.206993 0.999903 0.999903 0.999903
6130 53.206993 53.206993 53.206993 0.999903 0.999903 0.999903
6140 53.206993 53.206993 53.206993 0.999903 0.999903 0.999903
6150 53.206993 53.206993 53.206993 0.999903 0.999903 0.999903
6160 53.206993 53.206993 53.206993 0.999903 0.999903 0.999903
6170 53.206993 53.206993 53.206993 0.999903 0.999903 0.999903
6180 53.206993 53.206993 53.206993 0.999903 0.999903 0.999903
6190 53.206993 53.206993 53.206993 0.999903 0.999903 0.999903
6200 53.206993 53.206993 53.206993 0.999903 0.999903 0.999903
6210 53.206993 53.206993 53.206993 0.999903 0.999903 0.999903
6220 53.206993 53.206993 53.206993 0.999903 0.999903 0.999903
6230 53.206993 53.206993 53.206993 0.999903 0.999903 0.999903
6240 53.206993 53.206993 53.206993 0.999903 0.999903 0.999903
6250 53.206993 53.206993 53.206993 0.999903 0.999903 0.999903
6260 53.206993 53.206993 53.206993 0.999903 0.999903 0.999903
6270 53.206993 53.206993 53.206993 0.999903 0.999903 0.999903
6280 53.206993 53.206993 53.206993 0.999903 0.999903 0.999903
6290 53.206993 53.206993 53.206993 0.999903 0.999903 0.999903
6300 53.206993 53.206993 53.206993 0.999903 0.999903 0.999903
6310 53.206993 53.206993 53.206993 0.999903 0.999903 0.999903
6320 53.206993 53.206993 53.206993 0.999903 0.999903 0.999903
6330 53.206993 53.206993 53.206993 0.999903 0.999903 0.999903
6340 53.206993 53.206993 53.206993 0.999903 0.999903 0.999903
6350 53.206993 53.206993 53.206993 0.999903 0.999903 0.999903
6360 53.206993 53.206993 53.206993 0.999903 0.999903 0.999903
6370 53.206993 53.206993 53.206993 0.999903 0.999903 0.999903
6380 53.206993 53.206993 53.206993 0.999903 0.999903 0.999903
6390 53.206993 53.206993 53.206993 0.999903 0.999903 0.999903
6400 53.206993 53.206993 53.206993 0.999903 0.999903 0.999903
6410 53.206993 53.206993 53.206993 0.999903 0.999903 0.999903
6420 53.206993 53.206993 53.206993 0.999903 0.999903 0.999903
6430 53.206993 53.206993 53.206993 0.999903 0.999903 0.999903
6440 53.206993 53.206993 53.206993 0.999903 0.999903 0.999903
6450 53.206993 53.206993 53.206993 0.999903 0.999903 0.999903
6460 53.206993 53.206993 53.206993 0.999903 0.999903 0.999903
6470 53.206993 53.206993 53.206993 0.999903 0.999903 0.999903
6480 53.206993 53.206993 53.206993 0.999903 0.999903 0.999903
6490 53.206993 53.206993 53.206993 0.999903 0.999903 0.999903
6500 53.206993 53.206993 53.206993 0.999903 0.999903 0.999903
6510 53.206993 53.206993 53.206993 0.999903 0.999903 0.999903
6520 53.206993 53.206993 53.206993 0.999903 0.999903 0.999903
6530 53.206993 53.206993 53.206993 0.999903 0.999903 0.999903
6540 53.206993 53.206993 53.206993 0.999903 0.999903 0.999903
6550 53.206993 53.206993 53.206993 0.999903 0.999903 0.999903
6560 53.206993 53.206993 53.206993 0.999903 0.999903 0.999903
6570 53.206993 53.206993 53.206993 0.999903 0.999903 0.999903
6580 53.206993 53.206993 53.206993 0.999903 0.999903 0.999903
6590 53.206993 53.206993 53.206993 0.999903 0.999903 0.999903
6600 53.206993 53.206993 53.206993 0.999903 0.999903 0.999903
6610 53.206993 53.206993 53.206993 0.999903 0.999903 0.999903
6620 53.206993 53.206993 53.206993 0.999903 0.999903 0.999903
6630 53.206993 53.206993 53.206993 0.999903 0.999903 0.999903
6640 53.206993 53.206993 53.206993 0.999903 0.999903 0.999903
6650 53.206993 53.206993 53.206993 0.999903 0.999903 0.999903
6660 53.206993 53.206993 53.206993 0.999903 0.999903 0.999903
6670 53.206993 53.206993 53.206993 0.999903 0.999903 0.999903
6680 53.206993 53.206993 53.206993 0.999903 0.999903 0.999903
6690 53.206993 53.206993 53.206993 0.999903 0.999903 0.999903
6700 53.206993 53.206993 53.206993 0.999903 0.999903 0.999903
6710 53.206993 53.206993 53.206993 0.999903 0.999903 0.999903
6720 53.206993 53.206993 53.206993 0.999903 0.999903 0.999903
6730 53.206993 53.206993 53.206993 0.999903 0.999903 0.999903
6740 53.206993 53.206993 53.206993 0.999903 0.999903 0.999903
6750 53.206993 53.206993 53.206993 0.999903 0.999903 0.999903
6760 53.206993 53.206993 53.206993 0.999903 0.999903 0.999903
6770 53.206993 53.206993 53.206993 0.999903 0.999903 0.999903
6780 53.206993 53.206993 53.206993 0.999903 0.999903 0.999903
6790 53.206993 53.206993 53.206993 0.999903 0.999903 0.999903
6800 53.206993 53.206993 53.206993 0.999903 0.999903 0.999903
6810 53.206993 53.206993 53.206993 0.999903 0.999903 0.999903
6820 53.206993 53.206993 53.206993 0.999903 0.999903 0.999903
6830 53.206993 53.206993 53.206993 0.999903 0.999903 0.999903
6840 53.206993 53.206993 53.206993 0.999903 0.999903 0.999903
6850 53.206993 53.206993 53.206993 0.999903 0.999903 0.999903
6860 53.206993 53.206993 53.206993 0.999903 0.999903 0.999903
6870 53.206993 53.206993 53.206993 0.999903 0.999903 0.999903
6880 53.206993 53.206993 53.206993 0.999903 0.999903 0.999903
6890 53.206993 53.206993 53.206993 0.999903 0.999903 0.999903
6900 53.206993 53.206993 53.206993 0.999903 0.999903 0.999903
6910 53.206993 53.206993 53.206993 0.999903 0.999903 0.999903
6920 53.206993 53.206993 53.206993 0.999903 0.999903 0.999903
6930 53.206993 53.206993 53.206993 0.999903 0.999903 0.999903
6940 53.206993 53.206993 53.206993 0.999903 0.999903 0.999903
6950 53.206993 53.206993 53.206993 0.999903 0.999903 0.999903
6960 53.206993 53.206993 53.206993 0.999903 0.999903 0.999903
6970 53.206993 53.206993 53.206993 0.999903 0.999903 0.999903
6980 53.206993 53.206993 53.206993 0.999903 0.999903 0.999903
6990 53.206993 53.206993 53.206993 0.999903 0.999903 0.999903
7000 53.206993 53.206993 53.206993 0.999903 0.999903 0.999903
7010 53.206993 53.206993 53.206993 0.999903 0.999903 0.999903
7020 53.206993 53.206993 53.206993 0.999903 0.999903 0.999903
7030 53.206993 53.206993 53.206993 0.999903 0.999903 0.999903
7040 53.206993 53.206993 53.206993 0.999903 0.999903 0.999903
7050 53.206993 53.206993 53.206993 0.999903 0.999903 0.999903
7060 53.206993 53.206993 53.206993 0.999903 0.999903 0.999903
7070 53.206993 53.206993 53.206993 0.999903 0.999903 0.999903
7080 53.206993 53.206993 53.206993 0.999903 0.999903 0.999903
7090 53.206993 53.206993 53.206993 0.999903 0.999903 0.999903
7100 53.206993 53.206993 53.206993 0.999903 0.999903 0.999903
7110 53.206993 53.206993 53.206993 0.999903 0.999903 0.999903
7120 53.206993 53.206993 53.206993 0.999903 0.999903 0.999903
7130 53.206993 53.206993 53.206993 0.999903 0.999903 0.999903
7140 53.206993 53.206993 53.206993 0.999903 0.999903 0.999903
7150 53.206993 53.206993 53.206993 0.999903 0.999903 0.999903
7160 53.206993 53.206993 53.206993 0.999903 0.999903 0.999903
7170 53.206993 53.206993 53.206993 0.999903 0.999903 0.999903
7180 53.206993 53.206993 53.206993 0.999903 0.999903 0.999903
7190 53.206993 53.206993 53.206993 0.999903 0.999903 0.999903
7200 53.206993 53.206993 53.206993 0.999903 0.999903 0.999903
7210 53.206993 53.206993 53.206993 0.999903 0.999903 0.999903
7220 53.206993 53.206993 53.206993 0.999903 0.999903 0.999903
7230 53.206993 53.206993 53.206993 0.999903 0.999903 0.999903
7240 53.206993 53.206993 53.206993 0.999903 0.999903 0.999903
7250 53.206993 53.206993 53.206993 0.999903 0.999903 0.999903
7260 53.206993 53.206993 53.206993 0.999903 0.999903 0.999903
7270 53.206993 53.206993 53.206993 0.999903 0.999903 0.999903
7280 53.206993 53.206993 53.206993 0.999903 0.999903 0.999903
7290 53.206993 53.206993 53.206993 0.999903 0.999903 0.999903
7300 53.206993 53.206993 53.206993 0.999903 0.999903 0.999903
7310 53.206993 53.206993 53.206993 0.999903 0.999903 0.999903
7320 53.206993 53.206993 53.206993 0.999903 0.999903 0.999903
7330 53.206993 53.206993 53.206993 0.999903 0.999903 0.999903
7340 53.206993 53.206993 53.206993 0.999903 0.999903 0.999903
7350 53.206993 53.206993 53.206993 0.999903 0.999903 0.999903
7360 53.206993 53.206993 53.206993 0.999903 0.999903 0.999903
7370 53.206993 53.206993 53.206993 0.999903 0.999903 0.999903
7380 53.206993 53.206993 53.206993 0.999903 0.999903 0.999903
7390 53.206993 53.206993 53.206993 0.999903 0.999903 0.999903
7400 53.206993 53.206993 53.206993 0.999903 0.999903 0.999903
7410 53.206993 53.206993 53.206993 0.999903 0.999903 0.999903
7420 53.206993 53.206993 53.206993 0.999903 0.999903 0.999903
7430 53.206993 53.206993 53.206993 0.999903 0.999903 0.999903
7440 53.206993 53.206993 53.206993 0.999903 0.999903 0.999903
7450 53.206993 53.206993 53.206993 0.999903 0.999903 0.999903
7460 53.206993 53.206993 53.206993 0.999903 0.999903 0.999903
7470 53.206993 53.206993 53.206993 0.999903 0.999903 0.999903
7480 53.206993 53.206993 53.206993 0.999903 0.999903 0.999903
7490 53.206993 53.206993 53.206993 0.999903 0.999903 0.999903
7500 53.206993 53.206993 53.206993 0.999903 0.999903 0.999903
7510 53.206993 53.206993 53.206993 0.999903 0.999903 0.999903
7520 53.206993 53.206993 53.206993 0.999903 0.999903 0.999903
7530 53.206993 53.206993 53.206993 0.999903 0.999903 0.999903
7540 53.206993 53.206993 53.206993 0.999903 0.999903 0.999903
7550 53.206993 53.206993 53.206993 0.999903 0.999903 0.999903
7560 53.206993 53.206993 53.206993 0.999903 0.999903 0.999903
7570 53.206993 53.206993 53.206993 0.999903 0.999903 0.999903
7580 53.206993 53.206993 53.206993 0.999903 0.999903 0.999903
7590 53.206993 53.206993 53.206993 0.999903 0.999903 0.999903
7600 53.206993 53.206993 53.206993 0.999903 0.999903 0.999903
7610 53.206993 53.206993 53.206993 0.999903 0.999903 0.999903
7620 53.206993 53.206993 53.206993 0.999903 0.999903 0.999903
7630 53.206993 53.206993 53.206993 0.999903 0.999903 0.999903
7640 53.206993 53.206993 53.206993 0.999903 0.999903 0.999903
7650 53.206993 53.206993 53.206993 0.999903 0.999903 0.999903
7660 53.206993 53.206993 53.206993 0.999903 0.999903 0.999903
7670 53.206993 53.206993 53.206993 0.999903 0.999903 0.999903
7680 53.206993 53.206993 53.206993 0.999903 0.999903 0.999903
7690 53.206993 53.206993 53.206993 0.999903 0.999903 0.999903
7700 53.206993 53.206993 53.206993 0.999903 0.999903 0.999903
7710 53.206993 53.206993 53.206993 0.999903 0.999903 0.999903
7720 53.206993 53.206993 53.206993 0.999903 0.999903 0.999903
7730 53.206993 53.206993 53.206993 0.999903 0.999903 0.999903
7740 53.206993 53.206993 53.206993 0.999903 0.999903 0.999903
7750 53.206993 53.206993 53.206993 0.999903 0.999903 0.999903
7760 53.206993 53.206993 53.206993 0.999903 0.999903 0.999903
7770 53.206993 53.206993 53.206993 0.999903 0.999903 0.999903
7780 53.206993 53.206993 53.206993 0.999903 0.999903 0.999903
7790 53.206993 53.206993 53.206993 0.999903 0.999903 0.999903
7800 53.206993 53.206993 53.206993 0.999903 0.999903 0.999903
7810 53.206993 53.206993 53.206993 0.999903 0.999903 0.999903
7820 53.206993 53.206993 53.206993 0.999903 0.999903 0.999903
7830 53.206993 53.206993 53.206993 0.999903 0.999903 0.999903
7840 53.206993 53.206993 53.206993 0.999903 0.999903 0.999903
7850 53.206993 53.206993 53.206993 0.999903 0.999903 0.999903
7860 53.206993 53.206993 53.206993 0.999903 0.999903 0.999903
7870 53.206993 53.206993 53.206993 0.999903 0.999903 0.999903
7880 53.206993 53.206993 53.206993 0.999903 0.999903 0.999903
7890 53.206993 53.206993 53.206993 0.999903 0.999903 0.999903
7900 53.206993 53.206993 53.206993 0.999903 0.999903 0.999903
7910 53.206993 53.206993 53.206993 0.999903 0.999903 0.999903
7920 53.206993 53.206993 53.206993 0.999903 0.999903 0.999903
7930 53.206993 53.206993 53.206993 0.999903 0.999903 0.999903
7940 53.206993 53.206993 53.206993 0.999903 0.999903 0.999903
7950 53.206993 53.206993 53.206993 0.999903 0.999903 0.999903
7960 53.206993 53.206993 53.206993 0.999903 0.999903 0.999903
7970 53.206993 53.206993 53.206993 0.999903 0.999903 0.999903
7980 53.206993 53.206993 53.206993 0.999903 0.999903 0.999903
7990 53.206993 53.206993 53.206993 0.999903 0.999903 0.999903
8000 53.206993 53.206993 53.206993 0.999903 0.999903 0.999903
8010 53.206993 53.206993 53.206993 0.999903 0.999903 0.999903
8020 53.206993 53.206993 53.206993 0.999903 0.999903 0.999903
8030 53.206993 53.206993 53.206993 0.999903 0.999903 0.999903
8040 53.206993 53.206993 53.206993 0.999903 0.999903 0.999903
8050 53.206993 53.206993 53.206993 0.999903 0.999903 0.999903
8060 53.206993 53.206993 53.206993 0.999903 0.999903 0.999903
8070 53.206993 53.206993 53.206993 0.999903 0.999903 0.999903
8080 53.206993 53.206993 53.206993 0.999903 0.999903 0.999903
8090 53.206993 53.206993 53.206993 0.999903 0.999903 0.999903
8100 53.206993 53.206993 53.206993 0.999903 0.999903 0.999903
8110 53.206993 53.206993 53.206993 0.999903 0.999903 0.999903
8120 53.206993 53.206993 53.206993 0.999903 0.999903 0.999903
8130 53.206993 53.206993 53.206993 0.999903 0.999903 0.999903
8140 53.206993 53.206993 53.206993 0.999903 0.999903 0.999903
8150 53.206993 53.206993 53.206993 0.999903 0.999903 0.999903
8160 53.206993 53.206993 53.206993 0.999903 0.999903 0.999903
8170 53.206993 53.206993 53.206993 0.999903 0.999903 0.999903
8180 53.206993 53.206993 53.206993 0.999903 0.999903 0.999903
8190 53.206993 53.206993 53.206993 0.999903 0.999903 0.999903
8200 53.206993 53.206993 53.206993 0.999903 0.999903 0.999903
8210 53.206993 53.206993 53.206993 0.999903 0.999903 0.999903
8220 53.206993 53.206993 53.206993 0.999903 0.999903 0.999903
8230 53.206993 53.206993 53.206993 0.999903 0.999903 0.999903
8240 53.206993 53.206993 53.206993 0.999903 0.999903 0.999903
8250 53.206993 53.206993 53.206993 0.999903 0.999903 0.999903
8260 53.206993 53.206993 53.206993 0.999903 0.999903 0.999903
8270 53.206993 53.206993 53.206993 0.999903 0.999903 0.999903
8280 53.206993 53.206993 53.206993 0.999903 0.999903 0.999903
8290 53.206993 53.206993 53.206993 0.999903 0.999903 0.999903
8300 53.206993 53.206993 53.206993 0.999903 0.999903 0.999903
8310 53.206993 53.206993 53.206993 0.999903 0.999903 0.999903
8320 53.206993 53.206993 53.206993 0.999903 0.999903 0.999903
8330 53.206993 53.206993 53.206993 0.999903 0.999903 0.999903
8340 53.206993 53.206993 53.206993 0.999903 0.999903 0.999903
8350 53.206993 53.206993 53.206993 0.999903 0.999903 0.999903
8360 53.206993 53.206993 53.206993 0.999903 0.999903 0.999903
8370 53.206993 53.206993 53.206993 0.999903 0.999903 0.999903
8380 53.206993 53.206993 53.206993 0.999903 0.999903 0.999903
8390 53.206993 53.206993 53.206993 0.999903 0.999903 0.999903
8400 53.206993 53.206993 53.206993 0.999903 0.999903 0.999903
8410 53.206993 53.206993 53.206993 0.999903 0.999903 0.999903
8420 53.206993 53.206993 53.206993 0.999903 0.999903 0.999903
8430 53.206993 53.206993 53.206993 0.999903 0.999903 0.999903
8440 53.206993 53.206993 53.206993 0.999903 0.999903 0.999903
8450 53.206993 53.206993 53.206993 0.999903 0.999903 0.999903
8460 53.206993 53.206993 53.206993 0.999903 0.999903 0.999903
8470 53.206993 53.206993 53.206993 0.999903 0.999903 0.999903
8480 53.206993 53.206993 53.206993 0.999903 0.999903 0.999903
8490 53.206993 53.206993 53.206993 0.999903 0.999903 0.999903
8500 53.206993 53.206993 53.206993 0.999903 0.999903 0.999903
8510 53.206993 53.206993 53.206993 0.999903 0.999903 0.999903
8520 53.206993 53.206993 53.206993 0.999903 0.999903 0.999903
8530 53.206993 53.206993 53.206993 0.999903 0.999903 0.999903
8540 53.206993 53.206993 53.206993 0.999903 0.999903 0.999903
8550 53.206993 53.206993 53.206993 0.999903 0.999903 0.999903
8560 53.206993 53.206993 53.206993 0.999903 0.999903 0.999903
8570 53.206993 53.206993 53.206993 0.999903 0.999903 0.999903
8580 53.206993 53.206993 53.206993 0.999903 0.999903 0.999903
8590 53.206993 53.206993 53.206993 0.999903 0.999903 0.999903
8600 53.206993 53.206993 53.206993 0.999903 0.999903 0.999903
8610 53.206993 53.206993 53.206993 0.999903 0.999903 0.999903
8620 53.206993 53.206993 53.206993 0.999903 0.999903 0.999903
8630 53.206993 53.206993 53.206993 0.999903 0.999903 0.999903
8640 53.206993 53.206993 53.206993 0.999903 0.999903 0.999903
8650 53.206993 53.206993 53.206993 0.999903 0.999903 0.999903
8660 53.206993 53.206993 53.206993 0.999903 0.999903 0.999903
8670 53.206993 53.206993 53.206993 0.999903 0.999903 0.999903
8680 53.206993 53.206993 53.206993 0.999903 0.999903 0.999903
8690 53.206993 53.206993 53.206993 0.999903 0.999903 0.999903
8700 53.206993 53.206993 53.206993 0.999903 0.999903 0.999903
8710 53.206993 53.206993 53.206993 0.999903 0.999903 0.999903
8720 53.206993 53.206993 53.206993 0.999903 0.999903 0.999903
8730 53.206993 53.206993 53.206993 0.999903 0.999903 0.999903
8740 53.206993 53.206993 53.206993 0.999903 0.999903 0.999903
8750 53.206993 53.206993 53.206993 0.999903 0.999903 0.999903
8760 53.206993 53.206993 53.206993 0.999903 0.999903 0.999903
8770 53.206993 53.206993 53.206993 0.999903 0.999903 0.999903
8780 53.206993 53.206993 53.206993 0.999903 0.999903 0.999903
8790 53.206993 53.206993 53.206993 0.999903 0.999903 0.999903
8800 53.206993 53.206993 53.206993 0.999903 0.999903 0.999903
8810 53.206993 53.206993 53.206993 0.999903 0.999903 0.999903
8820 53.206993 53.206993 53.206993 0.999903 0.999903 0.999903
8830 53.206993 53.206993 53.206993 0.999903 0.999903 0.999903
8840 53.206993 53.206993 53.206993 0.999903 0.999903 0.999903
8850 53.206993 53.206993 53.206993 0.999903 0.999903 0.999903
8860 53.206993 53.206993 53.206993 0.999903 0.999903 0.999903
8870 53.206993 53.206993 53.206993 0.999903 0.999903 0.999903
8880 53.206993 53.206993 53.206993 0.999903 0.999903 0.999903
8890 53.206993 53.206993 53.206993 0.999903 0.999903 0.999903
8900 53.206993 53.206993 53.206993 0.999903 0.999903 0.999903
8910 53.206993 53.206993 53.206993 0.999903 0.999903 0.999903
8920 53.206993 53.206993 53.206993 0.999903 0.999903 0.999903
8930 53.206993 53.206993 53.206993 0.999903 0.999903 0.999903
8940 53.206993 53.206993 53.206993 0.999903 0.999903 0.999903
8950 53.206993 53.206993 53.206993 0.999903 0.999903 0.999903
8960 53.206993 53.206993 53.206993 0.999903 0.999903 0.999903
8970 53.206993 53.206993 53.206993 0.999903 0.999903 0.999903
8980 53.206993 53.206993 53.206993 0.999903 0.999903 0.999903
8990 53.206993 53.206993 53.206993 0.999903 0.999903 0.999903
9000 53.206993 53.206993 53.206993 0.999903 0.999903 0.999903
9010 53.206993 53.206993 53.206993 0.999903 0.999903 0.999903
9020 53.206993 53.206993 53.206993 0.999903 0.999903 0.999903
9030 53.206993 53.206993 53.206993 0.999903 0.999903 0.999903
9040 53.206993 53.206993 53.206993 0.999903 0.999903 0.999903
9050 53.206993 53.206993 53.206993 0.999903 0.999903 0.999903
9060 53.206993 53.206993 53.206993 0.999903 0.999903 0.999903
9070 53.206993 53.206993 53.206993 0.999903 0.999903 0.999903
9080 53.206993 53.206993 53.206993 0.999903 0.999903 0.999903
9090 53.206993 53.206993 53.206993 0.999903 0.999903 0.999903
9100 53.206993 53.206993 53.206993 0.999903 0.999903 0.999903
9110 53.206993 53.206993 53.206993 0.999903 0.999903 0.999903
9120 53.206993 53.206993 53.206993 0.999903 0.999903 0.999903
9130 53.206993 53.206993 53.206993 0.999903 0.999903 0.999903
9140 53.206993 53.206993 53.206993 0.999903 0.999903 0.999903
9150 53.206993 53.206993 53.206993 0.999903 0.999903 0.999903
9160 53.206993 53.206993 53.206993 0.999903 0.999903 0.999903
9170 53.206993 53.206993 53.206993 0.999903 0.999903 0.999903
9180 53.206993 53.206993 53.206993 0.999903 0.999903 0.999903
9190 53.206993 53.206993 53.206993 0.999903 0.999903 0.999903
9200 53.206993 53.206993 53.206993 0.999903 0.999903 0.999903
9210 53.206993 53.206993 53.206993 0.999903 0.999903 0.999903
9220 53.206993 53.206993 53.206993 0.999903 0.999903 0.999903
9230 53.206993 53.206993 53.206993 0.999903 0.999903 0.999903
9240 53.206993 53.206993 53.206993 0.999903 0.999903 0.999903
9250 53.206993 53.206993 53.206993 0.999903 0.999903 0.999903
9260 53.206993 53.206993 53.206993 0.999903 0.999903 0.999903
9270 53.206993 53.206993 53.206993 0.999903 0.999903 0.999903
9280 53.206993 53.206993 53.206993 0.999903 0.999903 0.999903
9290 53.206993 53.206993 53.206993 0.999903 0.999903 0.999903
9300 53.206993 53.206993 53.206993 0.999903 0.999903 0.999903
9310 53.206993 53.206993 53.206993 0.999903 0.999903 0.999903
9320 53.206993 53.206993 53.206993 0.999903 0.999903 0.999903
9330 53.206993 53.206993 53.206993 0.999903 0.999903 0.999903
9340 53.206993 53.206993 53.206993 0.999903 0.999903 0.999903
9350 53.206993 53.206993 53.206993 0.999903 0.999903 0.999903
9360 53.206993 53.206993 53.206993 0.999903 0.999903 0.999903
9370 53.206993 53.206993 53.206993 0.999903 0.999903 0.999903
9380 53.206993 53.206993 53.206993 0.999903 0.999903 0.999903
9390 53.206993 53.206993 53.206993 0.999903 0.999903 0.999903
9400 53.206993 53.206993 53.206993 0.999903 0.999903 0.999903
9410 53.206993 53.206993 53.206993 0.999903 0.999903 0.999903
9420 53.206993 53.206993 53.206993 0.999903 0.999903 0.999903
9430 53.206993 53.206993 53.206993 0.999903 0.999903 0.999903
9440 53.206993 53.206993 53.206993 0.999903 0.999903 0.999903
9450 53.206993 53.206993 53.206993 0.999903 0.999903 0.999903
9460 53.206993 53.206993 53.206993 0.999903 0.999903 0.999903
9470 53.206993 53.206993 53.206993 0.999903 0.999903 0.999903
9480 53.206993 53.206993 53.206993 0.999903 0.999903 0.999903
9490 53.206993 53.206993 53.206993 0.999903 0.999903 0.999903
9500 53.206993 53.206993 53.206993 0.999903 0.999903 0.999903
9510 53.206993 53.206993 53.206993 0.999903 0.999903 0.999903
9520 53.206993 53.206993 53.206993 0.999903 0.999903 0.999903
9530 53.206993 53.206993 53.206993 0.999903 0.999903 0.999903
9540 53.206993 53.206993 53.206993 0.999903 0.999903 0.999903
9550 53.206993 53.206993 53.206993 0.999903 0.999903 0.999903
9560 53.206993 53.206993 53.206993 0.999903 0.999903 0.999903
9570 53.206993 53.206993 53.206993 0.999903 0.999903 0.999903
9580 53.206993 53.206993 53.206993 0.999903 0.999903 0.999903
9590 53.206993 53.206993 53.206993 0.999903 0.999903 0.999903
9600 53.206993 53.206993 53.206993 0.999903 0.999903 0.999903
9610 53.206993 53.206993 53.206993 0.999903 0.999903 0.999903
9620 53.206993 53.206993 53.206993 0.999903 0.999903 0.999903
9630 53.206993 53.206993 53.206993 0.999903 0.999903 0.999903
9640 53.206993 53.206993 53.206993 0.999903 0.999903 0.999903
9650 53.206993 53.206993 53.206993 0.999903 0.999903 0.999903
9660 53.206993 53.206993 53.206993 0.999903 0.999903 0.999903
9670 53.206993 53.206993 53.206993 0.999903 0.999903 0.999903
9680 53.206993 53.206993 53.206993 0.999903 0.999903 0.999903
9690 53.206993 53.206993 53.206993 0.999903 0.999903 0.999903
9700 53.206993 53.206993 53.206993 0.999903 0.999903 0.999903
9710 53.206993 53.206993 53.206993 0.999903 0.999903 0.999903
9720 53.206993 53.206993 53.206993 0.999903 0.999903 0.999903
9730 53.206993 53.206993 53.206993 0.999903 0.999903 0.999903
9740 53.206993 53.206993 53.206993 0.999903 0.999903 0.999903
9750 53.206993 53.206993 53.206993 0.999903 0.999903 0.999903
9760 53.206993 53.206993 53.206993 0.999903 0.999903 0.999903
9770 53.206993 53.206993 53.206993 0.999903 0.999903 0.999903
9780 53.206993 53.206993 53.206993 0.999903 0.999903 0.999903
9790 53.206993 53.206993 53.206993 0.999903 0.999903 0.999903
9800 53.206993 53.206993 53.206993 0.999903 0.999903 0.999903
9810 53.206993 53.206993 53.206993 0.999903 0.999903 0.999903
9820 53.206993 53.206993 53.206993 0.999903 0.999903 0.999903
9830 53.206993 53.206993 53.206993 0.999903 0.999903 0.999903
9840 53.206993 53.206993 53.206993 0.999903 0.999903 0.999903
9850 53.206993 53.206993 53.206993 0.999903 0.999903 0.999903
9860 53.206993 53.206993 53.206993 0.999903 0.999903 0.999903
9870 53.206993 53.206993 53.206993 0.999903 0.999903 0.999903
9880 53.206993 53.206993 53.206993 0.999903 0.999903 0.999903
9890 53.206993 53.206993 53.206993 0.999903 0.999903 0.999903
9900 53.206993 53.206993 53.206993 0.999903 0.999903 0.999903
9910 53.206993 53.206993 53.206993 0.999903 0.999903 0.999903
9920 53.206993 53.206993 53.206993 0.999903 0.999903 0.999903
9930 53.206993 53.206993 53.206993 0.999903 0.999903 0.999903
9940 53.206993 53.206993 53.206993 0.999903 0.999903 0.999903
9950 53.206993 53.206993 53.206993 0.999903 0.999903 0.999903
9960 53.206993 53.206993 53.206993 0.999903 0.999903 0.999903
9970 53.206993 53.206993 53.206993 0.999903 0.999903 0.999903
9980 53.206993 53.206993 53.206993 0.999903 0.999903 0.999903
9990 53.206993 53.206993 53.206993 0.999903 0.999903 0.999903
10000 53.206993 53.206993 53.206993 0.999903 0.999903 0.999903
