# generation power_min power_avg power_max util_min util_avg util_max
1 31.435110 32.299574 33.456131 0.543767 0.560917 0.575785
10 31.435110 32.196529 32.881063 0.548220 0.562551 0.575785
20 31.422529 32.088588 32.695856 0.552949 0.564301 0.575785
30 31.422529 32.006924 32.517118 0.553398 0.565423 0.575785
40 31.243195 31.911249 32.420905 0.555793 0.566800 0.578999
50 31.119981 31.817539 32.292289 0.555793 0.568297 0.580598
60 31.038735 31.735123 32.162810 0.561005 0.569749 0.581850
70 30.765476 31.648214 32.075326 0.562113 0.571155 0.586072
80 30.765476 31.565220 31.991350 0.564161 0.572433 0.586072
90 30.589203 31.473266 31.916487 0.564468 0.573889 0.590201
100 30.589203 31.399149 31.837415 0.564468 0.574990 0.590201
110 30.589203 31.319973 31.745823 0.564468 0.576338 0.590201
120 30.589203 31.237892 31.694073 0.566274 0.577819 0.590201
130 30.589203 31.164533 31.607801 0.568134 0.579103 0.590201
140 30.589203 31.085498 31.518633 0.571285 0.580462 0.590201
150 30.589203 31.012155 31.439523 0.571443 0.581666 0.590201
160 30.589203 30.948746 31.345006 0.572595 0.582948 0.590201
170 30.519264 30.886716 31.252569 0.576726 0.583996 0.590201
180 30.489466 30.825997 31.177616 0.578068 0.584916 0.591061
190 30.412554 30.768352 31.091570 0.578613 0.585830 0.591605
200 30.166342 30.708153 30.987792 0.578613 0.586800 0.594364
210 30.166342 30.665339 30.908262 0.579513 0.587494 0.594364
220 30.166342 30.620423 30.824912 0.584669 0.588268 0.594364
230 30.150419 30.579642 30.771804 0.585264 0.588798 0.594541
240 30.150419 30.542889 30.765476 0.585769 0.589381 0.595328
250 30.150419 30.494655 30.732089 0.585800 0.590071 0.595328
260 30.150419 30.455188 30.695498 0.586647 0.590589 0.595328
270 30.090734 30.408359 30.676688 0.586647 0.591240 0.595426
280 30.090734 30.367605 30.629805 0.586647 0.591780 0.595426
290 30.090734 30.324014 30.589203 0.589529 0.592326 0.595426
300 30.056329 30.292165 30.519264 0.589529 0.592735 0.595662
310 30.056329 30.260925 30.489466 0.590608 0.593146 0.595662
320 30.005891 30.232814 30.422121 0.590715 0.593478 0.596965
330 29.975241 30.209239 30.336945 0.591777 0.593791 0.596965
340 29.975241 30.193055 30.278867 0.592810 0.593991 0.596965
350 29.975241 30.180297 30.240555 0.592810 0.594099 0.596965
360 29.975241 30.169375 30.240555 0.592810 0.594260 0.596965
370 29.975241 30.156504 30.240555 0.592810 0.594439 0.596965
380 29.975241 30.140862 30.235262 0.592810 0.594677 0.596965
390 29.975241 30.125599 30.235262 0.592810 0.594959 0.597481
400 29.975241 30.114348 30.166342 0.594172 0.595104 0.597481
410 29.899632 30.099262 30.166342 0.594172 0.595309 0.597980
420 29.899632 30.083752 30.166342 0.594172 0.595508 0.597980
430 29.899632 30.063828 30.150419 0.594541 0.595780 0.597980
440 29.899632 30.051170 30.150419 0.594541 0.595974 0.597980
450 29.895443 30.029128 30.150419 0.594541 0.596272 0.597980
460 29.895443 30.011200 30.090734 0.595234 0.596509 0.597980
470 29.895443 29.996736 30.086545 0.595234 0.596697 0.597980
480 29.895443 29.982011 30.081499 0.595662 0.596864 0.597980
490 29.895443 29.968773 30.056329 0.595662 0.596990 0.597980
500 29.895443 29.953775 30.056329 0.595662 0.597208 0.597980
510 29.895443 29.939534 30.056329 0.595662 0.597415 0.597980
520 29.895443 29.926302 30.005891 0.596727 0.597577 0.597980
530 29.895443 29.917822 29.975241 0.596727 0.597682 0.597980
540 29.895443 29.910219 29.975241 0.596727 0.597786 0.597980
550 29.895443 29.902658 29.971052 0.596727 0.597893 0.597980
560 29.895443 29.898962 29.899632 0.597789 0.597950 0.597980
570 29.895443 29.898836 29.899632 0.597789 0.597944 0.597980
580 29.895443 29.898752 29.899632 0.597789 0.597940 0.597980
590 29.895443 29.898459 29.899632 0.597789 0.597927 0.597980
600 29.859470 29.897003 29.899632 0.597789 0.597955 0.599302
610 29.859470 29.895313 29.899632 0.597789 0.598004 0.599302
620 29.859470 29.893497 29.899632 0.597789 0.598047 0.599302
630 29.859470 29.892040 29.899632 0.597789 0.598075 0.599302
640 29.859470 29.890183 29.899632 0.597789 0.598117 0.599302
650 29.859470 29.887605 29.899632 0.597789 0.598188 0.599302
660 29.859470 29.885028 29.899632 0.597789 0.598260 0.599302
670 29.859470 29.882493 29.895443 0.597789 0.598333 0.599302
680 29.859470 29.879255 29.895443 0.597789 0.598469 0.599302
690 29.859470 29.875658 29.895443 0.597789 0.598621 0.599302
700 29.859470 29.872061 29.895443 0.597789 0.598772 0.599302
710 29.859470 29.868463 29.895443 0.597789 0.598923 0.599302
720 29.859470 29.864866 29.895443 0.597789 0.599075 0.599302
730 29.859470 29.861269 29.895443 0.597789 0.599226 0.599302
740 29.859470 29.859470 29.859470 0.599302 0.599302 0.599302
750 29.859470 29.859470 29.859470 0.599302 0.599302 0.599302
760 29.859470 29.859470 29.859470 0.599302 0.599302 0.599302
770 29.859470 29.859470 29.859470 0.599302 0.599302 0.599302
780 29.859470 29.859470 29.859470 0.599302 0.599302 0.599302
790 29.859470 29.859470 29.859470 0.599302 0.599302 0.599302
800 29.859470 29.859470 29.859470 0.599302 0.599302 0.599302
810 29.859470 29.859470 29.859470 0.599302 0.599302 0.599302
820 29.859470 29.859470 29.859470 0.599302 0.599302 0.599302
830 29.859470 29.859470 29.859470 0.599302 0.599302 0.599302
840 29.859470 29.859470 29.859470 0.599302 0.599302 0.599302
850 29.859470 29.859470 29.859470 0.599302 0.599302 0.599302
860 29.859470 29.859470 29.859470 0.599302 0.599302 0.599302
870 29.859470 29.859470 29.859470 0.599302 0.599302 0.599302
880 29.859470 29.859470 29.859470 0.599302 0.599302 0.599302
890 29.859470 29.859470 29.859470 0.599302 0.599302 0.599302
900 29.859470 29.859470 29.859470 0.599302 0.599302 0.599302
910 29.859470 29.859470 29.859470 0.599302 0.599302 0.599302
920 29.859470 29.859470 29.859470 0.599302 0.599302 0.599302
930 29.859470 29.859470 29.859470 0.599302 0.599302 0.599302
940 29.859470 29.859470 29.859470 0.599302 0.599302 0.599302
950 29.859470 29.859470 29.859470 0.599302 0.599302 0.599302
960 29.859470 29.859470 29.859470 0.599302 0.599302 0.599302
970 29.859470 29.859470 29.859470 0.599302 0.599302 0.599302
980 29.859470 29.859470 29.859470 0.599302 0.599302 0.599302
990 29.859470 29.859470 29.859470 0.599302 0.599302 0.599302
1000 29.859470 29.859470 29.859470 0.599302 0.599302 0.599302
1010 29.859470 29.859470 29.859470 0.599302 0.599302 0.599302
1020 29.859470 29.859470 29.859470 0.599302 0.599302 0.599302
1030 29.859470 29.859470 29.859470 0.599302 0.599302 0.599302
1040 29.859470 29.859470 29.859470 0.599302 0.599302 0.599302
1050 29.859470 29.859470 29.859470 0.599302 0.599302 0.599302
1060 29.859470 29.859470 29.859470 0.599302 0.599302 0.599302
1070 29.859470 29.859470 29.859470 0.599302 0.599302 0.599302
1080 29.859470 29.859470 29.859470 0.599302 0.599302 0.599302
1090 29.859470 29.859470 29.859470 0.599302 0.599302 0.599302
1100 29.859470 29.859470 29.859470 0.599302 0.599302 0.599302
1110 29.859470 29.859470 29.859470 0.599302 0.599302 0.599302
1120 29.859470 29.859470 29.859470 0.599302 0.599302 0.599302
1130 29.859470 29.859470 29.859470 0.599302 0.599302 0.599302
1140 29.859470 29.859470 29.859470 0.599302 0.599302 0.599302
1150 29.859470 29.859470 29.859470 0.599302 0.599302 0.599302
1160 29.859470 29.859470 29.859470 0.599302 0.599302 0.599302
1170 29.859470 29.859470 29.859470 0.599302 0.599302 0.599302
1180 29.859470 29.859470 29.859470 0.599302 0.599302 0.599302
1190 29.859470 29.859470 29.859470 0.599302 0.599302 0.599302
1200 29.859470 29.859470 29.859470 0.599302 0.599302 0.599302
1210 29.859470 29.859470 29.859470 0.599302 0.599302 0.599302
1220 29.859470 29.859470 29.859470 0.599302 0.599302 0.599302
1230 29.859470 29.859470 29.859470 0.599302 0.599302 0.599302
1240 29.859470 29.859470 29.859470 0.599302 0.599302 0.599302
1250 29.859470 29.859470 29.859470 0.599302 0.599302 0.599302
1260 29.859470 29.859470 29.859470 0.599302 0.599302 0.599302
1270 29.859470 29.859470 29.859470 0.599302 0.599302 0.599302
1280 29.859470 29.859470 29.859470 0.599302 0.599302 0.599302
1290 29.859470 29.859470 29.859470 0.599302 0.599302 0.599302
1300 29.859470 29.859470 29.859470 0.599302 0.599302 0.599302
1310 29.859470 29.859470 29.859470 0.599302 0.599302 0.599302
1320 29.859470 29.859470 29.859470 0.599302 0.599302 0.599302
1330 29.859470 29.859470 29.859470 0.599302 0.599302 0.599302
1340 29.859470 29.859470 29.859470 0.599302 0.599302 0.599302
1350 29.859470 29.859470 29.859470 0.599302 0.599302 0.599302
1360 29.859470 29.859470 29.859470 0.599302 0.599302 0.599302
1370 29.859470 29.859470 29.859470 0.599302 0.599302 0.599302
1380 29.859470 29.859470 29.859470 0.599302 0.599302 0.599302
1390 29.859470 29.859470 29.859470 0.599302 0.599302 0.599302
1400 29.859470 29.859470 29.859470 0.599302 0.599302 0.599302
1410 29.859470 29.859470 29.859470 0.599302 0.599302 0.599302
1420 29.859470 29.859470 29.859470 0.599302 0.599302 0.599302
1430 29.859470 29.859470 29.859470 0.599302 0.599302 0.599302
1440 29.859470 29.859470 29.859470 0.599302 0.599302 0.599302
1450 29.859470 29.859470 29.859470 0.599302 0.599302 0.599302
1460 29.859470 29.859470 29.859470 0.599302 0.599302 0.599302
1470 29.859470 29.859470 29.859470 0.599302 0.599302 0.599302
1480 29.859470 29.859470 29.859470 0.599302 0.599302 0.599302
1490 29.859470 29.859470 29.859470 0.599302 0.599302 0.599302
1500 29.859470 29.859470 29.859470 0.599302 0.599302 0.599302
1510 29.859470 29.859470 29.859470 0.599302 0.599302 0.599302
1520 29.859470 29.859470 29.859470 0.599302 0.599302 0.599302
1530 29.859470 29.859470 29.859470 0.599302 0.599302 0.599302
1540 29.859470 29.859470 29.859470 0.599302 0.599302 0.599302
1550 29.859470 29.859470 29.859470 0.599302 0.599302 0.599302
1560 29.859470 29.859470 29.859470 0.599302 0.599302 0.599302
1570 29.859470 29.859470 29.859470 0.599302 0.599302 0.599302
1580 29.859470 29.859470 29.859470 0.599302 0.599302 0.599302
1590 29.859470 29.859470 29.859470 0.599302 0.599302 0.599302
1600 29.859470 29.859470 29.859470 0.599302 0.599302 0.599302
1610 29.859470 29.859470 29.859470 0.599302 0.599302 0.599302
1620 29.859470 29.859470 29.859470 0.599302 0.599302 0.599302
1630 29.859470 29.859470 29.859470 0.599302 0.599302 0.599302
1640 29.859470 29.859470 29.859470 0.599302 0.599302 0.599302
1650 29.859470 29.859470 29.859470 0.599302 0.599302 0.599302
1660 29.859470 29.859470 29.859470 0.599302 0.599302 0.599302
1670 29.859470 29.859470 29.859470 0.599302 0.599302 0.599302
1680 29.859470 29.859470 29.859470 0.599302 0.599302 0.599302
1690 29.859470 29.859470 29.859470 0.599302 0.599302 0.599302
1700 29.859470 29.859470 29.859470 0.599302 0.599302 0.599302
1710 29.859470 29.859470 29.859470 0.599302 0.599302 0.599302
1720 29.859470 29.859470 29.859470 0.599302 0.599302 0.599302
1730 29.859470 29.859470 29.859470 0.599302 0.599302 0.599302
1740 29.859470 29.859470 29.859470 0.599302 0.599302 0.599302
1750 29.859470 29.859470 29.859470 0.599302 0.599302 0.599302
1760 29.859470 29.859470 29.859470 0.599302 0.599302 0.599302
1770 29.859470 29.859470 29.859470 0.599302 0.599302 0.599302
1780 29.859470 29.859470 29.859470 0.599302 0.599302 0.599302
1790 29.859470 29.859470 29.859470 0.599302 0.599302 0.599302
1800 29.859470 29.859470 29.859470 0.599302 0.599302 0.599302
1810 29.859470 29.859470 29.859470 0.599302 0.599302 0.599302
1820 29.859470 29.859470 29.859470 0.599302 0.599302 0.599302
1830 29.859470 29.859470 29.859470 0.599302 0.599302 0.599302
1840 29.859470 29.859470 29.859470 0.599302 0.599302 0.599302
1850 29.859470 29.859470 29.859470 0.599302 0.599302 0.599302
1860 29.859470 29.859470 29.859470 0.599302 0.599302 0.599302
1870 29.859470 29.859470 29.859470 0.599302 0.599302 0.599302
1880 29.859470 29.859470 29.859470 0.599302 0.599302 0.599302
1890 29.859470 29.859470 29.859470 0.599302 0.599302 0.599302
1900 29.859470 29.859470 29.859470 0.599302 0.599302 0.599302
1910 29.859470 29.859470 29.859470 0.599302 0.599302 0.599302
1920 29.859470 29.859470 29.859470 0.599302 0.599302 0.599302
1930 29.859470 29.859470 29.859470 0.599302 0.599302 0.599302
1940 29.859470 29.859470 29.859470 0.599302 0.599302 0.599302
1950 29.859470 29.859470 29.859470 0.599302 0.599302 0.599302
1960 29.859470 29.859470 29.859470 0.599302 0.599302 0.599302
1970 29.859470 29.859470 29.859470 0.599302 0.599302 0.599302
1980 29.859470 29.859470 29.859470 0.599302 0.599302 0.599302
1990 29.859470 29.859470 29.859470 0.599302 0.599302 0.599302
2000 29.859470 29.859470 29.859470 0.599302 0.599302 0.599302
2010 29.859470 29.859470 29.859470 0.599302 0.599302 0.599302
2020 29.859470 29.859470 29.859470 0.599302 0.599302 0.599302
2030 29.859470 29.859470 29.859470 0.599302 0.599302 0.599302
2040 29.859470 29.859470 29.859470 0.599302 0.599302 0.599302
2050 29.859470 29.859470 29.859470 0.599302 0.599302 0.599302
2060 29.859470 29.859470 29.859470 0.599302 0.599302 0.599302
2070 29.859470 29.859470 29.859470 0.599302 0.599302 0.599302
2080 29.859470 29.859470 29.859470 0.599302 0.599302 0.599302
2090 29.859470 29.859470 29.859470 0.599302 0.599302 0.599302
2100 29.859470 29.859470 29.859470 0.599302 0.599302 0.599302
2110 29.859470 29.859470 29.859470 0.599302 0.599302 0.599302
2120 29.859470 29.859470 29.859470 0.599302 0.599302 0.599302
2130 29.859470 29.859470 29.859470 0.599302 0.599302 0.599302
2140 29.859470 29.859470 29.859470 0.599302 0.599302 0.599302
2150 29.859470 29.859470 29.859470 0.599302 0.599302 0.599302
2160 29.859470 29.859470 29.859470 0.599302 0.599302 0.599302
2170 29.859470 29.859470 29.859470 0.599302 0.599302 0.599302
2180 29.859470 29.859470 29.859470 0.599302 0.599302 0.599302
2190 29.859470 29.859470 29.859470 0.599302 0.599302 0.599302
2200 29.859470 29.859470 29.859470 0.599302 0.599302 0.599302
2210 29.859470 29.859470 29.859470 0.599302 0.599302 0.599302
2220 29.859470 29.859470 29.859470 0.599302 0.599302 0.599302
2230 29.859470 29.859470 29.859470 0.599302 0.599302 0.599302
2240 29.859470 29.859470 29.859470 0.599302 0.599302 0.599302
2250 29.859470 29.859470 29.859470 0.599302 0.599302 0.599302
2260 29.859470 29.859470 29.859470 0.599302 0.599302 0.599302
2270 29.859470 29.859470 29.859470 0.599302 0.599302 0.599302
2280 29.859470 29.859470 29.859470 0.599302 0.599302 0.599302
2290 29.859470 29.859470 29.859470 0.599302 0.599302 0.599302
2300 29.859470 29.859470 29.859470 0.599302 0.599302 0.599302
2310 29.859470 29.859470 29.859470 0.599302 0.599302 0.599302
2320 29.859470 29.859470 29.859470 0.599302 0.599302 0.599302
2330 29.859470 29.859470 29.859470 0.599302 0.599302 0.599302
2340 29.859470 29.859470 29.859470 0.599302 0.599302 0.599302
2350 29.859470 29.859470 29.859470 0.599302 0.599302 0.599302
2360 29.859470 29.859470 29.859470 0.599302 0.599302 0.599302
2370 29.859470 29.859470 29.859470 0.599302 0.599302 0.599302
2380 29.859470 29.859470 29.859470 0.599302 0.599302 0.599302
2390 29.859470 29.859470 29.859470 0.599302 0.599302 0.599302
2400 29.859470 29.859470 29.859470 0.599302 0.599302 0.599302
2410 29.859470 29.859470 29.859470 0.599302 0.599302 0.599302
2420 29.859470 29.859470 29.859470 0.599302 0.599302 0.599302
2430 29.859470 29.859470 29.859470 0.599302 0.599302 0.599302
2440 29.859470 29.859470 29.859470 0.599302 0.599302 0.599302
2450 29.859470 29.859470 29.859470 0.599302 0.599302 0.599302
2460 29.859470 29.859470 29.859470 0.599302 0.599302 0.599302
2470 29.859470 29.859470 29.859470 0.599302 0.599302 0.599302
2480 29.859470 29.859470 29.859470 0.599302 0.599302 0.599302
2490 29.859470 29.859470 29.859470 0.599302 0.599302 0.599302
2500 29.859470 29.859470 29.859470 0.599302 0.599302 0.599302
2510 29.859470 29.859470 29.859470 0.599302 0.599302 0.599302
2520 29.859470 29.859470 29.859470 0.599302 0.599302 0.599302
2530 29.859470 29.859470 29.859470 0.599302 0.599302 0.599302
2540 29.859470 29.859470 29.859470 0.599302 0.599302 0.599302
2550 29.859470 29.859470 29.859470 0.599302 0.599302 0.599302
2560 29.859470 29.859470 29.859470 0.599302 0.599302 0.599302
2570 29.859470 29.859470 29.859470 0.599302 0.599302 0.599302
2580 29.859470 29.859470 29.859470 0.599302 0.599302 0.599302
2590 29.859470 29.859470 29.859470 0.599302 0.599302 0.599302
2600 29.859470 29.859470 29.859470 0.599302 0.599302 0.599302
2610 29.859470 29.859470 29.859470 0.599302 0.599302 0.599302
2620 29.859470 29.859470 29.859470 0.599302 0.599302 0.599302
2630 29.859470 29.859470 29.859470 0.599302 0.599302 0.599302
2640 29.859470 29.859470 29.859470 0.599302 0.599302 0.599302
2650 29.859470 29.859470 29.859470 0.599302 0.599302 0.599302
2660 29.859470 29.859470 29.859470 0.599302 0.599302 0.599302
2670 29.859470 29.859470 29.859470 0.599302 0.599302 0.599302
2680 29.859470 29.859470 29.859470 0.599302 0.599302 0.599302
2690 29.859470 29.859470 29.859470 0.599302 0.599302 0.599302
2700 29.859470 29.859470 29.859470 0.599302 0.599302 0.599302
2710 29.859470 29.859470 29.859470 0.599302 0.599302 0.599302
2720 29.859470 29.859470 29.859470 0.599302 0.599302 0.599302
2730 29.859470 29.859470 29.859470 0.599302 0.599302 0.599302
2740 29.859470 29.859470 29.859470 0.599302 0.599302 0.599302
2750 29.859470 29.859470 29.859470 0.599302 0.599302 0.599302
2760 29.859470 29.859470 29.859470 0.599302 0.599302 0.599302
2770 29.859470 29.859470 29.859470 0.599302 0.599302 0.599302
2780 29.859470 29.859470 29.859470 0.599302 0.599302 0.599302
2790 29.859470 29.859470 29.859470 0.599302 0.599302 0.599302
2800 29.859470 29.859470 29.859470 0.599302 0.599302 0.599302
2810 29.859470 29.859470 29.859470 0.599302 0.599302 0.599302
2820 29.859470 29.859470 29.859470 0.599302 0.599302 0.599302
2830 29.859470 29.859470 29.859470 0.599302 0.599302 0.599302
2840 29.859470 29.859470 29.859470 0.599302 0.599302 0.599302
2850 29.859470 29.859470 29.859470 0.599302 0.599302 0.599302
2860 29.859470 29.859470 29.859470 0.599302 0.599302 0.599302
2870 29.859470 29.859470 29.859470 0.599302 0.599302 0.599302
2880 29.859470 29.859470 29.859470 0.599302 0.599302 0.599302
2890 29.859470 29.859470 29.859470 0.599302 0.599302 0.599302
2900 29.859470 29.859470 29.859470 0.599302 0.599302 0.599302
2910 29.859470 29.859470 29.859470 0.599302 0.599302 0.599302
2920 29.859470 29.859470 29.859470 0.599302 0.599302 0.599302
2930 29.859470 29.859470 29.859470 0.599302 0.599302 0.599302
2940 29.859470 29.859470 29.859470 0.599302 0.599302 0.599302
2950 29.859470 29.859470 29.859470 0.599302 0.599302 0.599302
2960 29.859470 29.859470 29.859470 0.599302 0.599302 0.599302
2970 29.859470 29.859470 29.859470 0.599302 0.599302 0.599302
2980 29.859470 29.859470 29.859470 0.599302 0.599302 0.599302
2990 29.859470 29.859470 29.859470 0.599302 0.599302 0.599302
3000 29.859470 29.859470 29.859470 0.599302 0.599302 0.599302
3010 29.859470 29.859470 29.859470 0.599302 0.599302 0.599302
3020 29.859470 29.859470 29.859470 0.599302 0.599302 0.599302
3030 29.859470 29.859470 29.859470 0.599302 0.599302 0.599302
3040 29.859470 29.859470 29.859470 0.599302 0.599302 0.599302
3050 29.859470 29.859470 29.859470 0.599302 0.599302 0.599302
3060 29.859470 29.859470 29.859470 0.599302 0.599302 0.599302
3070 29.859470 29.859470 29.859470 0.599302 0.599302 0.599302
3080 29.859470 29.859470 29.859470 0.599302 0.599302 0.599302
3090 29.859470 29.859470 29.859470 0.599302 0.599302 0.599302
3100 29.859470 29.859470 29.859470 0.599302 0.599302 0.599302
3110 29.859470 29.859470 29.859470 0.599302 0.599302 0.599302
3120 29.859470 29.859470 29.859470 0.599302 0.599302 0.599302
3130 29.859470 29.859470 29.859470 0.599302 0.599302 0.599302
3140 29.859470 29.859470 29.859470 0.599302 0.599302 0.599302
3150 29.859470 29.859470 29.859470 0.599302 0.599302 0.599302
3160 29.859470 29.859470 29.859470 0.599302 0.599302 0.599302
3170 29.859470 29.859470 29.859470 0.599302 0.599302 0.599302
3180 29.859470 29.859470 29.859470 0.599302 0.599302 0.599302
3190 29.859470 29.859470 29.859470 0.599302 0.599302 0.599302
3200 29.859470 29.859470 29.859470 0.599302 0.599302 0.599302
3210 29.859470 29.859470 29.859470 0.599302 0.599302 0.599302
3220 29.859470 29.859470 29.859470 0.599302 0.599302 0.599302
3230 29.859470 29.859470 29.859470 0.599302 0.599302 0.599302
3240 29.859470 29.859470 29.859470 0.599302 0.599302 0.599302
3250 29.859470 29.859470 29.859470 0.599302 0.599302 0.599302
3260 29.859470 29.859470 29.859470 0.599302 0.599302 0.599302
3270 29.859470 29.859470 29.859470 0.599302 0.599302 0.599302
3280 29.859470 29.859470 29.859470 0.599302 0.599302 0.599302
3290 29.859470 29.859470 29.859470 0.599302 0.599302 0.599302
3300 29.859470 29.859470 29.859470 0.599302 0.599302 0.599302
3310 29.859470 29.859470 29.859470 0.599302 0.599302 0.599302
3320 29.859470 29.859470 29.859470 0.599302 0.599302 0.599302
3330 29.859470 29.859470 29.859470 0.599302 0.599302 0.599302
3340 29.859470 29.859470 29.859470 0.599302 0.599302 0.599302
3350 29.859470 29.859470 29.859470 0.599302 0.599302 0.599302
3360 29.859470 29.859470 29.859470 0.599302 0.599302 0.599302
3370 29.859470 29.859470 29.859470 0.599302 0.599302 0.599302
3380 29.859470 29.859470 29.859470 0.599302 0.599302 0.599302
3390 29.859470 29.859470 29.859470 0.599302 0.599302 0.599302
3400 29.859470 29.859470 29.859470 0.599302 0.599302 0.599302
3410 29.859470 29.859470 29.859470 0.599302 0.599302 0.599302
3420 29.859470 29.859470 29.859470 0.599302 0.599302 0.599302
3430 29.859470 29.859470 29.859470 0.599302 0.599302 0.599302
3440 29.859470 29.859470 29.859470 0.599302 0.599302 0.599302
3450 29.859470 29.859470 29.859470 0.599302 0.599302 0.599302
3460 29.859470 29.859470 29.859470 0.599302 0.599302 0.599302
3470 29.859470 29.859470 29.859470 0.599302 0.599302 0.599302
3480 29.859470 29.859470 29.859470 0.599302 0.599302 0.599302
3490 29.859470 29.859470 29.859470 0.599302 0.599302 0.599302
3500 29.859470 29.859470 29.859470 0.599302 0.599302 0.599302
3510 29.859470 29.859470 29.859470 0.599302 0.599302 0.599302
3520 29.859470 29.859470 29.859470 0.599302 0.599302 0.599302
3530 29.859470 29.859470 29.859470 0.599302 0.599302 0.599302
3540 29.859470 29.859470 29.859470 0.599302 0.599302 0.599302
3550 29.859470 29.859470 29.859470 0.599302 0.599302 0.599302
3560 29.859470 29.859470 29.859470 0.599302 0.599302 0.599302
3570 29.859470 29.859470 29.859470 0.599302 0.599302 0.599302
3580 29.859470 29.859470 29.859470 0.599302 0.599302 0.599302
3590 29.859470 29.859470 29.859470 0.599302 0.599302 0.599302
3600 29.859470 29.859470 29.859470 0.599302 0.599302 0.599302
3610 29.859470 29.859470 29.859470 0.599302 0.599302 0.599302
3620 29.859470 29.859470 29.859470 0.599302 0.599302 0.599302
3630 29.859470 29.859470 29.859470 0.599302 0.599302 0.599302
3640 29.859470 29.859470 29.859470 0.599302 0.599302 0.599302
3650 29.859470 29.859470 29.859470 0.599302 0.599302 0.599302
3660 29.859470 29.859470 29.859470 0.599302 0.599302 0.599302
3670 29.859470 29.859470 29.859470 0.599302 0.599302 0.599302
3680 29.859470 29.859470 29.859470 0.599302 0.599302 0.599302
3690 29.859470 29.859470 29.859470 0.599302 0.599302 0.599302
3700 29.859470 29.859470 29.859470 0.599302 0.599302 0.599302
3710 29.859470 29.859470 29.859470 0.599302 0.599302 0.599302
3720 29.859470 29.859470 29.859470 0.599302 0.599302 0.599302
3730 29.859470 29.859470 29.859470 0.599302 0.599302 0.599302
3740 29.859470 29.859470 29.859470 0.599302 0.599302 0.599302
3750 29.859470 29.859470 29.859470 0.599302 0.599302 0.599302
3760 29.859470 29.859470 29.859470 0.599302 0.599302 0.599302
3770 29.859470 29.859470 29.859470 0.599302 0.599302 0.599302
3780 29.859470 29.859470 29.859470 0.599302 0.599302 0.599302
3790 29.859470 29.859470 29.859470 0.599302 0.599302 0.599302
3800 29.859470 29.859470 29.859470 0.599302 0.599302 0.599302
3810 29.859470 29.859470 29.859470 0.599302 0.599302 0.599302
3820 29.859470 29.859470 29.859470 0.599302 0.599302 0.599302
3830 29.859470 29.859470 29.859470 0.599302 0.599302 0.599302
3840 29.859470 29.859470 29.859470 0.599302 0.599302 0.599302
3850 29.859470 29.859470 29.859470 0.599302 0.599302 0.599302
3860 29.859470 29.859470 29.859470 0.599302 0.599302 0.599302
3870 29.859470 29.859470 29.859470 0.599302 0.599302 0.599302
3880 29.859470 29.859470 29.859470 0.599302 0.599302 0.599302
3890 29.859470 29.859470 29.859470 0.599302 0.599302 0.599302
3900 29.859470 29.859470 29.859470 0.599302 0.599302 0.599302
3910 29.859470 29.859470 29.859470 0.599302 0.599302 0.599302
3920 29.859470 29.859470 29.859470 0.599302 0.599302 0.599302
3930 29.859470 29.859470 29.859470 0.599302 0.599302 0.599302
3940 29.859470 29.859470 29.859470 0.599302 0.599302 0.599302
3950 29.859470 29.859470 29.859470 0.599302 0.599302 0.599302
3960 29.859470 29.859470 29.859470 0.599302 0.599302 0.599302
3970 29.859470 29.859470 29.859470 0.599302 0.599302 0.599302
3980 29.859470 29.859470 29.859470 0.599302 0.599302 0.599302
3990 29.859470 29.859470 29.859470 0.599302 0.599302 0.599302
4000 29.859470 29.859470 29.859470 0.599302 0.599302 0.599302
4010 29.859470 29.859470 29.859470 0.599302 0.599302 0.599302
4020 29.859470 29.859470 29.859470 0.599302 0.599302 0.599302
4030 29.859470 29.859470 29.859470 0.599302 0.599302 0.599302
4040 29.859470 29.859470 29.859470 0.599302 0.599302 0.599302
4050 29.859470 29.859470 29.859470 0.599302 0.599302 0.599302
4060 29.859470 29.859470 29.859470 0.599302 0.599302 0.599302
4070 29.859470 29.859470 29.859470 0.599302 0.599302 0.599302
4080 29.859470 29.859470 29.859470 0.599302 0.599302 0.599302
4090 29.859470 29.859470 29.859470 0.599302 0.599302 0.599302
4100 29.859470 29.859470 29.859470 0.599302 0.599302 0.599302
4110 29.859470 29.859470 29.859470 0.599302 0.599302 0.599302
4120 29.859470 29.859470 29.859470 0.599302 0.599302 0.599302
4130 29.859470 29.859470 29.859470 0.599302 0.599302 0.599302
4140 29.859470 29.859470 29.859470 0.599302 0.599302 0.599302
4150 29.859470 29.859470 29.859470 0.599302 0.599302 0.599302
4160 29.859470 29.859470 29.859470 0.599302 0.599302 0.599302
4170 29.859470 29.859470 29.859470 0.599302 0.599302 0.599302
4180 29.859470 29.859470 29.859470 0.599302 0.599302 0.599302
4190 29.859470 29.859470 29.859470 0.599302 0.599302 0.599302
4200 29.859470 29.859470 29.859470 0.599302 0.599302 0.599302
4210 29.859470 29.859470 29.859470 0.599302 0.599302 0.599302
4220 29.859470 29.859470 29.859470 0.599302 0.599302 0.599302
4230 29.859470 29.859470 29.859470 0.599302 0.599302 0.599302
4240 29.859470 29.859470 29.859470 0.599302 0.599302 0.599302
4250 29.859470 29.859470 29.859470 0.599302 0.599302 0.599302
4260 29.859470 29.859470 29.859470 0.599302 0.599302 0.599302
4270 29.859470 29.859470 29.859470 0.599302 0.599302 0.599302
4280 29.859470 29.859470 29.859470 0.599302 0.599302 0.599302
4290 29.859470 29.859470 29.859470 0.599302 0.599302 0.599302
4300 29.859470 29.859470 29.859470 0.599302 0.599302 0.599302
4310 29.859470 29.859470 29.859470 0.599302 0.599302 0.599302
4320 29.859470 29.859470 29.859470 0.599302 0.599302 0.599302
4330 29.859470 29.859470 29.859470 0.599302 0.599302 0.599302
4340 29.859470 29.859470 29.859470 0.599302 0.599302 0.599302
4350 29.859470 29.859470 29.859470 0.599302 0.599302 0.599302
4360 29.859470 29.859470 29.859470 0.599302 0.599302 0.599302
4370 29.859470 29.859470 29.859470 0.599302 0.599302 0.599302
4380 29.859470 29.859470 29.859470 0.599302 0.599302 0.599302
4390 29.859470 29.859470 29.859470 0.599302 0.599302 0.599302
4400 29.859470 29.859470 29.859470 0.599302 0.599302 0.599302
4410 29.859470 29.859470 29.859470 0.599302 0.599302 0.599302
4420 29.859470 29.859470 29.859470 0.599302 0.599302 0.599302
4430 29.859470 29.859470 29.859470 0.599302 0.599302 0.599302
4440 29.859470 29.859470 29.859470 0.599302 0.599302 0.599302
4450 29.859470 29.859470 29.859470 0.599302 0.599302 0.599302
4460 29.859470 29.859470 29.859470 0.599302 0.599302 0.599302
4470 29.859470 29.859470 29.859470 0.599302 0.599302 0.599302
4480 29.859470 29.859470 29.859470 0.599302 0.599302 0.599302
4490 29.859470 29.859470 29.859470 0.599302 0.599302 0.599302
4500 29.859470 29.859470 29.859470 0.599302 0.599302 0.599302
4510 29.859470 29.859470 29.859470 0.599302 0.599302 0.599302
4520 29.859470 29.859470 29.859470 0.599302 0.599302 0.599302
4530 29.859470 29.859470 29.859470 0.599302 0.599302 0.599302
4540 29.859470 29.859470 29.859470 0.599302 0.599302 0.599302
4550 29.859470 29.859470 29.859470 0.599302 0.599302 0.599302
4560 29.859470 29.859470 29.859470 0.599302 0.599302 0.599302
4570 29.859470 29.859470 29.859470 0.599302 0.599302 0.599302
4580 29.859470 29.859470 29.859470 0.599302 0.599302 0.599302
4590 29.859470 29.859470 29.859470 0.599302 0.599302 0.599302
4600 29.859470 29.859470 29.859470 0.599302 0.599302 0.599302
4610 29.859470 29.859470 29.859470 0.599302 0.599302 0.599302
4620 29.859470 29.859470 29.859470 0.599302 0.599302 0.599302
4630 29.859470 29.859470 29.859470 0.599302 0.599302 0.599302
4640 29.859470 29.859470 29.859470 0.599302 0.599302 0.599302
4650 29.859470 29.859470 29.859470 0.599302 0.599302 0.599302
4660 29.859470 29.859470 29.859470 0.599302 0.599302 0.599302
4670 29.859470 29.859470 29.859470 0.599302 0.599302 0.599302
4680 29.859470 29.859470 29.859470 0.599302 0.599302 0.599302
4690 29.859470 29.859470 29.859470 0.599302 0.599302 0.599302
4700 29.859470 29.859470 29.859470 0.599302 0.599302 0.599302
4710 29.859470 29.859470 29.859470 0.599302 0.599302 0.599302
4720 29.859470 29.859470 29.859470 0.599302 0.599302 0.599302
4730 29.859470 29.859470 29.859470 0.599302 0.599302 0.599302
4740 29.859470 29.859470 29.859470 0.599302 0.599302 0.599302
4750 29.859470 29.859470 29.859470 0.599302 0.599302 0.599302
4760 29.859470 29.859470 29.859470 0.599302 0.599302 0.599302
4770 29.859470 29.859470 29.859470 0.599302 0.599302 0.599302
4780 29.859470 29.859470 29.859470 0.599302 0.599302 0.599302
4790 29.859470 29.859470 29.859470 0.599302 0.599302 0.599302
4800 29.859470 29.859470 29.859470 0.599302 0.599302 0.599302
4810 29.859470 29.859470 29.859470 0.599302 0.599302 0.599302
4820 29.859470 29.859470 29.859470 0.599302 0.599302 0.599302
4830 29.859470 29.859470 29.859470 0.599302 0.599302 0.599302
4840 29.859470 29.859470 29.859470 0.599302 0.599302 0.599302
4850 29.859470 29.859470 29.859470 0.599302 0.599302 0.599302
4860 29.859470 29.859470 29.859470 0.599302 0.599302 0.599302
4870 29.859470 29.859470 29.859470 0.599302 0.599302 0.599302
4880 29.859470 29.859470 29.859470 0.599302 0.599302 0.599302
4890 29.859470 29.859470 29.859470 0.599302 0.599302 0.599302
4900 29.859470 29.859470 29.859470 0.599302 0.599302 0.599302
4910 29.859470 29.859470 29.859470 0.599302 0.599302 0.599302
4920 29.859470 29.859470 29.859470 0.599302 0.599302 0.599302
4930 29.859470 29.859470 29.859470 0.599302 0.599302 0.599302
4940 29.859470 29.859470 29.859470 0.599302 0.599302 0.599302
4950 29.859470 29.859470 29.859470 0.599302 0.599302 0.599302
4960 29.859470 29.859470 29.859470 0.599302 0.599302 0.599302
4970 29.859470 29.859470 29.859470 0.599302 0.599302 0.599302
4980 29.859470 29.859470 29.859470 0.599302 0.599302 0.599302
4990 29.859470 29.859470 29.859470 0.599302 0.599302 0.599302
5000 29.859470 29.859470 29.859470 0.599302 0.599302 0.599302
5010 29.859470 29.859470 29.859470 0.599302 0.599302 0.599302
5020 29.859470 29.859470 29.859470 0.599302 0.599302 0.599302
5030 29.859470 29.859470 29.859470 0.599302 0.599302 0.599302
5040 29.859470 29.859470 29.859470 0.599302 0.599302 0.599302
5050 29.859470 29.859470 29.859470 0.599302 0.599302 0.599302
5060 29.859470 29.859470 29.859470 0.599302 0.599302 0.599302
5070 29.859470 29.859470 29.859470 0.599302 0.599302 0.599302
5080 29.859470 29.859470 29.859470 0.599302 0.599302 0.599302
5090 29.859470 29.859470 29.859470 0.599302 0.599302 0.599302
5100 29.859470 29.859470 29.859470 0.599302 0.599302 0.599302
5110 29.859470 29.859470 29.859470 0.599302 0.599302 0.599302
5120 29.859470 29.859470 29.859470 0.599302 0.599302 0.599302
5130 29.859470 29.859470 29.859470 0.599302 0.599302 0.599302
5140 29.859470 29.859470 29.859470 0.599302 0.599302 0.599302
5150 29.859470 29.859470 29.859470 0.599302 0.599302 0.599302
5160 29.859470 29.859470 29.859470 0.599302 0.599302 0.599302
5170 29.859470 29.859470 29.859470 0.599302 0.599302 0.599302
5180 29.859470 29.859470 29.859470 0.599302 0.599302 0.599302
5190 29.859470 29.859470 29.859470 0.599302 0.599302 0.599302
5200 29.859470 29.859470 29.859470 0.599302 0.599302 0.599302
5210 29.859470 29.859470 29.859470 0.599302 0.599302 0.599302
5220 29.859470 29.859470 29.859470 0.599302 0.599302 0.599302
5230 29.859470 29.859470 29.859470 0.599302 0.599302 0.599302
5240 29.859470 29.859470 29.859470 0.599302 0.599302 0.599302
5250 29.859470 29.859470 29.859470 0.599302 0.599302 0.599302
5260 29.859470 29.859470 29.859470 0.599302 0.599302 0.599302
5270 29.859470 29.859470 29.859470 0.599302 0.599302 0.599302
5280 29.859470 29.859470 29.859470 0.599302 0.599302 0.599302
5290 29.859470 29.859470 29.859470 0.599302 0.599302 0.599302
5300 29.859470 29.859470 29.859470 0.599302 0.599302 0.599302
5310 29.859470 29.859470 29.859470 0.599302 0.599302 0.599302
5320 29.859470 29.859470 29.859470 0.599302 0.599302 0.599302
5330 29.859470 29.859470 29.859470 0.599302 0.599302 0.599302
5340 29.859470 29.859470 29.859470 0.599302 0.599302 0.599302
5350 29.859470 29.859470 29.859470 0.599302 0.599302 0.599302
5360 29.859470 29.859470 29.859470 0.599302 0.599302 0.599302
5370 29.859470 29.859470 29.859470 0.599302 0.599302 0.599302
5380 29.859470 29.859470 29.859470 0.599302 0.599302 0.599302
5390 29.859470 29.859470 29.859470 0.599302 0.599302 0.599302
5400 29.859470 29.859470 29.859470 0.599302 0.599302 0.599302
5410 29.859470 29.859470 29.859470 0.599302 0.599302 0.599302
5420 29.859470 29.859470 29.859470 0.599302 0.599302 0.599302
5430 29.859470 29.859470 29.859470 0.599302 0.599302 0.599302
5440 29.859470 29.859470 29.859470 0.599302 0.599302 0.599302
5450 29.859470 29.859470 29.859470 0.599302 0.599302 0.599302
5460 29.859470 29.859470 29.859470 0.599302 0.599302 0.599302
5470 29.859470 29.859470 29.859470 0.599302 0.599302 0.599302
5480 29.859470 29.859470 29.859470 0.599302 0.599302 0.599302
5490 29.859470 29.859470 29.859470 0.599302 0.599302 0.599302
5500 29.859470 29.859470 29.859470 0.599302 0.599302 0.599302
5510 29.859470 29.859470 29.859470 0.599302 0.599302 0.599302
5520 29.859470 29.859470 29.859470 0.599302 0.599302 0.599302
5530 29.859470 29.859470 29.859470 0.599302 0.599302 0.599302
5540 29.859470 29.859470 29.859470 0.599302 0.599302 0.599302
5550 29.859470 29.859470 29.859470 0.599302 0.599302 0.599302
5560 29.859470 29.859470 29.859470 0.599302 0.599302 0.599302
5570 29.859470 29.859470 29.859470 0.599302 0.599302 0.599302
5580 29.859470 29.859470 29.859470 0.599302 0.599302 0.599302
5590 29.859470 29.859470 29.859470 0.599302 0.599302 0.599302
5600 29.859470 29.859470 29.859470 0.599302 0.599302 0.599302
5610 29.859470 29.859470 29.859470 0.599302 0.599302 0.599302
5620 29.859470 29.859470 29.859470 0.599302 0.599302 0.599302
5630 29.859470 29.859470 29.859470 0.599302 0.599302 0.599302
5640 29.859470 29.859470 29.859470 0.599302 0.599302 0.599302
5650 29.859470 29.859470 29.859470 0.599302 0.599302 0.599302
5660 29.859470 29.859470 29.859470 0.599302 0.599302 0.599302
5670 29.859470 29.859470 29.859470 0.599302 0.599302 0.599302
5680 29.859470 29.859470 29.859470 0.599302 0.599302 0.599302
5690 29.859470 29.859470 29.859470 0.599302 0.599302 0.599302
5700 29.859470 29.859470 29.859470 0.599302 0.599302 0.599302
5710 29.859470 29.859470 29.859470 0.599302 0.599302 0.599302
5720 29.859470 29.859470 29.859470 0.599302 0.599302 0.599302
5730 29.859470 29.859470 29.859470 0.599302 0.599302 0.599302
5740 29.859470 29.859470 29.859470 0.599302 0.599302 0.599302
5750 29.859470 29.859470 29.859470 0.599302 0.599302 0.599302
5760 29.859470 29.859470 29.859470 0.599302 0.599302 0.599302
5770 29.859470 29.859470 29.859470 0.599302 0.599302 0.599302
5780 29.859470 29.859470 29.859470 0.599302 0.599302 0.599302
5790 29.859470 29.859470 29.859470 0.599302 0.599302 0.599302
5800 29.859470 29.859470 29.859470 0.599302 0.599302 0.599302
5810 29.859470 29.859470 29.859470 0.599302 0.599302 0.599302
5820 29.859470 29.859470 29.859470 0.599302 0.599302 0.599302
5830 29.859470 29.859470 29.859470 0.599302 0.599302 0.599302
5840 29.859470 29.859470 29.859470 0.599302 0.599302 0.599302
5850 29.859470 29.859470 29.859470 0.599302 0.599302 0.599302
5860 29.859470 29.859470 29.859470 0.599302 0.599302 0.599302
5870 29.859470 29.859470 29.859470 0.599302 0.599302 0.599302
5880 29.859470 29.859470 29.859470 0.599302 0.599302 0.599302
5890 29.859470 29.859470 29.859470 0.599302 0.599302 0.599302
5900 29.859470 29.859470 29.859470 0.599302 0.599302 0.599302
5910 29.859470 29.859470 29.859470 0.599302 0.599302 0.599302
5920 29.859470 29.859470 29.859470 0.599302 0.599302 0.599302
5930 29.859470 29.859470 29.859470 0.599302 0.599302 0.599302
5940 29.859470 29.859470 29.859470 0.599302 0.599302 0.599302
5950 29.859470 29.859470 29.859470 0.599302 0.599302 0.599302
5960 29.859470 29.859470 29.859470 0.599302 0.599302 0.599302
5970 29.859470 29.859470 29.859470 0.599302 0.599302 0.599302
5980 29.859470 29.859470 29.859470 0.599302 0.599302 0.599302
5990 29.859470 29.859470 29.859470 0.599302 0.599302 0.599302
6000 29.859470 29.859470 29.859470 0.599302 0.599302 0.599302
6010 29.859470 29.859470 29.859470 0.599302 0.599302 0.599302
6020 29.859470 29.859470 29.859470 0.599302 0.599302 0.599302
6030 29.859470 29.859470 29.859470 0.599302 0.599302 0.599302
6040 29.859470 29.859470 29.859470 0.599302 0.599302 0.599302
6050 29.859470 29.859470 29.859470 0.599302 0.599302 0.599302
6060 29.859470 29.859470 29.859470 0.599302 0.599302 0.599302
6070 29.859470 29.859470 29.859470 0.599302 0.599302 0.599302
6080 29.859470 29.859470 29.859470 0.599302 0.599302 0.599302
6090 29.859470 29.859470 29.859470 0.599302 0.599302 0.599302
6100 29.859470 29.859470 29.859470 0.599302 0.599302 0.599302
6110 29.859470 29.859470 29.859470 0.599302 0.599302 0.599302
6120 29.859470 29.859470 29.859470 0.599302 0.599302 0.599302
6130 29.859470 29.859470 29.859470 0.599302 0.599302 0.599302
6140 29.859470 29.859470 29.859470 0.599302 0.599302 0.599302
6150 29.859470 29.859470 29.859470 0.599302 0.599302 0.599302
6160 29.859470 29.859470 29.859470 0.599302 0.599302 0.599302
6170 29.859470 29.859470 29.859470 0.599302 0.599302 0.599302
6180 29.859470 29.859470 29.859470 0.599302 0.599302 0.599302
6190 29.859470 29.859470 29.859470 0.599302 0.599302 0.599302
6200 29.859470 29.859470 29.859470 0.599302 0.599302 0.599302
6210 29.859470 29.859470 29.859470 0.599302 0.599302 0.599302
6220 29.859470 29.859470 29.859470 0.599302 0.599302 0.599302
6230 29.859470 29.859470 29.859470 0.599302 0.599302 0.599302
6240 29.859470 29.859470 29.859470 0.599302 0.599302 0.599302
6250 29.859470 29.859470 29.859470 0.599302 0.599302 0.599302
6260 29.859470 29.859470 29.859470 0.599302 0.599302 0.599302
6270 29.859470 29.859470 29.859470 0.599302 0.599302 0.599302
6280 29.859470 29.859470 29.859470 0.599302 0.599302 0.599302
6290 29.859470 29.859470 29.859470 0.599302 0.599302 0.599302
6300 29.859470 29.859470 29.859470 0.599302 0.599302 0.599302
6310 29.859470 29.859470 29.859470 0.599302 0.599302 0.599302
6320 29.859470 29.859470 29.859470 0.599302 0.599302 0.599302
6330 29.859470 29.859470 29.859470 0.599302 0.599302 0.599302
6340 29.859470 29.859470 29.859470 0.599302 0.599302 0.599302
6350 29.859470 29.859470 29.859470 0.599302 0.599302 0.599302
6360 29.859470 29.859470 29.859470 0.599302 0.599302 0.599302
6370 29.859470 29.859470 29.859470 0.599302 0.599302 0.599302
6380 29.859470 29.859470 29.859470 0.599302 0.599302 0.599302
6390 29.859470 29.859470 29.859470 0.599302 0.599302 0.599302
6400 29.859470 29.859470 29.859470 0.599302 0.599302 0.599302
6410 29.859470 29.859470 29.859470 0.599302 0.599302 0.599302
6420 29.859470 29.859470 29.859470 0.599302 0.599302 0.599302
6430 29.859470 29.859470 29.859470 0.599302 0.599302 0.599302
6440 29.859470 29.859470 29.859470 0.599302 0.599302 0.599302
6450 29.859470 29.859470 29.859470 0.599302 0.599302 0.599302
6460 29.859470 29.859470 29.859470 0.599302 0.599302 0.599302
6470 29.859470 29.859470 29.859470 0.599302 0.599302 0.599302
6480 29.859470 29.859470 29.859470 0.599302 0.599302 0.599302
6490 29.859470 29.859470 29.859470 0.599302 0.599302 0.599302
6500 29.859470 29.859470 29.859470 0.599302 0.599302 0.599302
6510 29.859470 29.859470 29.859470 0.599302 0.599302 0.599302
6520 29.859470 29.859470 29.859470 0.599302 0.599302 0.599302
6530 29.859470 29.859470 29.859470 0.599302 0.599302 0.599302
6540 29.859470 29.859470 29.859470 0.599302 0.599302 0.599302
6550 29.859470 29.859470 29.859470 0.599302 0.599302 0.599302
6560 29.859470 29.859470 29.859470 0.599302 0.599302 0.599302
6570 29.859470 29.859470 29.859470 0.599302 0.599302 0.599302
6580 29.859470 29.859470 29.859470 0.599302 0.599302 0.599302
6590 29.859470 29.859470 29.859470 0.599302 0.599302 0.599302
6600 29.859470 29.859470 29.859470 0.599302 0.599302 0.599302
6610 29.859470 29.859470 29.859470 0.599302 0.599302 0.599302
6620 29.859470 29.859470 29.859470 0.599302 0.599302 0.599302
6630 29.859470 29.859470 29.859470 0.599302 0.599302 0.599302
6640 29.859470 29.859470 29.859470 0.599302 0.599302 0.599302
6650 29.859470 29.859470 29.859470 0.599302 0.599302 0.599302
6660 29.859470 29.859470 29.859470 0.599302 0.599302 0.599302
6670 29.859470 29.859470 29.859470 0.599302 0.599302 0.599302
6680 29.859470 29.859470 29.859470 0.599302 0.599302 0.599302
6690 29.859470 29.859470 29.859470 0.599302 0.599302 0.599302
6700 29.859470 29.859470 29.859470 0.599302 0.599302 0.599302
6710 29.859470 29.859470 29.859470 0.599302 0.599302 0.599302
6720 29.859470 29.859470 29.859470 0.599302 0.599302 0.599302
6730 29.859470 29.859470 29.859470 0.599302 0.599302 0.599302
6740 29.859470 29.859470 29.859470 0.599302 0.599302 0.599302
6750 29.859470 29.859470 29.859470 0.599302 0.599302 0.599302
6760 29.859470 29.859470 29.859470 0.599302 0.599302 0.599302
6770 29.859470 29.859470 29.859470 0.599302 0.599302 0.599302
6780 29.859470 29.859470 29.859470 0.599302 0.599302 0.599302
6790 29.859470 29.859470 29.859470 0.599302 0.599302 0.599302
6800 29.859470 29.859470 29.859470 0.599302 0.599302 0.599302
6810 29.859470 29.859470 29.859470 0.599302 0.599302 0.599302
6820 29.859470 29.859470 29.859470 0.599302 0.599302 0.599302
6830 29.859470 29.859470 29.859470 0.599302 0.599302 0.599302
6840 29.859470 29.859470 29.859470 0.599302 0.599302 0.599302
6850 29.859470 29.859470 29.859470 0.599302 0.599302 0.599302
6860 29.859470 29.859470 29.859470 0.599302 0.599302 0.599302
6870 29.859470 29.859470 29.859470 0.599302 0.599302 0.599302
6880 29.859470 29.859470 29.859470 0.599302 0.599302 0.599302
6890 29.859470 29.859470 29.859470 0.599302 0.599302 0.599302
6900 29.859470 29.859470 29.859470 0.599302 0.599302 0.599302
6910 29.859470 29.859470 29.859470 0.599302 0.599302 0.599302
6920 29.859470 29.859470 29.859470 0.599302 0.599302 0.599302
6930 29.859470 29.859470 29.859470 0.599302 0.599302 0.599302
6940 29.859470 29.859470 29.859470 0.599302 0.599302 0.599302
6950 29.859470 29.859470 29.859470 0.599302 0.599302 0.599302
6960 29.859470 29.859470 29.859470 0.599302 0.599302 0.599302
6970 29.859470 29.859470 29.859470 0.599302 0.599302 0.599302
6980 29.859470 29.859470 29.859470 0.599302 0.599302 0.599302
6990 29.859470 29.859470 29.859470 0.599302 0.599302 0.599302
7000 29.859470 29.859470 29.859470 0.599302 0.599302 0.599302
7010 29.859470 29.859470 29.859470 0.599302 0.599302 0.599302
7020 29.859470 29.859470 29.859470 0.599302 0.599302 0.599302
7030 29.859470 29.859470 29.859470 0.599302 0.599302 0.599302
7040 29.859470 29.859470 29.859470 0.599302 0.599302 0.599302
7050 29.859470 29.859470 29.859470 0.599302 0.599302 0.599302
7060 29.859470 29.859470 29.859470 0.599302 0.599302 0.599302
7070 29.859470 29.859470 29.859470 0.599302 0.599302 0.599302
7080 29.859470 29.859470 29.859470 0.599302 0.599302 0.599302
7090 29.859470 29.859470 29.859470 0.599302 0.599302 0.599302
7100 29.859470 29.859470 29.859470 0.599302 0.599302 0.599302
7110 29.859470 29.859470 29.859470 0.599302 0.599302 0.599302
7120 29.859470 29.859470 29.859470 0.599302 0.599302 0.599302
7130 29.859470 29.859470 29.859470 0.599302 0.599302 0.599302
7140 29.859470 29.859470 29.859470 0.599302 0.599302 0.599302
7150 29.859470 29.859470 29.859470 0.599302 0.599302 0.599302
7160 29.859470 29.859470 29.859470 0.599302 0.599302 0.599302
7170 29.859470 29.859470 29.859470 0.599302 0.599302 0.599302
7180 29.859470 29.859470 29.859470 0.599302 0.599302 0.599302
7190 29.859470 29.859470 29.859470 0.599302 0.599302 0.599302
7200 29.859470 29.859470 29.859470 0.599302 0.599302 0.599302
7210 29.859470 29.859470 29.859470 0.599302 0.599302 0.599302
7220 29.859470 29.859470 29.859470 0.599302 0.599302 0.599302
7230 29.859470 29.859470 29.859470 0.599302 0.599302 0.599302
7240 29.859470 29.859470 29.859470 0.599302 0.599302 0.599302
7250 29.859470 29.859470 29.859470 0.599302 0.599302 0.599302
7260 29.859470 29.859470 29.859470 0.599302 0.599302 0.599302
7270 29.859470 29.859470 29.859470 0.599302 0.599302 0.599302
7280 29.859470 29.859470 29.859470 0.599302 0.599302 0.599302
7290 29.859470 29.859470 29.859470 0.599302 0.599302 0.599302
7300 29.859470 29.859470 29.859470 0.599302 0.599302 0.599302
7310 29.859470 29.859470 29.859470 0.599302 0.599302 0.599302
7320 29.859470 29.859470 29.859470 0.599302 0.599302 0.599302
7330 29.859470 29.859470 29.859470 0.599302 0.599302 0.599302
7340 29.859470 29.859470 29.859470 0.599302 0.599302 0.599302
7350 29.859470 29.859470 29.859470 0.599302 0.599302 0.599302
7360 29.859470 29.859470 29.859470 0.599302 0.599302 0.599302
7370 29.859470 29.859470 29.859470 0.599302 0.599302 0.599302
7380 29.859470 29.859470 29.859470 0.599302 0.599302 0.599302
7390 29.859470 29.859470 29.859470 0.599302 0.599302 0.599302
7400 29.859470 29.859470 29.859470 0.599302 0.599302 0.599302
7410 29.859470 29.859470 29.859470 0.599302 0.599302 0.599302
7420 29.859470 29.859470 29.859470 0.599302 0.599302 0.599302
7430 29.859470 29.859470 29.859470 0.599302 0.599302 0.599302
7440 29.859470 29.859470 29.859470 0.599302 0.599302 0.599302
7450 29.859470 29.859470 29.859470 0.599302 0.599302 0.599302
7460 29.859470 29.859470 29.859470 0.599302 0.599302 0.599302
7470 29.859470 29.859470 29.859470 0.599302 0.599302 0.599302
7480 29.859470 29.859470 29.859470 0.599302 0.599302 0.599302
7490 29.859470 29.859470 29.859470 0.599302 0.599302 0.599302
7500 29.859470 29.859470 29.859470 0.599302 0.599302 0.599302
7510 29.859470 29.859470 29.859470 0.599302 0.599302 0.599302
7520 29.859470 29.859470 29.859470 0.599302 0.599302 0.599302
7530 29.859470 29.859470 29.859470 0.599302 0.599302 0.599302
7540 29.859470 29.859470 29.859470 0.599302 0.599302 0.599302
7550 29.859470 29.859470 29.859470 0.599302 0.599302 0.599302
7560 29.859470 29.859470 29.859470 0.599302 0.599302 0.599302
7570 29.859470 29.859470 29.859470 0.599302 0.599302 0.599302
7580 29.859470 29.859470 29.859470 0.599302 0.599302 0.599302
7590 29.859470 29.859470 29.859470 0.599302 0.599302 0.599302
7600 29.859470 29.859470 29.859470 0.599302 0.599302 0.599302
7610 29.859470 29.859470 29.859470 0.599302 0.599302 0.599302
7620 29.859470 29.859470 29.859470 0.599302 0.599302 0.599302
7630 29.859470 29.859470 29.859470 0.599302 0.599302 0.599302
7640 29.859470 29.859470 29.859470 0.599302 0.599302 0.599302
7650 29.859470 29.859470 29.859470 0.599302 0.599302 0.599302
7660 29.859470 29.859470 29.859470 0.599302 0.599302 0.599302
7670 29.859470 29.859470 29.859470 0.599302 0.599302 0.599302
7680 29.859470 29.859470 29.859470 0.599302 0.599302 0.599302
7690 29.859470 29.859470 29.859470 0.599302 0.599302 0.599302
7700 29.859470 29.859470 29.859470 0.599302 0.599302 0.599302
7710 29.859470 29.859470 29.859470 0.599302 0.599302 0.599302
7720 29.859470 29.859470 29.859470 0.599302 0.599302 0.599302
7730 29.859470 29.859470 29.859470 0.599302 0.599302 0.599302
7740 29.859470 29.859470 29.859470 0.599302 0.599302 0.599302
7750 29.859470 29.859470 29.859470 0.599302 0.599302 0.599302
7760 29.859470 29.859470 29.859470 0.599302 0.599302 0.599302
7770 29.859470 29.859470 29.859470 0.599302 0.599302 0.599302
7780 29.859470 29.859470 29.859470 0.599302 0.599302 0.599302
7790 29.859470 29.859470 29.859470 0.599302 0.599302 0.599302
7800 29.859470 29.859470 29.859470 0.599302 0.599302 0.599302
7810 29.859470 29.859470 29.859470 0.599302 0.599302 0.599302
7820 29.859470 29.859470 29.859470 0.599302 0.599302 0.599302
7830 29.859470 29.859470 29.859470 0.599302 0.599302 0.599302
7840 29.859470 29.859470 29.859470 0.599302 0.599302 0.599302
7850 29.859470 29.859470 29.859470 0.599302 0.599302 0.599302
7860 29.859470 29.859470 29.859470 0.599302 0.599302 0.599302
7870 29.859470 29.859470 29.859470 0.599302 0.599302 0.599302
7880 29.859470 29.859470 29.859470 0.599302 0.599302 0.599302
7890 29.859470 29.859470 29.859470 0.599302 0.599302 0.599302
7900 29.859470 29.859470 29.859470 0.599302 0.599302 0.599302
7910 29.859470 29.859470 29.859470 0.599302 0.599302 0.599302
7920 29.859470 29.859470 29.859470 0.599302 0.599302 0.599302
7930 29.859470 29.859470 29.859470 0.599302 0.599302 0.599302
7940 29.859470 29.859470 29.859470 0.599302 0.599302 0.599302
7950 29.859470 29.859470 29.859470 0.599302 0.599302 0.599302
7960 29.859470 29.859470 29.859470 0.599302 0.599302 0.599302
7970 29.859470 29.859470 29.859470 0.599302 0.599302 0.599302
7980 29.859470 29.859470 29.859470 0.599302 0.599302 0.599302
7990 29.859470 29.859470 29.859470 0.599302 0.599302 0.599302
8000 29.859470 29.859470 29.859470 0.599302 0.599302 0.599302
8010 29.859470 29.859470 29.859470 0.599302 0.599302 0.599302
8020 29.859470 29.859470 29.859470 0.599302 0.599302 0.599302
8030 29.859470 29.859470 29.859470 0.599302 0.599302 0.599302
8040 29.859470 29.859470 29.859470 0.599302 0.599302 0.599302
8050 29.859470 29.859470 29.859470 0.599302 0.599302 0.599302
8060 29.859470 29.859470 29.859470 0.599302 0.599302 0.599302
8070 29.859470 29.859470 29.859470 0.599302 0.599302 0.599302
8080 29.859470 29.859470 29.859470 0.599302 0.599302 0.599302
8090 29.859470 29.859470 29.859470 0.599302 0.599302 0.599302
8100 29.859470 29.859470 29.859470 0.599302 0.599302 0.599302
8110 29.859470 29.859470 29.859470 0.599302 0.599302 0.599302
8120 29.859470 29.859470 29.859470 0.599302 0.599302 0.599302
8130 29.859470 29.859470 29.859470 0.599302 0.599302 0.599302
8140 29.859470 29.859470 29.859470 0.599302 0.599302 0.599302
8150 29.859470 29.859470 29.859470 0.599302 0.599302 0.599302
8160 29.859470 29.859470 29.859470 0.599302 0.599302 0.599302
8170 29.859470 29.859470 29.859470 0.599302 0.599302 0.599302
8180 29.859470 29.859470 29.859470 0.599302 0.599302 0.599302
8190 29.859470 29.859470 29.859470 0.599302 0.599302 0.599302
8200 29.859470 29.859470 29.859470 0.599302 0.599302 0.599302
8210 29.859470 29.859470 29.859470 0.599302 0.599302 0.599302
8220 29.859470 29.859470 29.859470 0.599302 0.599302 0.599302
8230 29.859470 29.859470 29.859470 0.599302 0.599302 0.599302
8240 29.859470 29.859470 29.859470 0.599302 0.599302 0.599302
8250 29.859470 29.859470 29.859470 0.599302 0.599302 0.599302
8260 29.859470 29.859470 29.859470 0.599302 0.599302 0.599302
8270 29.859470 29.859470 29.859470 0.599302 0.599302 0.599302
8280 29.859470 29.859470 29.859470 0.599302 0.599302 0.599302
8290 29.859470 29.859470 29.859470 0.599302 0.599302 0.599302
8300 29.859470 29.859470 29.859470 0.599302 0.599302 0.599302
8310 29.859470 29.859470 29.859470 0.599302 0.599302 0.599302
8320 29.859470 29.859470 29.859470 0.599302 0.599302 0.599302
8330 29.859470 29.859470 29.859470 0.599302 0.599302 0.599302
8340 29.859470 29.859470 29.859470 0.599302 0.599302 0.599302
8350 29.859470 29.859470 29.859470 0.599302 0.599302 0.599302
8360 29.859470 29.859470 29.859470 0.599302 0.599302 0.599302
8370 29.859470 29.859470 29.859470 0.599302 0.599302 0.599302
8380 29.859470 29.859470 29.859470 0.599302 0.599302 0.599302
8390 29.859470 29.859470 29.859470 0.599302 0.599302 0.599302
8400 29.859470 29.859470 29.859470 0.599302 0.599302 0.599302
8410 29.859470 29.859470 29.859470 0.599302 0.599302 0.599302
8420 29.859470 29.859470 29.859470 0.599302 0.599302 0.599302
8430 29.859470 29.859470 29.859470 0.599302 0.599302 0.599302
8440 29.859470 29.859470 29.859470 0.599302 0.599302 0.599302
8450 29.859470 29.859470 29.859470 0.599302 0.599302 0.599302
8460 29.859470 29.859470 29.859470 0.599302 0.599302 0.599302
8470 29.859470 29.859470 29.859470 0.599302 0.599302 0.599302
8480 29.859470 29.859470 29.859470 0.599302 0.599302 0.599302
8490 29.859470 29.859470 29.859470 0.599302 0.599302 0.599302
8500 29.859470 29.859470 29.859470 0.599302 0.599302 0.599302
8510 29.859470 29.859470 29.859470 0.599302 0.599302 0.599302
8520 29.859470 29.859470 29.859470 0.599302 0.599302 0.599302
8530 29.859470 29.859470 29.859470 0.599302 0.599302 0.599302
8540 29.859470 29.859470 29.859470 0.599302 0.599302 0.599302
8550 29.859470 29.859470 29.859470 0.599302 0.599302 0.599302
8560 29.859470 29.859470 29.859470 0.599302 0.599302 0.599302
8570 29.859470 29.859470 29.859470 0.599302 0.599302 0.599302
8580 29.859470 29.859470 29.859470 0.599302 0.599302 0.599302
8590 29.859470 29.859470 29.859470 0.599302 0.599302 0.599302
8600 29.859470 29.859470 29.859470 0.599302 0.599302 0.599302
8610 29.859470 29.859470 29.859470 0.599302 0.599302 0.599302
8620 29.859470 29.859470 29.859470 0.599302 0.599302 0.599302
8630 29.859470 29.859470 29.859470 0.599302 0.599302 0.599302
8640 29.859470 29.859470 29.859470 0.599302 0.599302 0.599302
8650 29.859470 29.859470 29.859470 0.599302 0.599302 0.599302
8660 29.859470 29.859470 29.859470 0.599302 0.599302 0.599302
8670 29.859470 29.859470 29.859470 0.599302 0.599302 0.599302
8680 29.859470 29.859470 29.859470 0.599302 0.599302 0.599302
8690 29.859470 29.859470 29.859470 0.599302 0.599302 0.599302
8700 29.859470 29.859470 29.859470 0.599302 0.599302 0.599302
8710 29.859470 29.859470 29.859470 0.599302 0.599302 0.599302
8720 29.859470 29.859470 29.859470 0.599302 0.599302 0.599302
8730 29.859470 29.859470 29.859470 0.599302 0.599302 0.599302
8740 29.859470 29.859470 29.859470 0.599302 0.599302 0.599302
8750 29.859470 29.859470 29.859470 0.599302 0.599302 0.599302
8760 29.859470 29.859470 29.859470 0.599302 0.599302 0.599302
8770 29.859470 29.859470 29.859470 0.599302 0.599302 0.599302
8780 29.859470 29.859470 29.859470 0.599302 0.599302 0.599302
8790 29.859470 29.859470 29.859470 0.599302 0.599302 0.599302
8800 29.859470 29.859470 29.859470 0.599302 0.599302 0.599302
8810 29.859470 29.859470 29.859470 0.599302 0.599302 0.599302
8820 29.859470 29.859470 29.859470 0.599302 0.599302 0.599302
8830 29.859470 29.859470 29.859470 0.599302 0.599302 0.599302
8840 29.859470 29.859470 29.859470 0.599302 0.599302 0.599302
8850 29.859470 29.859470 29.859470 0.599302 0.599302 0.599302
8860 29.859470 29.859470 29.859470 0.599302 0.599302 0.599302
8870 29.859470 29.859470 29.859470 0.599302 0.599302 0.599302
8880 29.859470 29.859470 29.859470 0.599302 0.599302 0.599302
8890 29.859470 29.859470 29.859470 0.599302 0.599302 0.599302
8900 29.859470 29.859470 29.859470 0.599302 0.599302 0.599302
8910 29.859470 29.859470 29.859470 0.599302 0.599302 0.599302
8920 29.859470 29.859470 29.859470 0.599302 0.599302 0.599302
8930 29.859470 29.859470 29.859470 0.599302 0.599302 0.599302
8940 29.859470 29.859470 29.859470 0.599302 0.599302 0.599302
8950 29.859470 29.859470 29.859470 0.599302 0.599302 0.599302
8960 29.859470 29.859470 29.859470 0.599302 0.599302 0.599302
8970 29.859470 29.859470 29.859470 0.599302 0.599302 0.599302
8980 29.859470 29.859470 29.859470 0.599302 0.599302 0.599302
8990 29.859470 29.859470 29.859470 0.599302 0.599302 0.599302
9000 29.859470 29.859470 29.859470 0.599302 0.599302 0.599302
9010 29.859470 29.859470 29.859470 0.599302 0.599302 0.599302
9020 29.859470 29.859470 29.859470 0.599302 0.599302 0.599302
9030 29.859470 29.859470 29.859470 0.599302 0.599302 0.599302
9040 29.859470 29.859470 29.859470 0.599302 0.599302 0.599302
9050 29.859470 29.859470 29.859470 0.599302 0.599302 0.599302
9060 29.859470 29.859470 29.859470 0.599302 0.599302 0.599302
9070 29.859470 29.859470 29.859470 0.599302 0.599302 0.599302
9080 29.859470 29.859470 29.859470 0.599302 0.599302 0.599302
9090 29.859470 29.859470 29.859470 0.599302 0.599302 0.599302
9100 29.859470 29.859470 29.859470 0.599302 0.599302 0.599302
9110 29.859470 29.859470 29.859470 0.599302 0.599302 0.599302
9120 29.859470 29.859470 29.859470 0.599302 0.599302 0.599302
9130 29.859470 29.859470 29.859470 0.599302 0.599302 0.599302
9140 29.859470 29.859470 29.859470 0.599302 0.599302 0.599302
9150 29.859470 29.859470 29.859470 0.599302 0.599302 0.599302
9160 29.859470 29.859470 29.859470 0.599302 0.599302 0.599302
9170 29.859470 29.859470 29.859470 0.599302 0.599302 0.599302
9180 29.859470 29.859470 29.859470 0.599302 0.599302 0.599302
9190 29.859470 29.859470 29.859470 0.599302 0.599302 0.599302
9200 29.859470 29.859470 29.859470 0.599302 0.599302 0.599302
9210 29.859470 29.859470 29.859470 0.599302 0.599302 0.599302
9220 29.859470 29.859470 29.859470 0.599302 0.599302 0.599302
9230 29.859470 29.859470 29.859470 0.599302 0.599302 0.599302
9240 29.859470 29.859470 29.859470 0.599302 0.599302 0.599302
9250 29.859470 29.859470 29.859470 0.599302 0.599302 0.599302
9260 29.859470 29.859470 29.859470 0.599302 0.599302 0.599302
9270 29.859470 29.859470 29.859470 0.599302 0.599302 0.599302
9280 29.859470 29.859470 29.859470 0.599302 0.599302 0.599302
9290 29.859470 29.859470 29.859470 0.599302 0.599302 0.599302
9300 29.859470 29.859470 29.859470 0.599302 0.599302 0.599302
9310 29.859470 29.859470 29.859470 0.599302 0.599302 0.599302
9320 29.859470 29.859470 29.859470 0.599302 0.599302 0.599302
9330 29.859470 29.859470 29.859470 0.599302 0.599302 0.599302
9340 29.859470 29.859470 29.859470 0.599302 0.599302 0.599302
9350 29.859470 29.859470 29.859470 0.599302 0.599302 0.599302
9360 29.859470 29.859470 29.859470 0.599302 0.599302 0.599302
9370 29.859470 29.859470 29.859470 0.599302 0.599302 0.599302
9380 29.859470 29.859470 29.859470 0.599302 0.599302 0.599302
9390 29.859470 29.859470 29.859470 0.599302 0.599302 0.599302
9400 29.859470 29.859470 29.859470 0.599302 0.599302 0.599302
9410 29.859470 29.859470 29.859470 0.599302 0.599302 0.599302
9420 29.859470 29.859470 29.859470 0.599302 0.599302 0.599302
9430 29.859470 29.859470 29.859470 0.599302 0.599302 0.599302
9440 29.859470 29.859470 29.859470 0.599302 0.599302 0.599302
9450 29.859470 29.859470 29.859470 0.599302 0.599302 0.599302
9460 29.859470 29.859470 29.859470 0.599302 0.599302 0.599302
9470 29.859470 29.859470 29.859470 0.599302 0.599302 0.599302
9480 29.859470 29.859470 29.859470 0.599302 0.599302 0.599302
9490 29.859470 29.859470 29.859470 0.599302 0.599302 0.599302
9500 29.859470 29.859470 29.859470 0.599302 0.599302 0.599302
9510 29.859470 29.859470 29.859470 0.599302 0.599302 0.599302
9520 29.859470 29.859470 29.859470 0.599302 0.599302 0.599302
9530 29.859470 29.859470 29.859470 0.599302 0.599302 0.599302
9540 29.859470 29.859470 29.859470 0.599302 0.599302 0.599302
9550 29.859470 29.859470 29.859470 0.599302 0.599302 0.599302
9560 29.859470 29.859470 29.859470 0.599302 0.599302 0.599302
9570 29.859470 29.859470 29.859470 0.599302 0.599302 0.599302
9580 29.859470 29.859470 29.859470 0.599302 0.599302 0.599302
9590 29.859470 29.859470 29.859470 0.599302 0.599302 0.599302
9600 29.859470 29.859470 29.859470 0.599302 0.599302 0.599302
9610 29.859470 29.859470 29.859470 0.599302 0.599302 0.599302
9620 29.859470 29.859470 29.859470 0.599302 0.599302 0.599302
9630 29.859470 29.859470 29.859470 0.599302 0.599302 0.599302
9640 29.859470 29.859470 29.859470 0.599302 0.599302 0.599302
9650 29.859470 29.859470 29.859470 0.599302 0.599302 0.599302
9660 29.859470 29.859470 29.859470 0.599302 0.599302 0.599302
9670 29.859470 29.859470 29.859470 0.599302 0.599302 0.599302
9680 29.859470 29.859470 29.859470 0.599302 0.599302 0.599302
9690 29.859470 29.859470 29.859470 0.599302 0.599302 0.599302
9700 29.859470 29.859470 29.859470 0.599302 0.599302 0.599302
9710 29.859470 29.859470 29.859470 0.599302 0.599302 0.599302
9720 29.859470 29.859470 29.859470 0.599302 0.599302 0.599302
9730 29.859470 29.859470 29.859470 0.599302 0.599302 0.599302
9740 29.859470 29.859470 29.859470 0.599302 0.599302 0.599302
9750 29.859470 29.859470 29.859470 0.599302 0.599302 0.599302
9760 29.859470 29.859470 29.859470 0.599302 0.599302 0.599302
9770 29.859470 29.859470 29.859470 0.599302 0.599302 0.599302
9780 29.859470 29.859470 29.859470 0.599302 0.599302 0.599302
9790 29.859470 29.859470 29.859470 0.599302 0.599302 0.599302
9800 29.859470 29.859470 29.859470 0.599302 0.599302 0.599302
9810 29.859470 29.859470 29.859470 0.599302 0.599302 0.599302
9820 29.859470 29.859470 29.859470 0.599302 0.599302 0.599302
9830 29.859470 29.859470 29.859470 0.599302 0.599302 0.599302
9840 29.859470 29.859470 29.859470 0.599302 0.599302 0.599302
9850 29.859470 29.859470 29.859470 0.599302 0.599302 0.599302
9860 29.859470 29.859470 29.859470 0.599302 0.599302 0.599302
9870 29.859470 29.859470 29.859470 0.599302 0.599302 0.599302
9880 29.859470 29.859470 29.859470 0.599302 0.599302 0.599302
9890 29.859470 29.859470 29.859470 0.599302 0.599302 0.599302
9900 29.859470 29.859470 29.859470 0.599302 0.599302 0.599302
9910 29.859470 29.859470 29.859470 0.599302 0.599302 0.599302
9920 29.859470 29.859470 29.859470 0.599302 0.599302 0.599302
9930 29.859470 29.859470 29.859470 0.599302 0.599302 0.599302
9940 29.859470 29.859470 29.859470 0.599302 0.599302 0.599302
9950 29.859470 29.859470 29.859470 0.599302 0.599302 0.599302
9960 29.859470 29.859470 29.859470 0.599302 0.599302 0.599302
9970 29.859470 29.859470 29.859470 0.599302 0.599302 0.599302
9980 29.859470 29.859470 29.859470 0.599302 0.599302 0.599302
9990 29.859470 29.859470 29.859470 0.599302 0.599302 0.599302
10000 29.859470 29.859470 29.859470 0.599302 0.599302 0.599302
