# generation power_min power_avg power_max util_min util_avg util_max
1 17.971047 20.736016 24.156394 0.232490 0.296695 0.368957
10 17.375896 20.339032 22.626865 0.230486 0.288671 0.348050
20 17.375896 20.037679 21.682850 0.230486 0.283712 0.331897
30 16.945805 19.749880 21.250641 0.230486 0.278589 0.329547
40 16.945805 19.502846 20.993991 0.210372 0.273323 0.329547
50 16.945805 19.254466 20.716175 0.210372 0.268044 0.308796
60 16.087073 18.935828 20.415007 0.194908 0.262270 0.307652
70 15.208840 18.632853 20.174277 0.194892 0.255552 0.303434
80 14.330597 18.307898 19.844198 0.166356 0.249132 0.292979
90 14.132213 18.032637 19.610658 0.154951 0.243458 0.288824
100 14.132213 17.748626 19.327339 0.154951 0.238332 0.282318
110 14.132213 17.430724 19.123439 0.154951 0.232556 0.282318
120 14.132213 17.110804 18.696336 0.154951 0.226163 0.277368
130 13.990355 16.830280 18.373794 0.154951 0.220522 0.269857
140 13.800657 16.553465 18.059326 0.154951 0.215509 0.266137
150 13.141905 16.227026 17.851467 0.154951 0.209513 0.260680
160 12.479472 15.846868 17.536477 0.140375 0.202380 0.260680
170 12.479472 15.510488 17.342258 0.137311 0.195257 0.241450
180 12.479472 15.197861 17.053082 0.131745 0.189773 0.241450
190 12.406925 14.864952 16.761196 0.126953 0.183470 0.240969
200 12.038984 14.536933 16.233274 0.126953 0.177284 0.222833
210 12.038984 14.307512 15.941585 0.126953 0.173117 0.222833
220 12.038984 14.021468 15.694065 0.126953 0.167257 0.208817
230 11.864342 13.763624 15.310852 0.126953 0.162154 0.208817
240 11.864342 13.529929 15.015144 0.126953 0.157454 0.186287
250 11.864342 13.284959 14.717187 0.121216 0.152854 0.184467
260 11.425347 13.027360 14.314031 0.118857 0.148443 0.181725
270 11.302200 12.823855 14.037392 0.118857 0.144798 0.172297
280 11.302200 12.627516 13.791530 0.118857 0.141243 0.170123
290 10.777225 12.429935 13.576870 0.114587 0.138207 0.159536
300 10.777225 12.286214 13.249440 0.114587 0.136002 0.155583
310 10.777225 12.148349 12.898336 0.114587 0.134052 0.153162
320 10.777225 12.035242 12.695895 0.114587 0.133007 0.153162
330 10.777225 11.918881 12.545275 0.113913 0.130951 0.147166
340 10.731397 11.805039 12.406925 0.113913 0.129034 0.147166
350 10.731397 11.689115 12.343793 0.113913 0.127620 0.147166
360 10.731397 11.574255 12.250492 0.113913 0.125506 0.140365
370 10.494857 11.451963 12.069791 0.108550 0.124013 0.137971
380 10.494857 11.347123 11.978439 0.108550 0.122632 0.137378
390 10.494857 11.242369 11.837011 0.108550 0.121010 0.135469
400 10.412399 11.134618 11.702871 0.104421 0.119066 0.132844
410 10.412399 11.024616 11.589282 0.104421 0.117529 0.132002
420 10.369165 10.928851 11.425347 0.101018 0.116393 0.132002
430 10.169380 10.838753 11.368031 0.101018 0.115381 0.132002
440 10.169380 10.755679 11.258631 0.097629 0.114209 0.127667
450 10.111628 10.675946 11.126075 0.097629 0.112745 0.127667
460 10.049779 10.588683 11.020735 0.097629 0.111408 0.127667
470 10.012244 10.519561 10.878628 0.096767 0.110235 0.127667
480 9.972183 10.447542 10.855686 0.096767 0.109095 0.125114
490 9.972183 10.376659 10.758074 0.095508 0.107939 0.125114
500 9.766565 10.305586 10.672298 0.092258 0.106316 0.118992
510 9.766565 10.246705 10.578554 0.092258 0.105275 0.118992
520 9.766565 10.192169 10.494857 0.092258 0.104168 0.117614
530 9.667196 10.134675 10.482785 0.092258 0.103136 0.117614
540 9.581626 10.074503 10.393066 0.092258 0.101511 0.117614
550 9.581626 10.017773 10.308024 0.091277 0.100137 0.110233
560 9.504557 9.967760 10.213379 0.091277 0.099064 0.110233
570 9.504557 9.925747 10.194986 0.091277 0.098533 0.110233
580 9.504557 9.882731 10.111628 0.091277 0.097377 0.106830
590 9.504557 9.838389 10.083247 0.091277 0.096652 0.106830
600 9.504557 9.798207 10.049779 0.091277 0.095854 0.106830
610 9.457174 9.758050 9.986669 0.091277 0.095107 0.105482
620 9.457174 9.726317 9.930880 0.091277 0.094490 0.102088
630 9.457174 9.695318 9.898090 0.091277 0.094008 0.102088
640 9.457174 9.665189 9.866241 0.091277 0.093556 0.101097
650 9.457174 9.639224 9.787437 0.091277 0.093251 0.099312
660 9.457174 9.616368 9.766565 0.091277 0.093265 0.099312
670 9.337759 9.596913 9.690869 0.091523 0.093189 0.096061
680 9.337759 9.585017 9.667196 0.091523 0.093202 0.096061
690 9.337759 9.570453 9.667196 0.091523 0.093362 0.096061
700 9.337759 9.552387 9.621936 0.091523 0.093639 0.096061
710 9.337759 9.543723 9.598519 0.091523 0.093677 0.096061
720 9.337759 9.532460 9.586829 0.091523 0.093813 0.096061
730 9.283753 9.514063 9.586829 0.091523 0.093950 0.096061
740 9.283753 9.497882 9.581626 0.091523 0.094112 0.096061
750 9.283753 9.482309 9.573235 0.091523 0.094240 0.096068
760 9.240134 9.462841 9.568031 0.091523 0.094368 0.096068
770 9.240134 9.443182 9.537541 0.092650 0.094578 0.096068
780 9.146172 9.424653 9.529586 0.092650 0.094482 0.096994
790 9.146172 9.401975 9.517897 0.092650 0.094580 0.096994
800 9.146172 9.379694 9.504829 0.092650 0.094578 0.096994
810 9.125150 9.358387 9.500894 0.092650 0.094717 0.096994
820 9.125150 9.336447 9.457174 0.093576 0.094875 0.096994
830 9.125150 9.320790 9.443579 0.093576 0.094761 0.096994
840 9.125150 9.297599 9.423935 0.093576 0.094860 0.096994
850 9.125150 9.273758 9.363212 0.093576 0.095079 0.096994
860 9.125150 9.252720 9.359549 0.093576 0.095182 0.096994
870 9.125150 9.235064 9.337759 0.093576 0.095351 0.096994
880 9.125150 9.216981 9.337759 0.093576 0.095550 0.096994
890 9.125150 9.196981 9.337759 0.093576 0.095774 0.096994
900 9.125150 9.177761 9.304775 0.093576 0.095995 0.096994
910 9.125150 9.162111 9.283753 0.093576 0.096271 0.096994
920 9.125150 9.148306 9.240134 0.094852 0.096471 0.096994
930 9.125150 9.138059 9.219112 0.095132 0.096578 0.096994
940 9.125150 9.133979 9.146172 0.096259 0.096568 0.096994
950 9.125150 9.131877 9.146172 0.096259 0.096494 0.096994
960 9.125150 9.129775 9.146172 0.096259 0.096421 0.096994
970 9.125150 9.127672 9.146172 0.096259 0.096347 0.096994
980 9.125150 9.125570 9.146172 0.096259 0.096274 0.096994
990 9.125150 9.125150 9.125150 0.096259 0.096259 0.096259
1000 9.125150 9.125150 9.125150 0.096259 0.096259 0.096259
1010 9.125150 9.125150 9.125150 0.096259 0.096259 0.096259
1020 9.125150 9.125150 9.125150 0.096259 0.096259 0.096259
1030 9.125150 9.125150 9.125150 0.096259 0.096259 0.096259
1040 9.125150 9.125150 9.125150 0.096259 0.096259 0.096259
1050 9.125150 9.125150 9.125150 0.096259 0.096259 0.096259
1060 9.125150 9.125150 9.125150 0.096259 0.096259 0.096259
1070 9.125150 9.125150 9.125150 0.096259 0.096259 0.096259
1080 9.125150 9.125150 9.125150 0.096259 0.096259 0.096259
1090 9.125150 9.125150 9.125150 0.096259 0.096259 0.096259
1100 9.125150 9.125150 9.125150 0.096259 0.096259 0.096259
1110 9.125150 9.125150 9.125150 0.096259 0.096259 0.096259
1120 9.125150 9.125150 9.125150 0.096259 0.096259 0.096259
1130 9.125150 9.125150 9.125150 0.096259 0.096259 0.096259
1140 9.125150 9.125150 9.125150 0.096259 0.096259 0.096259
1150 9.125150 9.125150 9.125150 0.096259 0.096259 0.096259
1160 9.125150 9.125150 9.125150 0.096259 0.096259 0.096259
1170 9.125150 9.125150 9.125150 0.096259 0.096259 0.096259
1180 9.125150 9.125150 9.125150 0.096259 0.096259 0.096259
1190 9.125150 9.125150 9.125150 0.096259 0.096259 0.096259
1200 9.125150 9.125150 9.125150 0.096259 0.096259 0.096259
1210 9.125150 9.125150 9.125150 0.096259 0.096259 0.096259
1220 9.125150 9.125150 9.125150 0.096259 0.096259 0.096259
1230 9.125150 9.125150 9.125150 0.096259 0.096259 0.096259
1240 9.125150 9.125150 9.125150 0.096259 0.096259 0.096259
1250 9.125150 9.125150 9.125150 0.096259 0.096259 0.096259
1260 9.125150 9.125150 9.125150 0.096259 0.096259 0.096259
1270 9.125150 9.125150 9.125150 0.096259 0.096259 0.096259
1280 9.125150 9.125150 9.125150 0.096259 0.096259 0.096259
1290 9.125150 9.125150 9.125150 0.096259 0.096259 0.096259
1300 9.125150 9.125150 9.125150 0.096259 0.096259 0.096259
1310 9.125150 9.125150 9.125150 0.096259 0.096259 0.096259
1320 9.125150 9.125150 9.125150 0.096259 0.096259 0.096259
1330 9.125150 9.125150 9.125150 0.096259 0.096259 0.096259
1340 9.125150 9.125150 9.125150 0.096259 0.096259 0.096259
1350 9.125150 9.125150 9.125150 0.096259 0.096259 0.096259
1360 9.125150 9.125150 9.125150 0.096259 0.096259 0.096259
1370 9.125150 9.125150 9.125150 0.096259 0.096259 0.096259
1380 9.125150 9.125150 9.125150 0.096259 0.096259 0.096259
1390 9.125150 9.125150 9.125150 0.096259 0.096259 0.096259
1400 9.125150 9.125150 9.125150 0.096259 0.096259 0.096259
1410 9.125150 9.125150 9.125150 0.096259 0.096259 0.096259
1420 9.125150 9.125150 9.125150 0.096259 0.096259 0.096259
1430 9.125150 9.125150 9.125150 0.096259 0.096259 0.096259
1440 9.125150 9.125150 9.125150 0.096259 0.096259 0.096259
1450 9.125150 9.125150 9.125150 0.096259 0.096259 0.096259
1460 9.125150 9.125150 9.125150 0.096259 0.096259 0.096259
1470 9.125150 9.125150 9.125150 0.096259 0.096259 0.096259
1480 9.125150 9.125150 9.125150 0.096259 0.096259 0.096259
1490 9.125150 9.125150 9.125150 0.096259 0.096259 0.096259
1500 9.125150 9.125150 9.125150 0.096259 0.096259 0.096259
1510 9.125150 9.125150 9.125150 0.096259 0.096259 0.096259
1520 9.125150 9.125150 9.125150 0.096259 0.096259 0.096259
1530 9.125150 9.125150 9.125150 0.096259 0.096259 0.096259
1540 9.125150 9.125150 9.125150 0.096259 0.096259 0.096259
1550 9.125150 9.125150 9.125150 0.096259 0.096259 0.096259
1560 9.125150 9.125150 9.125150 0.096259 0.096259 0.096259
1570 9.125150 9.125150 9.125150 0.096259 0.096259 0.096259
1580 9.125150 9.125150 9.125150 0.096259 0.096259 0.096259
1590 9.125150 9.125150 9.125150 0.096259 0.096259 0.096259
1600 9.125150 9.125150 9.125150 0.096259 0.096259 0.096259
1610 9.125150 9.125150 9.125150 0.096259 0.096259 0.096259
1620 9.125150 9.125150 9.125150 0.096259 0.096259 0.096259
1630 9.125150 9.125150 9.125150 0.096259 0.096259 0.096259
1640 9.125150 9.125150 9.125150 0.096259 0.096259 0.096259
1650 9.125150 9.125150 9.125150 0.096259 0.096259 0.096259
1660 9.125150 9.125150 9.125150 0.096259 0.096259 0.096259
1670 9.125150 9.125150 9.125150 0.096259 0.096259 0.096259
1680 9.125150 9.125150 9.125150 0.096259 0.096259 0.096259
1690 9.125150 9.125150 9.125150 0.096259 0.096259 0.096259
1700 9.125150 9.125150 9.125150 0.096259 0.096259 0.096259
1710 9.125150 9.125150 9.125150 0.096259 0.096259 0.096259
1720 9.125150 9.125150 9.125150 0.096259 0.096259 0.096259
1730 9.125150 9.125150 9.125150 0.096259 0.096259 0.096259
1740 9.125150 9.125150 9.125150 0.096259 0.096259 0.096259
1750 9.125150 9.125150 9.125150 0.096259 0.096259 0.096259
1760 9.125150 9.125150 9.125150 0.096259 0.096259 0.096259
1770 9.125150 9.125150 9.125150 0.096259 0.096259 0.096259
1780 9.125150 9.125150 9.125150 0.096259 0.096259 0.096259
1790 9.125150 9.125150 9.125150 0.096259 0.096259 0.096259
1800 9.125150 9.125150 9.125150 0.096259 0.096259 0.096259
1810 9.125150 9.125150 9.125150 0.096259 0.096259 0.096259
1820 9.125150 9.125150 9.125150 0.096259 0.096259 0.096259
1830 9.125150 9.125150 9.125150 0.096259 0.096259 0.096259
1840 9.125150 9.125150 9.125150 0.096259 0.096259 0.096259
1850 9.125150 9.125150 9.125150 0.096259 0.096259 0.096259
1860 9.125150 9.125150 9.125150 0.096259 0.096259 0.096259
1870 9.125150 9.125150 9.125150 0.096259 0.096259 0.096259
1880 9.125150 9.125150 9.125150 0.096259 0.096259 0.096259
1890 9.125150 9.125150 9.125150 0.096259 0.096259 0.096259
1900 9.125150 9.125150 9.125150 0.096259 0.096259 0.096259
1910 9.125150 9.125150 9.125150 0.096259 0.096259 0.096259
1920 9.125150 9.125150 9.125150 0.096259 0.096259 0.096259
1930 9.125150 9.125150 9.125150 0.096259 0.096259 0.096259
1940 9.125150 9.125150 9.125150 0.096259 0.096259 0.096259
1950 9.125150 9.125150 9.125150 0.096259 0.096259 0.096259
1960 9.125150 9.125150 9.125150 0.096259 0.096259 0.096259
1970 9.125150 9.125150 9.125150 0.096259 0.096259 0.096259
1980 9.125150 9.125150 9.125150 0.096259 0.096259 0.096259
1990 9.125150 9.125150 9.125150 0.096259 0.096259 0.096259
2000 9.125150 9.125150 9.125150 0.096259 0.096259 0.096259
2010 9.125150 9.125150 9.125150 0.096259 0.096259 0.096259
2020 9.125150 9.125150 9.125150 0.096259 0.096259 0.096259
2030 9.125150 9.125150 9.125150 0.096259 0.096259 0.096259
2040 9.125150 9.125150 9.125150 0.096259 0.096259 0.096259
2050 9.125150 9.125150 9.125150 0.096259 0.096259 0.096259
2060 9.125150 9.125150 9.125150 0.096259 0.096259 0.096259
2070 9.125150 9.125150 9.125150 0.096259 0.096259 0.096259
2080 9.125150 9.125150 9.125150 0.096259 0.096259 0.096259
2090 9.125150 9.125150 9.125150 0.096259 0.096259 0.096259
2100 9.125150 9.125150 9.125150 0.096259 0.096259 0.096259
2110 9.125150 9.125150 9.125150 0.096259 0.096259 0.096259
2120 9.125150 9.125150 9.125150 0.096259 0.096259 0.096259
2130 9.125150 9.125150 9.125150 0.096259 0.096259 0.096259
2140 9.125150 9.125150 9.125150 0.096259 0.096259 0.096259
2150 9.125150 9.125150 9.125150 0.096259 0.096259 0.096259
2160 9.125150 9.125150 9.125150 0.096259 0.096259 0.096259
2170 9.125150 9.125150 9.125150 0.096259 0.096259 0.096259
2180 9.125150 9.125150 9.125150 0.096259 0.096259 0.096259
2190 9.125150 9.125150 9.125150 0.096259 0.096259 0.096259
2200 9.125150 9.125150 9.125150 0.096259 0.096259 0.096259
2210 9.125150 9.125150 9.125150 0.096259 0.096259 0.096259
2220 9.125150 9.125150 9.125150 0.096259 0.096259 0.096259
2230 9.125150 9.125150 9.125150 0.096259 0.096259 0.096259
2240 9.125150 9.125150 9.125150 0.096259 0.096259 0.096259
2250 9.125150 9.125150 9.125150 0.096259 0.096259 0.096259
2260 9.125150 9.125150 9.125150 0.096259 0.096259 0.096259
2270 9.125150 9.125150 9.125150 0.096259 0.096259 0.096259
2280 9.125150 9.125150 9.125150 0.096259 0.096259 0.096259
2290 9.125150 9.125150 9.125150 0.096259 0.096259 0.096259
2300 9.125150 9.125150 9.125150 0.096259 0.096259 0.096259
2310 9.125150 9.125150 9.125150 0.096259 0.096259 0.096259
2320 9.125150 9.125150 9.125150 0.096259 0.096259 0.096259
2330 9.125150 9.125150 9.125150 0.096259 0.096259 0.096259
2340 9.125150 9.125150 9.125150 0.096259 0.096259 0.096259
2350 9.125150 9.125150 9.125150 0.096259 0.096259 0.096259
2360 9.125150 9.125150 9.125150 0.096259 0.096259 0.096259
2370 9.125150 9.125150 9.125150 0.096259 0.096259 0.096259
2380 9.125150 9.125150 9.125150 0.096259 0.096259 0.096259
2390 9.125150 9.125150 9.125150 0.096259 0.096259 0.096259
2400 9.125150 9.125150 9.125150 0.096259 0.096259 0.096259
2410 9.125150 9.125150 9.125150 0.096259 0.096259 0.096259
2420 9.125150 9.125150 9.125150 0.096259 0.096259 0.096259
2430 9.125150 9.125150 9.125150 0.096259 0.096259 0.096259
2440 9.125150 9.125150 9.125150 0.096259 0.096259 0.096259
2450 9.125150 9.125150 9.125150 0.096259 0.096259 0.096259
2460 9.125150 9.125150 9.125150 0.096259 0.096259 0.096259
2470 9.125150 9.125150 9.125150 0.096259 0.096259 0.096259
2480 9.125150 9.125150 9.125150 0.096259 0.096259 0.096259
2490 9.125150 9.125150 9.125150 0.096259 0.096259 0.096259
2500 9.125150 9.125150 9.125150 0.096259 0.096259 0.096259
2510 9.125150 9.125150 9.125150 0.096259 0.096259 0.096259
2520 9.125150 9.125150 9.125150 0.096259 0.096259 0.096259
2530 9.125150 9.125150 9.125150 0.096259 0.096259 0.096259
2540 9.125150 9.125150 9.125150 0.096259 0.096259 0.096259
2550 9.125150 9.125150 9.125150 0.096259 0.096259 0.096259
2560 9.125150 9.125150 9.125150 0.096259 0.096259 0.096259
2570 9.125150 9.125150 9.125150 0.096259 0.096259 0.096259
2580 9.125150 9.125150 9.125150 0.096259 0.096259 0.096259
2590 9.125150 9.125150 9.125150 0.096259 0.096259 0.096259
2600 9.125150 9.125150 9.125150 0.096259 0.096259 0.096259
2610 9.125150 9.125150 9.125150 0.096259 0.096259 0.096259
2620 9.125150 9.125150 9.125150 0.096259 0.096259 0.096259
2630 9.125150 9.125150 9.125150 0.096259 0.096259 0.096259
2640 9.125150 9.125150 9.125150 0.096259 0.096259 0.096259
2650 9.125150 9.125150 9.125150 0.096259 0.096259 0.096259
2660 9.125150 9.125150 9.125150 0.096259 0.096259 0.096259
2670 9.125150 9.125150 9.125150 0.096259 0.096259 0.096259
2680 9.125150 9.125150 9.125150 0.096259 0.096259 0.096259
2690 9.125150 9.125150 9.125150 0.096259 0.096259 0.096259
2700 9.125150 9.125150 9.125150 0.096259 0.096259 0.096259
2710 9.125150 9.125150 9.125150 0.096259 0.096259 0.096259
2720 9.125150 9.125150 9.125150 0.096259 0.096259 0.096259
2730 9.125150 9.125150 9.125150 0.096259 0.096259 0.096259
2740 9.125150 9.125150 9.125150 0.096259 0.096259 0.096259
2750 9.125150 9.125150 9.125150 0.096259 0.096259 0.096259
2760 9.125150 9.125150 9.125150 0.096259 0.096259 0.096259
2770 9.125150 9.125150 9.125150 0.096259 0.096259 0.096259
2780 9.125150 9.125150 9.125150 0.096259 0.096259 0.096259
2790 9.125150 9.125150 9.125150 0.096259 0.096259 0.096259
2800 9.125150 9.125150 9.125150 0.096259 0.096259 0.096259
2810 9.125150 9.125150 9.125150 0.096259 0.096259 0.096259
2820 9.125150 9.125150 9.125150 0.096259 0.096259 0.096259
2830 9.125150 9.125150 9.125150 0.096259 0.096259 0.096259
2840 9.125150 9.125150 9.125150 0.096259 0.096259 0.096259
2850 9.125150 9.125150 9.125150 0.096259 0.096259 0.096259
2860 9.125150 9.125150 9.125150 0.096259 0.096259 0.096259
2870 9.125150 9.125150 9.125150 0.096259 0.096259 0.096259
2880 9.125150 9.125150 9.125150 0.096259 0.096259 0.096259
2890 9.125150 9.125150 9.125150 0.096259 0.096259 0.096259
2900 9.125150 9.125150 9.125150 0.096259 0.096259 0.096259
2910 9.125150 9.125150 9.125150 0.096259 0.096259 0.096259
2920 9.125150 9.125150 9.125150 0.096259 0.096259 0.096259
2930 9.125150 9.125150 9.125150 0.096259 0.096259 0.096259
2940 9.125150 9.125150 9.125150 0.096259 0.096259 0.096259
2950 9.125150 9.125150 9.125150 0.096259 0.096259 0.096259
2960 9.125150 9.125150 9.125150 0.096259 0.096259 0.096259
2970 9.125150 9.125150 9.125150 0.096259 0.096259 0.096259
2980 9.125150 9.125150 9.125150 0.096259 0.096259 0.096259
2990 9.125150 9.125150 9.125150 0.096259 0.096259 0.096259
3000 9.125150 9.125150 9.125150 0.096259 0.096259 0.096259
3010 9.125150 9.125150 9.125150 0.096259 0.096259 0.096259
3020 9.125150 9.125150 9.125150 0.096259 0.096259 0.096259
3030 9.125150 9.125150 9.125150 0.096259 0.096259 0.096259
3040 9.125150 9.125150 9.125150 0.096259 0.096259 0.096259
3050 9.125150 9.125150 9.125150 0.096259 0.096259 0.096259
3060 9.125150 9.125150 9.125150 0.096259 0.096259 0.096259
3070 9.125150 9.125150 9.125150 0.096259 0.096259 0.096259
3080 9.125150 9.125150 9.125150 0.096259 0.096259 0.096259
3090 9.125150 9.125150 9.125150 0.096259 0.096259 0.096259
3100 9.125150 9.125150 9.125150 0.096259 0.096259 0.096259
3110 9.125150 9.125150 9.125150 0.096259 0.096259 0.096259
3120 9.125150 9.125150 9.125150 0.096259 0.096259 0.096259
3130 9.125150 9.125150 9.125150 0.096259 0.096259 0.096259
3140 9.125150 9.125150 9.125150 0.096259 0.096259 0.096259
3150 9.125150 9.125150 9.125150 0.096259 0.096259 0.096259
3160 9.125150 9.125150 9.125150 0.096259 0.096259 0.096259
3170 9.125150 9.125150 9.125150 0.096259 0.096259 0.096259
3180 9.125150 9.125150 9.125150 0.096259 0.096259 0.096259
3190 9.125150 9.125150 9.125150 0.096259 0.096259 0.096259
3200 9.125150 9.125150 9.125150 0.096259 0.096259 0.096259
3210 9.125150 9.125150 9.125150 0.096259 0.096259 0.096259
3220 9.125150 9.125150 9.125150 0.096259 0.096259 0.096259
3230 9.125150 9.125150 9.125150 0.096259 0.096259 0.096259
3240 9.125150 9.125150 9.125150 0.096259 0.096259 0.096259
3250 9.125150 9.125150 9.125150 0.096259 0.096259 0.096259
3260 9.125150 9.125150 9.125150 0.096259 0.096259 0.096259
3270 9.125150 9.125150 9.125150 0.096259 0.096259 0.096259
3280 9.125150 9.125150 9.125150 0.096259 0.096259 0.096259
3290 9.125150 9.125150 9.125150 0.096259 0.096259 0.096259
3300 9.125150 9.125150 9.125150 0.096259 0.096259 0.096259
3310 9.125150 9.125150 9.125150 0.096259 0.096259 0.096259
3320 9.125150 9.125150 9.125150 0.096259 0.096259 0.096259
3330 9.125150 9.125150 9.125150 0.096259 0.096259 0.096259
3340 9.125150 9.125150 9.125150 0.096259 0.096259 0.096259
3350 9.125150 9.125150 9.125150 0.096259 0.096259 0.096259
3360 9.125150 9.125150 9.125150 0.096259 0.096259 0.096259
3370 9.125150 9.125150 9.125150 0.096259 0.096259 0.096259
3380 9.125150 9.125150 9.125150 0.096259 0.096259 0.096259
3390 9.125150 9.125150 9.125150 0.096259 0.096259 0.096259
3400 9.125150 9.125150 9.125150 0.096259 0.096259 0.096259
3410 9.125150 9.125150 9.125150 0.096259 0.096259 0.096259
3420 9.125150 9.125150 9.125150 0.096259 0.096259 0.096259
3430 9.125150 9.125150 9.125150 0.096259 0.096259 0.096259
3440 9.125150 9.125150 9.125150 0.096259 0.096259 0.096259
3450 9.125150 9.125150 9.125150 0.096259 0.096259 0.096259
3460 9.125150 9.125150 9.125150 0.096259 0.096259 0.096259
3470 9.125150 9.125150 9.125150 0.096259 0.096259 0.096259
3480 9.125150 9.125150 9.125150 0.096259 0.096259 0.096259
3490 9.125150 9.125150 9.125150 0.096259 0.096259 0.096259
3500 9.125150 9.125150 9.125150 0.096259 0.096259 0.096259
3510 9.125150 9.125150 9.125150 0.096259 0.096259 0.096259
3520 9.125150 9.125150 9.125150 0.096259 0.096259 0.096259
3530 9.125150 9.125150 9.125150 0.096259 0.096259 0.096259
3540 9.125150 9.125150 9.125150 0.096259 0.096259 0.096259
3550 9.125150 9.125150 9.125150 0.096259 0.096259 0.096259
3560 9.125150 9.125150 9.125150 0.096259 0.096259 0.096259
3570 9.125150 9.125150 9.125150 0.096259 0.096259 0.096259
3580 9.125150 9.125150 9.125150 0.096259 0.096259 0.096259
3590 9.125150 9.125150 9.125150 0.096259 0.096259 0.096259
3600 9.125150 9.125150 9.125150 0.096259 0.096259 0.096259
3610 9.125150 9.125150 9.125150 0.096259 0.096259 0.096259
3620 9.125150 9.125150 9.125150 0.096259 0.096259 0.096259
3630 9.125150 9.125150 9.125150 0.096259 0.096259 0.096259
3640 9.125150 9.125150 9.125150 0.096259 0.096259 0.096259
3650 9.125150 9.125150 9.125150 0.096259 0.096259 0.096259
3660 9.125150 9.125150 9.125150 0.096259 0.096259 0.096259
3670 9.125150 9.125150 9.125150 0.096259 0.096259 0.096259
3680 9.125150 9.125150 9.125150 0.096259 0.096259 0.096259
3690 9.125150 9.125150 9.125150 0.096259 0.096259 0.096259
3700 9.125150 9.125150 9.125150 0.096259 0.096259 0.096259
3710 9.125150 9.125150 9.125150 0.096259 0.096259 0.096259
3720 9.125150 9.125150 9.125150 0.096259 0.096259 0.096259
3730 9.125150 9.125150 9.125150 0.096259 0.096259 0.096259
3740 9.125150 9.125150 9.125150 0.096259 0.096259 0.096259
3750 9.125150 9.125150 9.125150 0.096259 0.096259 0.096259
3760 9.125150 9.125150 9.125150 0.096259 0.096259 0.096259
3770 9.125150 9.125150 9.125150 0.096259 0.096259 0.096259
3780 9.125150 9.125150 9.125150 0.096259 0.096259 0.096259
3790 9.125150 9.125150 9.125150 0.096259 0.096259 0.096259
3800 9.125150 9.125150 9.125150 0.096259 0.096259 0.096259
3810 9.125150 9.125150 9.125150 0.096259 0.096259 0.096259
3820 9.125150 9.125150 9.125150 0.096259 0.096259 0.096259
3830 9.125150 9.125150 9.125150 0.096259 0.096259 0.096259
3840 9.125150 9.125150 9.125150 0.096259 0.096259 0.096259
3850 9.125150 9.125150 9.125150 0.096259 0.096259 0.096259
3860 9.125150 9.125150 9.125150 0.096259 0.096259 0.096259
3870 9.125150 9.125150 9.125150 0.096259 0.096259 0.096259
3880 9.125150 9.125150 9.125150 0.096259 0.096259 0.096259
3890 9.125150 9.125150 9.125150 0.096259 0.096259 0.096259
3900 9.125150 9.125150 9.125150 0.096259 0.096259 0.096259
3910 9.125150 9.125150 9.125150 0.096259 0.096259 0.096259
3920 9.125150 9.125150 9.125150 0.096259 0.096259 0.096259
3930 9.125150 9.125150 9.125150 0.096259 0.096259 0.096259
3940 9.125150 9.125150 9.125150 0.096259 0.096259 0.096259
3950 9.125150 9.125150 9.125150 0.096259 0.096259 0.096259
3960 9.125150 9.125150 9.125150 0.096259 0.096259 0.096259
3970 9.125150 9.125150 9.125150 0.096259 0.096259 0.096259
3980 9.125150 9.125150 9.125150 0.096259 0.096259 0.096259
3990 9.125150 9.125150 9.125150 0.096259 0.096259 0.096259
4000 9.125150 9.125150 9.125150 0.096259 0.096259 0.096259
4010 9.125150 9.125150 9.125150 0.096259 0.096259 0.096259
4020 9.125150 9.125150 9.125150 0.096259 0.096259 0.096259
4030 9.125150 9.125150 9.125150 0.096259 0.096259 0.096259
4040 9.125150 9.125150 9.125150 0.096259 0.096259 0.096259
4050 9.125150 9.125150 9.125150 0.096259 0.096259 0.096259
4060 9.125150 9.125150 9.125150 0.096259 0.096259 0.096259
4070 9.125150 9.125150 9.125150 0.096259 0.096259 0.096259
4080 9.125150 9.125150 9.125150 0.096259 0.096259 0.096259
4090 9.125150 9.125150 9.125150 0.096259 0.096259 0.096259
4100 9.125150 9.125150 9.125150 0.096259 0.096259 0.096259
4110 9.125150 9.125150 9.125150 0.096259 0.096259 0.096259
4120 9.125150 9.125150 9.125150 0.096259 0.096259 0.096259
4130 9.125150 9.125150 9.125150 0.096259 0.096259 0.096259
4140 9.125150 9.125150 9.125150 0.096259 0.096259 0.096259
4150 9.125150 9.125150 9.125150 0.096259 0.096259 0.096259
4160 9.125150 9.125150 9.125150 0.096259 0.096259 0.096259
4170 9.125150 9.125150 9.125150 0.096259 0.096259 0.096259
4180 9.125150 9.125150 9.125150 0.096259 0.096259 0.096259
4190 9.125150 9.125150 9.125150 0.096259 0.096259 0.096259
4200 9.125150 9.125150 9.125150 0.096259 0.096259 0.096259
4210 9.125150 9.125150 9.125150 0.096259 0.096259 0.096259
4220 9.125150 9.125150 9.125150 0.096259 0.096259 0.096259
4230 9.125150 9.125150 9.125150 0.096259 0.096259 0.096259
4240 9.125150 9.125150 9.125150 0.096259 0.096259 0.096259
4250 9.125150 9.125150 9.125150 0.096259 0.096259 0.096259
4260 9.125150 9.125150 9.125150 0.096259 0.096259 0.096259
4270 9.125150 9.125150 9.125150 0.096259 0.096259 0.096259
4280 9.125150 9.125150 9.125150 0.096259 0.096259 0.096259
4290 9.125150 9.125150 9.125150 0.096259 0.096259 0.096259
4300 9.125150 9.125150 9.125150 0.096259 0.096259 0.096259
4310 9.125150 9.125150 9.125150 0.096259 0.096259 0.096259
4320 9.125150 9.125150 9.125150 0.096259 0.096259 0.096259
4330 9.125150 9.125150 9.125150 0.096259 0.096259 0.096259
4340 9.125150 9.125150 9.125150 0.096259 0.096259 0.096259
4350 9.125150 9.125150 9.125150 0.096259 0.096259 0.096259
4360 9.125150 9.125150 9.125150 0.096259 0.096259 0.096259
4370 9.125150 9.125150 9.125150 0.096259 0.096259 0.096259
4380 9.125150 9.125150 9.125150 0.096259 0.096259 0.096259
4390 9.125150 9.125150 9.125150 0.096259 0.096259 0.096259
4400 9.125150 9.125150 9.125150 0.096259 0.096259 0.096259
4410 9.125150 9.125150 9.125150 0.096259 0.096259 0.096259
4420 9.125150 9.125150 9.125150 0.096259 0.096259 0.096259
4430 9.125150 9.125150 9.125150 0.096259 0.096259 0.096259
4440 9.125150 9.125150 9.125150 0.096259 0.096259 0.096259
4450 9.125150 9.125150 9.125150 0.096259 0.096259 0.096259
4460 9.125150 9.125150 9.125150 0.096259 0.096259 0.096259
4470 9.125150 9.125150 9.125150 0.096259 0.096259 0.096259
4480 9.125150 9.125150 9.125150 0.096259 0.096259 0.096259
4490 9.125150 9.125150 9.125150 0.096259 0.096259 0.096259
4500 9.125150 9.125150 9.125150 0.096259 0.096259 0.096259
4510 9.125150 9.125150 9.125150 0.096259 0.096259 0.096259
4520 9.125150 9.125150 9.125150 0.096259 0.096259 0.096259
4530 9.125150 9.125150 9.125150 0.096259 0.096259 0.096259
4540 9.125150 9.125150 9.125150 0.096259 0.096259 0.096259
4550 9.125150 9.125150 9.125150 0.096259 0.096259 0.096259
4560 9.125150 9.125150 9.125150 0.096259 0.096259 0.096259
4570 9.125150 9.125150 9.125150 0.096259 0.096259 0.096259
4580 9.125150 9.125150 9.125150 0.096259 0.096259 0.096259
4590 9.125150 9.125150 9.125150 0.096259 0.096259 0.096259
4600 9.125150 9.125150 9.125150 0.096259 0.096259 0.096259
4610 9.125150 9.125150 9.125150 0.096259 0.096259 0.096259
4620 9.125150 9.125150 9.125150 0.096259 0.096259 0.096259
4630 9.125150 9.125150 9.125150 0.096259 0.096259 0.096259
4640 9.125150 9.125150 9.125150 0.096259 0.096259 0.096259
4650 9.125150 9.125150 9.125150 0.096259 0.096259 0.096259
4660 9.125150 9.125150 9.125150 0.096259 0.096259 0.096259
4670 9.125150 9.125150 9.125150 0.096259 0.096259 0.096259
4680 9.125150 9.125150 9.125150 0.096259 0.096259 0.096259
4690 9.125150 9.125150 9.125150 0.096259 0.096259 0.096259
4700 9.125150 9.125150 9.125150 0.096259 0.096259 0.096259
4710 9.125150 9.125150 9.125150 0.096259 0.096259 0.096259
4720 9.125150 9.125150 9.125150 0.096259 0.096259 0.096259
4730 9.125150 9.125150 9.125150 0.096259 0.096259 0.096259
4740 9.125150 9.125150 9.125150 0.096259 0.096259 0.096259
4750 9.125150 9.125150 9.125150 0.096259 0.096259 0.096259
4760 9.125150 9.125150 9.125150 0.096259 0.096259 0.096259
4770 9.125150 9.125150 9.125150 0.096259 0.096259 0.096259
4780 9.125150 9.125150 9.125150 0.096259 0.096259 0.096259
4790 9.125150 9.125150 9.125150 0.096259 0.096259 0.096259
4800 9.125150 9.125150 9.125150 0.096259 0.096259 0.096259
4810 9.125150 9.125150 9.125150 0.096259 0.096259 0.096259
4820 9.125150 9.125150 9.125150 0.096259 0.096259 0.096259
4830 9.125150 9.125150 9.125150 0.096259 0.096259 0.096259
4840 9.125150 9.125150 9.125150 0.096259 0.096259 0.096259
4850 9.125150 9.125150 9.125150 0.096259 0.096259 0.096259
4860 9.125150 9.125150 9.125150 0.096259 0.096259 0.096259
4870 9.125150 9.125150 9.125150 0.096259 0.096259 0.096259
4880 9.125150 9.125150 9.125150 0.096259 0.096259 0.096259
4890 9.125150 9.125150 9.125150 0.096259 0.096259 0.096259
4900 9.125150 9.125150 9.125150 0.096259 0.096259 0.096259
4910 9.125150 9.125150 9.125150 0.096259 0.096259 0.096259
4920 9.125150 9.125150 9.125150 0.096259 0.096259 0.096259
4930 9.125150 9.125150 9.125150 0.096259 0.096259 0.096259
4940 9.125150 9.125150 9.125150 0.096259 0.096259 0.096259
4950 9.125150 9.125150 9.125150 0.096259 0.096259 0.096259
4960 9.125150 9.125150 9.125150 0.096259 0.096259 0.096259
4970 9.125150 9.125150 9.125150 0.096259 0.096259 0.096259
4980 9.125150 9.125150 9.125150 0.096259 0.096259 0.096259
4990 9.125150 9.125150 9.125150 0.096259 0.096259 0.096259
5000 9.125150 9.125150 9.125150 0.096259 0.096259 0.096259
5010 9.125150 9.125150 9.125150 0.096259 0.096259 0.096259
5020 9.125150 9.125150 9.125150 0.096259 0.096259 0.096259
5030 9.125150 9.125150 9.125150 0.096259 0.096259 0.096259
5040 9.125150 9.125150 9.125150 0.096259 0.096259 0.096259
5050 9.125150 9.125150 9.125150 0.096259 0.096259 0.096259
5060 9.125150 9.125150 9.125150 0.096259 0.096259 0.096259
5070 9.125150 9.125150 9.125150 0.096259 0.096259 0.096259
5080 9.125150 9.125150 9.125150 0.096259 0.096259 0.096259
5090 9.125150 9.125150 9.125150 0.096259 0.096259 0.096259
5100 9.125150 9.125150 9.125150 0.096259 0.096259 0.096259
5110 9.125150 9.125150 9.125150 0.096259 0.096259 0.096259
5120 9.125150 9.125150 9.125150 0.096259 0.096259 0.096259
5130 9.125150 9.125150 9.125150 0.096259 0.096259 0.096259
5140 9.125150 9.125150 9.125150 0.096259 0.096259 0.096259
5150 9.125150 9.125150 9.125150 0.096259 0.096259 0.096259
5160 9.125150 9.125150 9.125150 0.096259 0.096259 0.096259
5170 9.125150 9.125150 9.125150 0.096259 0.096259 0.096259
5180 9.125150 9.125150 9.125150 0.096259 0.096259 0.096259
5190 9.125150 9.125150 9.125150 0.096259 0.096259 0.096259
5200 9.125150 9.125150 9.125150 0.096259 0.096259 0.096259
5210 9.125150 9.125150 9.125150 0.096259 0.096259 0.096259
5220 9.125150 9.125150 9.125150 0.096259 0.096259 0.096259
5230 9.125150 9.125150 9.125150 0.096259 0.096259 0.096259
5240 9.125150 9.125150 9.125150 0.096259 0.096259 0.096259
5250 9.125150 9.125150 9.125150 0.096259 0.096259 0.096259
5260 9.125150 9.125150 9.125150 0.096259 0.096259 0.096259
5270 9.125150 9.125150 9.125150 0.096259 0.096259 0.096259
5280 9.125150 9.125150 9.125150 0.096259 0.096259 0.096259
5290 9.125150 9.125150 9.125150 0.096259 0.096259 0.096259
5300 9.125150 9.125150 9.125150 0.096259 0.096259 0.096259
5310 9.125150 9.125150 9.125150 0.096259 0.096259 0.096259
5320 9.125150 9.125150 9.125150 0.096259 0.096259 0.096259
5330 9.125150 9.125150 9.125150 0.096259 0.096259 0.096259
5340 9.125150 9.125150 9.125150 0.096259 0.096259 0.096259
5350 9.125150 9.125150 9.125150 0.096259 0.096259 0.096259
5360 9.125150 9.125150 9.125150 0.096259 0.096259 0.096259
5370 9.125150 9.125150 9.125150 0.096259 0.096259 0.096259
5380 9.125150 9.125150 9.125150 0.096259 0.096259 0.096259
5390 9.125150 9.125150 9.125150 0.096259 0.096259 0.096259
5400 9.125150 9.125150 9.125150 0.096259 0.096259 0.096259
5410 9.125150 9.125150 9.125150 0.096259 0.096259 0.096259
5420 9.125150 9.125150 9.125150 0.096259 0.096259 0.096259
5430 9.125150 9.125150 9.125150 0.096259 0.096259 0.096259
5440 9.125150 9.125150 9.125150 0.096259 0.096259 0.096259
5450 9.125150 9.125150 9.125150 0.096259 0.096259 0.096259
5460 9.125150 9.125150 9.125150 0.096259 0.096259 0.096259
5470 9.125150 9.125150 9.125150 0.096259 0.096259 0.096259
5480 9.125150 9.125150 9.125150 0.096259 0.096259 0.096259
5490 9.125150 9.125150 9.125150 0.096259 0.096259 0.096259
5500 9.125150 9.125150 9.125150 0.096259 0.096259 0.096259
5510 9.125150 9.125150 9.125150 0.096259 0.096259 0.096259
5520 9.125150 9.125150 9.125150 0.096259 0.096259 0.096259
5530 9.125150 9.125150 9.125150 0.096259 0.096259 0.096259
5540 9.125150 9.125150 9.125150 0.096259 0.096259 0.096259
5550 9.125150 9.125150 9.125150 0.096259 0.096259 0.096259
5560 9.125150 9.125150 9.125150 0.096259 0.096259 0.096259
5570 9.125150 9.125150 9.125150 0.096259 0.096259 0.096259
5580 9.125150 9.125150 9.125150 0.096259 0.096259 0.096259
5590 9.125150 9.125150 9.125150 0.096259 0.096259 0.096259
5600 9.125150 9.125150 9.125150 0.096259 0.096259 0.096259
5610 9.125150 9.125150 9.125150 0.096259 0.096259 0.096259
5620 9.125150 9.125150 9.125150 0.096259 0.096259 0.096259
5630 9.125150 9.125150 9.125150 0.096259 0.096259 0.096259
5640 9.125150 9.125150 9.125150 0.096259 0.096259 0.096259
5650 9.125150 9.125150 9.125150 0.096259 0.096259 0.096259
5660 9.125150 9.125150 9.125150 0.096259 0.096259 0.096259
5670 9.125150 9.125150 9.125150 0.096259 0.096259 0.096259
5680 9.125150 9.125150 9.125150 0.096259 0.096259 0.096259
5690 9.125150 9.125150 9.125150 0.096259 0.096259 0.096259
5700 9.125150 9.125150 9.125150 0.096259 0.096259 0.096259
5710 9.125150 9.125150 9.125150 0.096259 0.096259 0.096259
5720 9.125150 9.125150 9.125150 0.096259 0.096259 0.096259
5730 9.125150 9.125150 9.125150 0.096259 0.096259 0.096259
5740 9.125150 9.125150 9.125150 0.096259 0.096259 0.096259
5750 9.125150 9.125150 9.125150 0.096259 0.096259 0.096259
5760 9.125150 9.125150 9.125150 0.096259 0.096259 0.096259
5770 9.125150 9.125150 9.125150 0.096259 0.096259 0.096259
5780 9.125150 9.125150 9.125150 0.096259 0.096259 0.096259
5790 9.125150 9.125150 9.125150 0.096259 0.096259 0.096259
5800 9.125150 9.125150 9.125150 0.096259 0.096259 0.096259
5810 9.125150 9.125150 9.125150 0.096259 0.096259 0.096259
5820 9.125150 9.125150 9.125150 0.096259 0.096259 0.096259
5830 9.125150 9.125150 9.125150 0.096259 0.096259 0.096259
5840 9.125150 9.125150 9.125150 0.096259 0.096259 0.096259
5850 9.125150 9.125150 9.125150 0.096259 0.096259 0.096259
5860 9.125150 9.125150 9.125150 0.096259 0.096259 0.096259
5870 9.125150 9.125150 9.125150 0.096259 0.096259 0.096259
5880 9.125150 9.125150 9.125150 0.096259 0.096259 0.096259
5890 9.125150 9.125150 9.125150 0.096259 0.096259 0.096259
5900 9.125150 9.125150 9.125150 0.096259 0.096259 0.096259
5910 9.125150 9.125150 9.125150 0.096259 0.096259 0.096259
5920 9.125150 9.125150 9.125150 0.096259 0.096259 0.096259
5930 9.125150 9.125150 9.125150 0.096259 0.096259 0.096259
5940 9.125150 9.125150 9.125150 0.096259 0.096259 0.096259
5950 9.125150 9.125150 9.125150 0.096259 0.096259 0.096259
5960 9.125150 9.125150 9.125150 0.096259 0.096259 0.096259
5970 9.125150 9.125150 9.125150 0.096259 0.096259 0.096259
5980 9.125150 9.125150 9.125150 0.096259 0.096259 0.096259
5990 9.125150 9.125150 9.125150 0.096259 0.096259 0.096259
6000 9.125150 9.125150 9.125150 0.096259 0.096259 0.096259
6010 9.125150 9.125150 9.125150 0.096259 0.096259 0.096259
6020 9.125150 9.125150 9.125150 0.096259 0.096259 0.096259
6030 9.125150 9.125150 9.125150 0.096259 0.096259 0.096259
6040 9.125150 9.125150 9.125150 0.096259 0.096259 0.096259
6050 9.125150 9.125150 9.125150 0.096259 0.096259 0.096259
6060 9.125150 9.125150 9.125150 0.096259 0.096259 0.096259
6070 9.125150 9.125150 9.125150 0.096259 0.096259 0.096259
6080 9.125150 9.125150 9.125150 0.096259 0.096259 0.096259
6090 9.125150 9.125150 9.125150 0.096259 0.096259 0.096259
6100 9.125150 9.125150 9.125150 0.096259 0.096259 0.096259
6110 9.125150 9.125150 9.125150 0.096259 0.096259 0.096259
6120 9.125150 9.125150 9.125150 0.096259 0.096259 0.096259
6130 9.125150 9.125150 9.125150 0.096259 0.096259 0.096259
6140 9.125150 9.125150 9.125150 0.096259 0.096259 0.096259
6150 9.125150 9.125150 9.125150 0.096259 0.096259 0.096259
6160 9.125150 9.125150 9.125150 0.096259 0.096259 0.096259
6170 9.125150 9.125150 9.125150 0.096259 0.096259 0.096259
6180 9.125150 9.125150 9.125150 0.096259 0.096259 0.096259
6190 9.125150 9.125150 9.125150 0.096259 0.096259 0.096259
6200 9.125150 9.125150 9.125150 0.096259 0.096259 0.096259
6210 9.125150 9.125150 9.125150 0.096259 0.096259 0.096259
6220 9.125150 9.125150 9.125150 0.096259 0.096259 0.096259
6230 9.125150 9.125150 9.125150 0.096259 0.096259 0.096259
6240 9.125150 9.125150 9.125150 0.096259 0.096259 0.096259
6250 9.125150 9.125150 9.125150 0.096259 0.096259 0.096259
6260 9.125150 9.125150 9.125150 0.096259 0.096259 0.096259
6270 9.125150 9.125150 9.125150 0.096259 0.096259 0.096259
6280 9.125150 9.125150 9.125150 0.096259 0.096259 0.096259
6290 9.125150 9.125150 9.125150 0.096259 0.096259 0.096259
6300 9.125150 9.125150 9.125150 0.096259 0.096259 0.096259
6310 9.125150 9.125150 9.125150 0.096259 0.096259 0.096259
6320 9.125150 9.125150 9.125150 0.096259 0.096259 0.096259
6330 9.125150 9.125150 9.125150 0.096259 0.096259 0.096259
6340 9.125150 9.125150 9.125150 0.096259 0.096259 0.096259
6350 9.125150 9.125150 9.125150 0.096259 0.096259 0.096259
6360 9.125150 9.125150 9.125150 0.096259 0.096259 0.096259
6370 9.125150 9.125150 9.125150 0.096259 0.096259 0.096259
6380 9.125150 9.125150 9.125150 0.096259 0.096259 0.096259
6390 9.125150 9.125150 9.125150 0.096259 0.096259 0.096259
6400 9.125150 9.125150 9.125150 0.096259 0.096259 0.096259
6410 9.125150 9.125150 9.125150 0.096259 0.096259 0.096259
6420 9.125150 9.125150 9.125150 0.096259 0.096259 0.096259
6430 9.125150 9.125150 9.125150 0.096259 0.096259 0.096259
6440 9.125150 9.125150 9.125150 0.096259 0.096259 0.096259
6450 9.125150 9.125150 9.125150 0.096259 0.096259 0.096259
6460 9.125150 9.125150 9.125150 0.096259 0.096259 0.096259
6470 9.125150 9.125150 9.125150 0.096259 0.096259 0.096259
6480 9.125150 9.125150 9.125150 0.096259 0.096259 0.096259
6490 9.125150 9.125150 9.125150 0.096259 0.096259 0.096259
6500 9.125150 9.125150 9.125150 0.096259 0.096259 0.096259
6510 9.125150 9.125150 9.125150 0.096259 0.096259 0.096259
6520 9.125150 9.125150 9.125150 0.096259 0.096259 0.096259
6530 9.125150 9.125150 9.125150 0.096259 0.096259 0.096259
6540 9.125150 9.125150 9.125150 0.096259 0.096259 0.096259
6550 9.125150 9.125150 9.125150 0.096259 0.096259 0.096259
6560 9.125150 9.125150 9.125150 0.096259 0.096259 0.096259
6570 9.125150 9.125150 9.125150 0.096259 0.096259 0.096259
6580 9.125150 9.125150 9.125150 0.096259 0.096259 0.096259
6590 9.125150 9.125150 9.125150 0.096259 0.096259 0.096259
6600 9.125150 9.125150 9.125150 0.096259 0.096259 0.096259
6610 9.125150 9.125150 9.125150 0.096259 0.096259 0.096259
6620 9.125150 9.125150 9.125150 0.096259 0.096259 0.096259
6630 9.125150 9.125150 9.125150 0.096259 0.096259 0.096259
6640 9.125150 9.125150 9.125150 0.096259 0.096259 0.096259
6650 9.125150 9.125150 9.125150 0.096259 0.096259 0.096259
6660 9.125150 9.125150 9.125150 0.096259 0.096259 0.096259
6670 9.125150 9.125150 9.125150 0.096259 0.096259 0.096259
6680 9.125150 9.125150 9.125150 0.096259 0.096259 0.096259
6690 9.125150 9.125150 9.125150 0.096259 0.096259 0.096259
6700 9.125150 9.125150 9.125150 0.096259 0.096259 0.096259
6710 9.125150 9.125150 9.125150 0.096259 0.096259 0.096259
6720 9.125150 9.125150 9.125150 0.096259 0.096259 0.096259
6730 9.125150 9.125150 9.125150 0.096259 0.096259 0.096259
6740 9.125150 9.125150 9.125150 0.096259 0.096259 0.096259
6750 9.125150 9.125150 9.125150 0.096259 0.096259 0.096259
6760 9.125150 9.125150 9.125150 0.096259 0.096259 0.096259
6770 9.125150 9.125150 9.125150 0.096259 0.096259 0.096259
6780 9.125150 9.125150 9.125150 0.096259 0.096259 0.096259
6790 9.125150 9.125150 9.125150 0.096259 0.096259 0.096259
6800 9.125150 9.125150 9.125150 0.096259 0.096259 0.096259
6810 9.125150 9.125150 9.125150 0.096259 0.096259 0.096259
6820 9.125150 9.125150 9.125150 0.096259 0.096259 0.096259
6830 9.125150 9.125150 9.125150 0.096259 0.096259 0.096259
6840 9.125150 9.125150 9.125150 0.096259 0.096259 0.096259
6850 9.125150 9.125150 9.125150 0.096259 0.096259 0.096259
6860 9.125150 9.125150 9.125150 0.096259 0.096259 0.096259
6870 9.125150 9.125150 9.125150 0.096259 0.096259 0.096259
6880 9.125150 9.125150 9.125150 0.096259 0.096259 0.096259
6890 9.125150 9.125150 9.125150 0.096259 0.096259 0.096259
6900 9.125150 9.125150 9.125150 0.096259 0.096259 0.096259
6910 9.125150 9.125150 9.125150 0.096259 0.096259 0.096259
6920 9.125150 9.125150 9.125150 0.096259 0.096259 0.096259
6930 9.125150 9.125150 9.125150 0.096259 0.096259 0.096259
6940 9.125150 9.125150 9.125150 0.096259 0.096259 0.096259
6950 9.125150 9.125150 9.125150 0.096259 0.096259 0.096259
6960 9.125150 9.125150 9.125150 0.096259 0.096259 0.096259
6970 9.125150 9.125150 9.125150 0.096259 0.096259 0.096259
6980 9.125150 9.125150 9.125150 0.096259 0.096259 0.096259
6990 9.125150 9.125150 9.125150 0.096259 0.096259 0.096259
7000 9.125150 9.125150 9.125150 0.096259 0.096259 0.096259
7010 9.125150 9.125150 9.125150 0.096259 0.096259 0.096259
7020 9.125150 9.125150 9.125150 0.096259 0.096259 0.096259
7030 9.125150 9.125150 9.125150 0.096259 0.096259 0.096259
7040 9.125150 9.125150 9.125150 0.096259 0.096259 0.096259
7050 9.125150 9.125150 9.125150 0.096259 0.096259 0.096259
7060 9.125150 9.125150 9.125150 0.096259 0.096259 0.096259
7070 9.125150 9.125150 9.125150 0.096259 0.096259 0.096259
7080 9.125150 9.125150 9.125150 0.096259 0.096259 0.096259
7090 9.125150 9.125150 9.125150 0.096259 0.096259 0.096259
7100 9.125150 9.125150 9.125150 0.096259 0.096259 0.096259
7110 9.125150 9.125150 9.125150 0.096259 0.096259 0.096259
7120 9.125150 9.125150 9.125150 0.096259 0.096259 0.096259
7130 9.125150 9.125150 9.125150 0.096259 0.096259 0.096259
7140 9.125150 9.125150 9.125150 0.096259 0.096259 0.096259
7150 9.125150 9.125150 9.125150 0.096259 0.096259 0.096259
7160 9.125150 9.125150 9.125150 0.096259 0.096259 0.096259
7170 9.125150 9.125150 9.125150 0.096259 0.096259 0.096259
7180 9.125150 9.125150 9.125150 0.096259 0.096259 0.096259
7190 9.125150 9.125150 9.125150 0.096259 0.096259 0.096259
7200 9.125150 9.125150 9.125150 0.096259 0.096259 0.096259
7210 9.125150 9.125150 9.125150 0.096259 0.096259 0.096259
7220 9.125150 9.125150 9.125150 0.096259 0.096259 0.096259
7230 9.125150 9.125150 9.125150 0.096259 0.096259 0.096259
7240 9.125150 9.125150 9.125150 0.096259 0.096259 0.096259
7250 9.125150 9.125150 9.125150 0.096259 0.096259 0.096259
7260 9.125150 9.125150 9.125150 0.096259 0.096259 0.096259
7270 9.125150 9.125150 9.125150 0.096259 0.096259 0.096259
7280 9.125150 9.125150 9.125150 0.096259 0.096259 0.096259
7290 9.125150 9.125150 9.125150 0.096259 0.096259 0.096259
7300 9.125150 9.125150 9.125150 0.096259 0.096259 0.096259
7310 9.125150 9.125150 9.125150 0.096259 0.096259 0.096259
7320 9.125150 9.125150 9.125150 0.096259 0.096259 0.096259
7330 9.125150 9.125150 9.125150 0.096259 0.096259 0.096259
7340 9.125150 9.125150 9.125150 0.096259 0.096259 0.096259
7350 9.125150 9.125150 9.125150 0.096259 0.096259 0.096259
7360 9.125150 9.125150 9.125150 0.096259 0.096259 0.096259
7370 9.125150 9.125150 9.125150 0.096259 0.096259 0.096259
7380 9.125150 9.125150 9.125150 0.096259 0.096259 0.096259
7390 9.125150 9.125150 9.125150 0.096259 0.096259 0.096259
7400 9.125150 9.125150 9.125150 0.096259 0.096259 0.096259
7410 9.125150 9.125150 9.125150 0.096259 0.096259 0.096259
7420 9.125150 9.125150 9.125150 0.096259 0.096259 0.096259
7430 9.125150 9.125150 9.125150 0.096259 0.096259 0.096259
7440 9.125150 9.125150 9.125150 0.096259 0.096259 0.096259
7450 9.125150 9.125150 9.125150 0.096259 0.096259 0.096259
7460 9.125150 9.125150 9.125150 0.096259 0.096259 0.096259
7470 9.125150 9.125150 9.125150 0.096259 0.096259 0.096259
7480 9.125150 9.125150 9.125150 0.096259 0.096259 0.096259
7490 9.125150 9.125150 9.125150 0.096259 0.096259 0.096259
7500 9.125150 9.125150 9.125150 0.096259 0.096259 0.096259
7510 9.125150 9.125150 9.125150 0.096259 0.096259 0.096259
7520 9.125150 9.125150 9.125150 0.096259 0.096259 0.096259
7530 9.125150 9.125150 9.125150 0.096259 0.096259 0.096259
7540 9.125150 9.125150 9.125150 0.096259 0.096259 0.096259
7550 9.125150 9.125150 9.125150 0.096259 0.096259 0.096259
7560 9.125150 9.125150 9.125150 0.096259 0.096259 0.096259
7570 9.125150 9.125150 9.125150 0.096259 0.096259 0.096259
7580 9.125150 9.125150 9.125150 0.096259 0.096259 0.096259
7590 9.125150 9.125150 9.125150 0.096259 0.096259 0.096259
7600 9.125150 9.125150 9.125150 0.096259 0.096259 0.096259
7610 9.125150 9.125150 9.125150 0.096259 0.096259 0.096259
7620 9.125150 9.125150 9.125150 0.096259 0.096259 0.096259
7630 9.125150 9.125150 9.125150 0.096259 0.096259 0.096259
7640 9.125150 9.125150 9.125150 0.096259 0.096259 0.096259
7650 9.125150 9.125150 9.125150 0.096259 0.096259 0.096259
7660 9.125150 9.125150 9.125150 0.096259 0.096259 0.096259
7670 9.125150 9.125150 9.125150 0.096259 0.096259 0.096259
7680 9.125150 9.125150 9.125150 0.096259 0.096259 0.096259
7690 9.125150 9.125150 9.125150 0.096259 0.096259 0.096259
7700 9.125150 9.125150 9.125150 0.096259 0.096259 0.096259
7710 9.125150 9.125150 9.125150 0.096259 0.096259 0.096259
7720 9.125150 9.125150 9.125150 0.096259 0.096259 0.096259
7730 9.125150 9.125150 9.125150 0.096259 0.096259 0.096259
7740 9.125150 9.125150 9.125150 0.096259 0.096259 0.096259
7750 9.125150 9.125150 9.125150 0.096259 0.096259 0.096259
7760 9.125150 9.125150 9.125150 0.096259 0.096259 0.096259
7770 9.125150 9.125150 9.125150 0.096259 0.096259 0.096259
7780 9.125150 9.125150 9.125150 0.096259 0.096259 0.096259
7790 9.125150 9.125150 9.125150 0.096259 0.096259 0.096259
7800 9.125150 9.125150 9.125150 0.096259 0.096259 0.096259
7810 9.125150 9.125150 9.125150 0.096259 0.096259 0.096259
7820 9.125150 9.125150 9.125150 0.096259 0.096259 0.096259
7830 9.125150 9.125150 9.125150 0.096259 0.096259 0.096259
7840 9.125150 9.125150 9.125150 0.096259 0.096259 0.096259
7850 9.125150 9.125150 9.125150 0.096259 0.096259 0.096259
7860 9.125150 9.125150 9.125150 0.096259 0.096259 0.096259
7870 9.125150 9.125150 9.125150 0.096259 0.096259 0.096259
7880 9.125150 9.125150 9.125150 0.096259 0.096259 0.096259
7890 9.125150 9.125150 9.125150 0.096259 0.096259 0.096259
7900 9.125150 9.125150 9.125150 0.096259 0.096259 0.096259
7910 9.125150 9.125150 9.125150 0.096259 0.096259 0.096259
7920 9.125150 9.125150 9.125150 0.096259 0.096259 0.096259
7930 9.125150 9.125150 9.125150 0.096259 0.096259 0.096259
7940 9.125150 9.125150 9.125150 0.096259 0.096259 0.096259
7950 9.125150 9.125150 9.125150 0.096259 0.096259 0.096259
7960 9.125150 9.125150 9.125150 0.096259 0.096259 0.096259
7970 9.125150 9.125150 9.125150 0.096259 0.096259 0.096259
7980 9.125150 9.125150 9.125150 0.096259 0.096259 0.096259
7990 9.125150 9.125150 9.125150 0.096259 0.096259 0.096259
8000 9.125150 9.125150 9.125150 0.096259 0.096259 0.096259
8010 9.125150 9.125150 9.125150 0.096259 0.096259 0.096259
8020 9.125150 9.125150 9.125150 0.096259 0.096259 0.096259
8030 9.125150 9.125150 9.125150 0.096259 0.096259 0.096259
8040 9.125150 9.125150 9.125150 0.096259 0.096259 0.096259
8050 9.125150 9.125150 9.125150 0.096259 0.096259 0.096259
8060 9.125150 9.125150 9.125150 0.096259 0.096259 0.096259
8070 9.125150 9.125150 9.125150 0.096259 0.096259 0.096259
8080 9.125150 9.125150 9.125150 0.096259 0.096259 0.096259
8090 9.125150 9.125150 9.125150 0.096259 0.096259 0.096259
8100 9.125150 9.125150 9.125150 0.096259 0.096259 0.096259
8110 9.125150 9.125150 9.125150 0.096259 0.096259 0.096259
8120 9.125150 9.125150 9.125150 0.096259 0.096259 0.096259
8130 9.125150 9.125150 9.125150 0.096259 0.096259 0.096259
8140 9.125150 9.125150 9.125150 0.096259 0.096259 0.096259
8150 9.125150 9.125150 9.125150 0.096259 0.096259 0.096259
8160 9.125150 9.125150 9.125150 0.096259 0.096259 0.096259
8170 9.125150 9.125150 9.125150 0.096259 0.096259 0.096259
8180 9.125150 9.125150 9.125150 0.096259 0.096259 0.096259
8190 9.125150 9.125150 9.125150 0.096259 0.096259 0.096259
8200 9.125150 9.125150 9.125150 0.096259 0.096259 0.096259
8210 9.125150 9.125150 9.125150 0.096259 0.096259 0.096259
8220 9.125150 9.125150 9.125150 0.096259 0.096259 0.096259
8230 9.125150 9.125150 9.125150 0.096259 0.096259 0.096259
8240 9.125150 9.125150 9.125150 0.096259 0.096259 0.096259
8250 9.125150 9.125150 9.125150 0.096259 0.096259 0.096259
8260 9.125150 9.125150 9.125150 0.096259 0.096259 0.096259
8270 9.125150 9.125150 9.125150 0.096259 0.096259 0.096259
8280 9.125150 9.125150 9.125150 0.096259 0.096259 0.096259
8290 9.125150 9.125150 9.125150 0.096259 0.096259 0.096259
8300 9.125150 9.125150 9.125150 0.096259 0.096259 0.096259
8310 9.125150 9.125150 9.125150 0.096259 0.096259 0.096259
8320 9.125150 9.125150 9.125150 0.096259 0.096259 0.096259
8330 9.125150 9.125150 9.125150 0.096259 0.096259 0.096259
8340 9.125150 9.125150 9.125150 0.096259 0.096259 0.096259
8350 9.125150 9.125150 9.125150 0.096259 0.096259 0.096259
8360 9.125150 9.125150 9.125150 0.096259 0.096259 0.096259
8370 9.125150 9.125150 9.125150 0.096259 0.096259 0.096259
8380 9.125150 9.125150 9.125150 0.096259 0.096259 0.096259
8390 9.125150 9.125150 9.125150 0.096259 0.096259 0.096259
8400 9.125150 9.125150 9.125150 0.096259 0.096259 0.096259
8410 9.125150 9.125150 9.125150 0.096259 0.096259 0.096259
8420 9.125150 9.125150 9.125150 0.096259 0.096259 0.096259
8430 9.125150 9.125150 9.125150 0.096259 0.096259 0.096259
8440 9.125150 9.125150 9.125150 0.096259 0.096259 0.096259
8450 9.125150 9.125150 9.125150 0.096259 0.096259 0.096259
8460 9.125150 9.125150 9.125150 0.096259 0.096259 0.096259
8470 9.125150 9.125150 9.125150 0.096259 0.096259 0.096259
8480 9.125150 9.125150 9.125150 0.096259 0.096259 0.096259
8490 9.125150 9.125150 9.125150 0.096259 0.096259 0.096259
8500 9.125150 9.125150 9.125150 0.096259 0.096259 0.096259
8510 9.125150 9.125150 9.125150 0.096259 0.096259 0.096259
8520 9.125150 9.125150 9.125150 0.096259 0.096259 0.096259
8530 9.125150 9.125150 9.125150 0.096259 0.096259 0.096259
8540 9.125150 9.125150 9.125150 0.096259 0.096259 0.096259
8550 9.125150 9.125150 9.125150 0.096259 0.096259 0.096259
8560 9.125150 9.125150 9.125150 0.096259 0.096259 0.096259
8570 9.125150 9.125150 9.125150 0.096259 0.096259 0.096259
8580 9.125150 9.125150 9.125150 0.096259 0.096259 0.096259
8590 9.125150 9.125150 9.125150 0.096259 0.096259 0.096259
8600 9.125150 9.125150 9.125150 0.096259 0.096259 0.096259
8610 9.125150 9.125150 9.125150 0.096259 0.096259 0.096259
8620 9.125150 9.125150 9.125150 0.096259 0.096259 0.096259
8630 9.125150 9.125150 9.125150 0.096259 0.096259 0.096259
8640 9.125150 9.125150 9.125150 0.096259 0.096259 0.096259
8650 9.125150 9.125150 9.125150 0.096259 0.096259 0.096259
8660 9.125150 9.125150 9.125150 0.096259 0.096259 0.096259
8670 9.125150 9.125150 9.125150 0.096259 0.096259 0.096259
8680 9.125150 9.125150 9.125150 0.096259 0.096259 0.096259
8690 9.125150 9.125150 9.125150 0.096259 0.096259 0.096259
8700 9.125150 9.125150 9.125150 0.096259 0.096259 0.096259
8710 9.125150 9.125150 9.125150 0.096259 0.096259 0.096259
8720 9.125150 9.125150 9.125150 0.096259 0.096259 0.096259
8730 9.125150 9.125150 9.125150 0.096259 0.096259 0.096259
8740 9.125150 9.125150 9.125150 0.096259 0.096259 0.096259
8750 9.125150 9.125150 9.125150 0.096259 0.096259 0.096259
8760 9.125150 9.125150 9.125150 0.096259 0.096259 0.096259
8770 9.125150 9.125150 9.125150 0.096259 0.096259 0.096259
8780 9.125150 9.125150 9.125150 0.096259 0.096259 0.096259
8790 9.125150 9.125150 9.125150 0.096259 0.096259 0.096259
8800 9.125150 9.125150 9.125150 0.096259 0.096259 0.096259
8810 9.125150 9.125150 9.125150 0.096259 0.096259 0.096259
8820 9.125150 9.125150 9.125150 0.096259 0.096259 0.096259
8830 9.125150 9.125150 9.125150 0.096259 0.096259 0.096259
8840 9.125150 9.125150 9.125150 0.096259 0.096259 0.096259
8850 9.125150 9.125150 9.125150 0.096259 0.096259 0.096259
8860 9.125150 9.125150 9.125150 0.096259 0.096259 0.096259
8870 9.125150 9.125150 9.125150 0.096259 0.096259 0.096259
8880 9.125150 9.125150 9.125150 0.096259 0.096259 0.096259
8890 9.125150 9.125150 9.125150 0.096259 0.096259 0.096259
8900 9.125150 9.125150 9.125150 0.096259 0.096259 0.096259
8910 9.125150 9.125150 9.125150 0.096259 0.096259 0.096259
8920 9.125150 9.125150 9.125150 0.096259 0.096259 0.096259
8930 9.125150 9.125150 9.125150 0.096259 0.096259 0.096259
8940 9.125150 9.125150 9.125150 0.096259 0.096259 0.096259
8950 9.125150 9.125150 9.125150 0.096259 0.096259 0.096259
8960 9.125150 9.125150 9.125150 0.096259 0.096259 0.096259
8970 9.125150 9.125150 9.125150 0.096259 0.096259 0.096259
8980 9.125150 9.125150 9.125150 0.096259 0.096259 0.096259
8990 9.125150 9.125150 9.125150 0.096259 0.096259 0.096259
9000 9.125150 9.125150 9.125150 0.096259 0.096259 0.096259
9010 9.125150 9.125150 9.125150 0.096259 0.096259 0.096259
9020 9.125150 9.125150 9.125150 0.096259 0.096259 0.096259
9030 9.125150 9.125150 9.125150 0.096259 0.096259 0.096259
9040 9.125150 9.125150 9.125150 0.096259 0.096259 0.096259
9050 9.125150 9.125150 9.125150 0.096259 0.096259 0.096259
9060 9.125150 9.125150 9.125150 0.096259 0.096259 0.096259
9070 9.125150 9.125150 9.125150 0.096259 0.096259 0.096259
9080 9.125150 9.125150 9.125150 0.096259 0.096259 0.096259
9090 9.125150 9.125150 9.125150 0.096259 0.096259 0.096259
9100 9.125150 9.125150 9.125150 0.096259 0.096259 0.096259
9110 9.125150 9.125150 9.125150 0.096259 0.096259 0.096259
9120 9.125150 9.125150 9.125150 0.096259 0.096259 0.096259
9130 9.125150 9.125150 9.125150 0.096259 0.096259 0.096259
9140 9.125150 9.125150 9.125150 0.096259 0.096259 0.096259
9150 9.125150 9.125150 9.125150 0.096259 0.096259 0.096259
9160 9.125150 9.125150 9.125150 0.096259 0.096259 0.096259
9170 9.125150 9.125150 9.125150 0.096259 0.096259 0.096259
9180 9.125150 9.125150 9.125150 0.096259 0.096259 0.096259
9190 9.125150 9.125150 9.125150 0.096259 0.096259 0.096259
9200 9.125150 9.125150 9.125150 0.096259 0.096259 0.096259
9210 9.125150 9.125150 9.125150 0.096259 0.096259 0.096259
9220 9.125150 9.125150 9.125150 0.096259 0.096259 0.096259
9230 9.125150 9.125150 9.125150 0.096259 0.096259 0.096259
9240 9.125150 9.125150 9.125150 0.096259 0.096259 0.096259
9250 9.125150 9.125150 9.125150 0.096259 0.096259 0.096259
9260 9.125150 9.125150 9.125150 0.096259 0.096259 0.096259
9270 9.125150 9.125150 9.125150 0.096259 0.096259 0.096259
9280 9.125150 9.125150 9.125150 0.096259 0.096259 0.096259
9290 9.125150 9.125150 9.125150 0.096259 0.096259 0.096259
9300 9.125150 9.125150 9.125150 0.096259 0.096259 0.096259
9310 9.125150 9.125150 9.125150 0.096259 0.096259 0.096259
9320 9.125150 9.125150 9.125150 0.096259 0.096259 0.096259
9330 9.125150 9.125150 9.125150 0.096259 0.096259 0.096259
9340 9.125150 9.125150 9.125150 0.096259 0.096259 0.096259
9350 9.125150 9.125150 9.125150 0.096259 0.096259 0.096259
9360 9.125150 9.125150 9.125150 0.096259 0.096259 0.096259
9370 9.125150 9.125150 9.125150 0.096259 0.096259 0.096259
9380 9.125150 9.125150 9.125150 0.096259 0.096259 0.096259
9390 9.125150 9.125150 9.125150 0.096259 0.096259 0.096259
9400 9.125150 9.125150 9.125150 0.096259 0.096259 0.096259
9410 9.125150 9.125150 9.125150 0.096259 0.096259 0.096259
9420 9.125150 9.125150 9.125150 0.096259 0.096259 0.096259
9430 9.125150 9.125150 9.125150 0.096259 0.096259 0.096259
9440 9.125150 9.125150 9.125150 0.096259 0.096259 0.096259
9450 9.125150 9.125150 9.125150 0.096259 0.096259 0.096259
9460 9.125150 9.125150 9.125150 0.096259 0.096259 0.096259
9470 9.125150 9.125150 9.125150 0.096259 0.096259 0.096259
9480 9.125150 9.125150 9.125150 0.096259 0.096259 0.096259
9490 9.125150 9.125150 9.125150 0.096259 0.096259 0.096259
9500 9.125150 9.125150 9.125150 0.096259 0.096259 0.096259
9510 9.125150 9.125150 9.125150 0.096259 0.096259 0.096259
9520 9.125150 9.125150 9.125150 0.096259 0.096259 0.096259
9530 9.125150 9.125150 9.125150 0.096259 0.096259 0.096259
9540 9.125150 9.125150 9.125150 0.096259 0.096259 0.096259
9550 9.125150 9.125150 9.125150 0.096259 0.096259 0.096259
9560 9.125150 9.125150 9.125150 0.096259 0.096259 0.096259
9570 9.125150 9.125150 9.125150 0.096259 0.096259 0.096259
9580 9.125150 9.125150 9.125150 0.096259 0.096259 0.096259
9590 9.125150 9.125150 9.125150 0.096259 0.096259 0.096259
9600 9.125150 9.125150 9.125150 0.096259 0.096259 0.096259
9610 9.125150 9.125150 9.125150 0.096259 0.096259 0.096259
9620 9.125150 9.125150 9.125150 0.096259 0.096259 0.096259
9630 9.125150 9.125150 9.125150 0.096259 0.096259 0.096259
9640 9.125150 9.125150 9.125150 0.096259 0.096259 0.096259
9650 9.125150 9.125150 9.125150 0.096259 0.096259 0.096259
9660 9.125150 9.125150 9.125150 0.096259 0.096259 0.096259
9670 9.125150 9.125150 9.125150 0.096259 0.096259 0.096259
9680 9.125150 9.125150 9.125150 0.096259 0.096259 0.096259
9690 9.125150 9.125150 9.125150 0.096259 0.096259 0.096259
9700 9.125150 9.125150 9.125150 0.096259 0.096259 0.096259
9710 9.125150 9.125150 9.125150 0.096259 0.096259 0.096259
9720 9.125150 9.125150 9.125150 0.096259 0.096259 0.096259
9730 9.125150 9.125150 9.125150 0.096259 0.096259 0.096259
9740 9.125150 9.125150 9.125150 0.096259 0.096259 0.096259
9750 9.125150 9.125150 9.125150 0.096259 0.096259 0.096259
9760 9.125150 9.125150 9.125150 0.096259 0.096259 0.096259
9770 9.125150 9.125150 9.125150 0.096259 0.096259 0.096259
9780 9.125150 9.125150 9.125150 0.096259 0.096259 0.096259
9790 9.125150 9.125150 9.125150 0.096259 0.096259 0.096259
9800 9.125150 9.125150 9.125150 0.096259 0.096259 0.096259
9810 9.125150 9.125150 9.125150 0.096259 0.096259 0.096259
9820 9.125150 9.125150 9.125150 0.096259 0.096259 0.096259
9830 9.125150 9.125150 9.125150 0.096259 0.096259 0.096259
9840 9.125150 9.125150 9.125150 0.096259 0.096259 0.096259
9850 9.125150 9.125150 9.125150 0.096259 0.096259 0.096259
9860 9.125150 9.125150 9.125150 0.096259 0.096259 0.096259
9870 9.125150 9.125150 9.125150 0.096259 0.096259 0.096259
9880 9.125150 9.125150 9.125150 0.096259 0.096259 0.096259
9890 9.125150 9.125150 9.125150 0.096259 0.096259 0.096259
9900 9.125150 9.125150 9.125150 0.096259 0.096259 0.096259
9910 9.125150 9.125150 9.125150 0.096259 0.096259 0.096259
9920 9.125150 9.125150 9.125150 0.096259 0.096259 0.096259
9930 9.125150 9.125150 9.125150 0.096259 0.096259 0.096259
9940 9.125150 9.125150 9.125150 0.096259 0.096259 0.096259
9950 9.125150 9.125150 9.125150 0.096259 0.096259 0.096259
9960 9.125150 9.125150 9.125150 0.096259 0.096259 0.096259
9970 9.125150 9.125150 9.125150 0.096259 0.096259 0.096259
9980 9.125150 9.125150 9.125150 0.096259 0.096259 0.096259
9990 9.125150 9.125150 9.125150 0.096259 0.096259 0.096259
10000 10.673568 10.673568 10.673568 0.130373 0.130373 0.130373
