# generation power_min power_avg power_max util_min util_avg util_max
1 25.499618 25.499618 25.499618 1.464605 1.492804 1.499999
10 25.619005 25.619005 25.619005 1.299398 1.484040 1.499999
20 26.689801 26.689801 26.689801 1.164827 1.473353 1.499999
30 26.689801 26.689801 26.689801 1.164827 1.463191 1.499999
40 26.689801 26.689801 26.689801 1.164827 1.454243 1.499999
50 27.035720 27.035720 27.035720 1.084781 1.436046 1.499999
60 27.035720 27.035720 27.035720 1.084781 1.416560 1.499789
70 27.051461 27.051461 27.051461 1.084781 1.396106 1.499789
80 27.547459 27.547459 27.547459 1.061330 1.374110 1.499789
90 27.547459 27.547459 27.547459 1.061330 1.350066 1.499789
100 27.547459 27.547459 27.547459 1.061330 1.321542 1.499789
110 27.547459 27.547459 27.547459 1.019106 1.294130 1.490507
120 27.547459 27.547459 27.547459 1.019106 1.264804 1.436508
130 27.547459 27.547459 27.547459 1.019106 1.235988 1.399949
140 27.547459 27.547459 27.547459 1.019106 1.209554 1.373700
150 27.561134 27.561134 27.561134 1.019106 1.183883 1.350193
160 28.141032 27.918478 28.141032 0.977138 1.157615 1.323876
170 28.141032 27.805467 28.141032 0.955311 1.133302 1.323876
180 28.141032 27.808636 28.141032 0.940066 1.111176 1.253927
190 28.141032 27.752378 28.141032 0.940066 1.090891 1.217303
200 28.141032 27.703327 28.141032 0.940066 1.071746 1.204594
210 28.141032 27.676201 28.141032 0.940066 1.055289 1.152794
220 28.141032 27.662323 28.141032 0.940066 1.041199 1.128109
230 28.224744 27.624711 28.224744 0.940066 1.028905 1.119847
240 28.224744 27.600731 28.224744 0.940066 1.018638 1.097559
250 28.224744 27.544713 28.224744 0.940066 1.009303 1.072433
260 26.520382 27.516753 28.224744 0.940066 1.001335 1.050681
270 26.520382 27.479941 28.224744 0.940066 0.996098 1.050439
280 26.520382 27.437431 28.224744 0.940066 0.991809 1.036835
290 26.520382 27.370981 28.138986 0.940066 0.989307 1.020867
300 26.520382 27.291840 27.906772 0.940066 0.989523 1.013133
310 26.520382 27.209504 27.695923 0.961318 0.991196 1.012910
320 27.565934 27.132162 27.565934 0.961318 0.991733 1.012910
330 27.461741 27.062460 27.461741 0.961318 0.991559 1.012910
340 27.387234 26.992093 27.387234 0.961318 0.991468 1.012910
350 27.321800 26.924279 27.321800 0.954300 0.991940 1.012910
360 27.264337 26.866092 27.264337 0.954300 0.992567 1.012910
370 27.143406 26.799931 27.143406 0.954300 0.992875 1.012910
380 27.087509 26.746487 27.087509 0.954300 0.992571 1.007960
390 26.987448 26.683811 26.987448 0.954300 0.993334 1.007960
400 26.070117 26.614748 26.883248 0.967936 0.993883 1.007960
410 26.070117 26.567128 26.834256 0.967936 0.994723 1.007960
420 26.782867 26.524862 26.782867 0.967936 0.994813 1.007960
430 26.736546 26.474041 26.736546 0.967936 0.994853 1.010345
440 26.664531 26.430867 26.664531 0.977322 0.994906 1.010345
450 26.605785 26.390836 26.605785 0.977322 0.994618 1.010345
460 26.587288 26.355201 26.587288 0.982484 0.995401 1.014287
470 26.528252 26.326330 26.528252 0.983152 0.995502 1.014287
480 26.479153 26.294115 26.479153 0.983488 0.995997 1.014287
490 26.448113 26.253335 26.448113 0.984351 0.996071 1.014287
500 26.424292 26.225356 26.424292 0.984351 0.996453 1.014287
510 26.412463 26.180535 26.412463 0.984351 0.997001 1.014287
520 26.361320 26.135950 26.361320 0.984351 0.997336 1.014287
530 26.292247 26.091827 26.292247 0.984351 0.997688 1.014287
540 26.276129 26.064134 26.276129 0.986738 0.998631 1.014287
550 26.232351 26.022506 26.232351 0.980257 0.998247 1.005863
560 26.140895 25.983552 26.140895 0.980257 0.998448 1.005863
570 26.087037 25.968203 26.087037 0.980257 0.998360 1.005657
580 26.070117 25.936377 26.070117 0.980257 0.998763 1.005657
590 26.025216 25.915506 26.025216 0.989388 0.998715 1.005657
600 26.000249 25.881924 26.000249 0.989388 0.999195 1.005657
610 25.988302 25.865300 25.988302 0.989388 0.999297 1.005657
620 25.970209 25.843709 25.970209 0.989388 0.999263 1.004991
630 25.928328 25.817406 25.928328 0.992636 0.999489 1.004991
640 25.895444 25.798948 25.895444 0.996617 0.999617 1.004991
650 25.846834 25.793689 25.846834 0.996617 0.999361 1.004991
660 25.840754 25.785083 25.840754 0.996617 0.999162 1.002463
670 25.811088 25.782845 25.811088 0.996617 0.998917 1.002463
680 25.811088 25.781745 25.811088 0.996617 0.998618 1.001943
690 25.811088 25.774813 25.811088 0.996617 0.998843 1.001943
700 25.806255 25.767642 25.806255 0.997123 0.999018 1.001943
710 25.806255 25.766234 25.806255 0.997123 0.998902 1.001943
720 25.806255 25.764800 25.806255 0.997123 0.998838 1.001943
730 25.773216 25.758410 25.773216 0.997123 0.998972 1.001943
740 25.773216 25.754337 25.773216 0.997123 0.999026 1.001943
750 25.773216 25.747971 25.773216 0.997123 0.999051 1.001943
760 25.773216 25.741330 25.773216 0.997123 0.999088 1.001943
770 25.773216 25.733067 25.773216 0.997123 0.999214 1.001943
780 25.773216 25.722294 25.773216 0.997123 0.999332 1.001943
790 25.773216 25.709237 25.773216 0.997123 0.999533 1.001943
800 25.730336 25.699153 25.730336 0.997123 0.999505 1.001591
810 25.704649 25.696318 25.704649 0.997123 0.999556 1.001591
820 25.702611 25.695049 25.702611 0.997123 0.999714 1.001591
830 25.702611 25.690848 25.702611 0.997123 1.000055 1.001591
840 25.702611 25.676144 25.702611 0.997123 1.000396 1.001591
850 25.628151 25.628151 25.628151 1.000532 1.000554 1.001591
860 25.628151 25.628151 25.628151 1.000532 1.000532 1.000532
870 25.628151 25.628151 25.628151 1.000532 1.000532 1.000532
880 25.628151 25.628151 25.628151 1.000532 1.000532 1.000532
890 25.628151 25.628151 25.628151 1.000532 1.000532 1.000532
900 25.628151 25.628151 25.628151 1.000532 1.000532 1.000532
910 25.628151 25.628151 25.628151 1.000532 1.000532 1.000532
920 25.628151 25.628151 25.628151 1.000532 1.000532 1.000532
930 25.628151 25.628151 25.628151 1.000532 1.000532 1.000532
940 25.628151 25.628151 25.628151 1.000532 1.000532 1.000532
950 25.628151 25.628151 25.628151 1.000532 1.000532 1.000532
960 25.628151 25.628151 25.628151 1.000532 1.000532 1.000532
970 25.628151 25.628151 25.628151 1.000532 1.000532 1.000532
980 25.628151 25.628151 25.628151 1.000532 1.000532 1.000532
990 25.628151 25.628151 25.628151 1.000532 1.000532 1.000532
1000 25.628151 25.628151 25.628151 1.000532 1.000532 1.000532
1010 25.628151 25.628151 25.628151 1.000532 1.000532 1.000532
1020 25.628151 25.628151 25.628151 1.000532 1.000532 1.000532
1030 25.628151 25.628151 25.628151 1.000532 1.000532 1.000532
1040 25.628151 25.628151 25.628151 1.000532 1.000532 1.000532
1050 25.628151 25.628151 25.628151 1.000532 1.000532 1.000532
1060 25.628151 25.628151 25.628151 1.000532 1.000532 1.000532
1070 25.628151 25.628151 25.628151 1.000532 1.000532 1.000532
1080 25.628151 25.628151 25.628151 1.000532 1.000532 1.000532
1090 25.628151 25.628151 25.628151 1.000532 1.000532 1.000532
1100 25.628151 25.628151 25.628151 1.000532 1.000532 1.000532
1110 25.628151 25.628151 25.628151 1.000532 1.000532 1.000532
1120 25.628151 25.628151 25.628151 1.000532 1.000532 1.000532
1130 25.628151 25.628151 25.628151 1.000532 1.000532 1.000532
1140 25.628151 25.628151 25.628151 1.000532 1.000532 1.000532
1150 25.628151 25.628151 25.628151 1.000532 1.000532 1.000532
1160 25.628151 25.628151 25.628151 1.000532 1.000532 1.000532
1170 25.628151 25.628151 25.628151 1.000532 1.000532 1.000532
1180 25.628151 25.628151 25.628151 1.000532 1.000532 1.000532
1190 25.628151 25.628151 25.628151 1.000532 1.000532 1.000532
1200 25.628151 25.628151 25.628151 1.000532 1.000532 1.000532
1210 25.628151 25.628151 25.628151 1.000532 1.000532 1.000532
1220 25.628151 25.628151 25.628151 1.000532 1.000532 1.000532
1230 25.628151 25.628151 25.628151 1.000532 1.000532 1.000532
1240 25.628151 25.628151 25.628151 1.000532 1.000532 1.000532
1250 25.628151 25.628151 25.628151 1.000532 1.000532 1.000532
1260 25.628151 25.628151 25.628151 1.000532 1.000532 1.000532
1270 25.628151 25.628151 25.628151 1.000532 1.000532 1.000532
1280 25.628151 25.628151 25.628151 1.000532 1.000532 1.000532
1290 25.628151 25.628151 25.628151 1.000532 1.000532 1.000532
1300 25.628151 25.628151 25.628151 1.000532 1.000532 1.000532
1310 25.628151 25.628151 25.628151 1.000532 1.000532 1.000532
1320 25.628151 25.628151 25.628151 1.000532 1.000532 1.000532
1330 25.628151 25.628151 25.628151 1.000532 1.000532 1.000532
1340 25.628151 25.628151 25.628151 1.000532 1.000532 1.000532
1350 25.628151 25.628151 25.628151 1.000532 1.000532 1.000532
1360 25.628151 25.628151 25.628151 1.000532 1.000532 1.000532
1370 25.628151 25.628151 25.628151 1.000532 1.000532 1.000532
1380 25.628151 25.628151 25.628151 1.000532 1.000532 1.000532
1390 25.628151 25.628151 25.628151 1.000532 1.000532 1.000532
1400 25.628151 25.628151 25.628151 1.000532 1.000532 1.000532
1410 25.628151 25.628151 25.628151 1.000532 1.000532 1.000532
1420 25.628151 25.628151 25.628151 1.000532 1.000532 1.000532
1430 25.628151 25.628151 25.628151 1.000532 1.000532 1.000532
1440 25.628151 25.628151 25.628151 1.000532 1.000532 1.000532
1450 25.628151 25.628151 25.628151 1.000532 1.000532 1.000532
1460 25.628151 25.628151 25.628151 1.000532 1.000532 1.000532
1470 25.628151 25.628151 25.628151 1.000532 1.000532 1.000532
1480 25.628151 25.628151 25.628151 1.000532 1.000532 1.000532
1490 25.628151 25.628151 25.628151 1.000532 1.000532 1.000532
1500 25.628151 25.628151 25.628151 1.000532 1.000532 1.000532
1510 25.628151 25.628151 25.628151 1.000532 1.000532 1.000532
1520 25.628151 25.628151 25.628151 1.000532 1.000532 1.000532
1530 25.628151 25.628151 25.628151 1.000532 1.000532 1.000532
1540 25.628151 25.628151 25.628151 1.000532 1.000532 1.000532
1550 25.628151 25.628151 25.628151 1.000532 1.000532 1.000532
1560 25.628151 25.628151 25.628151 1.000532 1.000532 1.000532
1570 25.628151 25.628151 25.628151 1.000532 1.000532 1.000532
1580 25.628151 25.628151 25.628151 1.000532 1.000532 1.000532
1590 25.628151 25.628151 25.628151 1.000532 1.000532 1.000532
1600 25.628151 25.628151 25.628151 1.000532 1.000532 1.000532
1610 25.628151 25.628151 25.628151 1.000532 1.000532 1.000532
1620 25.628151 25.628151 25.628151 1.000532 1.000532 1.000532
1630 25.628151 25.628151 25.628151 1.000532 1.000532 1.000532
1640 25.628151 25.628151 25.628151 1.000532 1.000532 1.000532
1650 25.628151 25.628151 25.628151 1.000532 1.000532 1.000532
1660 25.628151 25.628151 25.628151 1.000532 1.000532 1.000532
1670 25.628151 25.628151 25.628151 1.000532 1.000532 1.000532
1680 25.628151 25.628151 25.628151 1.000532 1.000532 1.000532
1690 25.628151 25.628151 25.628151 1.000532 1.000532 1.000532
1700 25.628151 25.628151 25.628151 1.000532 1.000532 1.000532
1710 25.628151 25.628151 25.628151 1.000532 1.000532 1.000532
1720 25.628151 25.628151 25.628151 1.000532 1.000532 1.000532
1730 25.628151 25.628151 25.628151 1.000532 1.000532 1.000532
1740 25.628151 25.628151 25.628151 1.000532 1.000532 1.000532
1750 25.628151 25.628151 25.628151 1.000532 1.000532 1.000532
1760 25.628151 25.628151 25.628151 1.000532 1.000532 1.000532
1770 25.628151 25.628151 25.628151 1.000532 1.000532 1.000532
1780 25.628151 25.628151 25.628151 1.000532 1.000532 1.000532
1790 25.628151 25.628151 25.628151 1.000532 1.000532 1.000532
1800 25.628151 25.628151 25.628151 1.000532 1.000532 1.000532
1810 25.628151 25.628151 25.628151 1.000532 1.000532 1.000532
1820 25.628151 25.628151 25.628151 1.000532 1.000532 1.000532
1830 25.628151 25.628151 25.628151 1.000532 1.000532 1.000532
1840 25.628151 25.628151 25.628151 1.000532 1.000532 1.000532
1850 25.628151 25.628151 25.628151 1.000532 1.000532 1.000532
1860 25.628151 25.628151 25.628151 1.000532 1.000532 1.000532
1870 25.628151 25.628151 25.628151 1.000532 1.000532 1.000532
1880 25.628151 25.628151 25.628151 1.000532 1.000532 1.000532
1890 25.628151 25.628151 25.628151 1.000532 1.000532 1.000532
1900 25.628151 25.628151 25.628151 1.000532 1.000532 1.000532
1910 25.628151 25.628151 25.628151 1.000532 1.000532 1.000532
1920 25.628151 25.628151 25.628151 1.000532 1.000532 1.000532
1930 25.628151 25.628151 25.628151 1.000532 1.000532 1.000532
1940 25.628151 25.628151 25.628151 1.000532 1.000532 1.000532
1950 25.628151 25.628151 25.628151 1.000532 1.000532 1.000532
1960 25.628151 25.628151 25.628151 1.000532 1.000532 1.000532
1970 25.628151 25.628151 25.628151 1.000532 1.000532 1.000532
1980 25.628151 25.628151 25.628151 1.000532 1.000532 1.000532
1990 25.628151 25.628151 25.628151 1.000532 1.000532 1.000532
2000 25.628151 25.628151 25.628151 1.000532 1.000532 1.000532
2010 25.628151 25.628151 25.628151 1.000532 1.000532 1.000532
2020 25.628151 25.628151 25.628151 1.000532 1.000532 1.000532
2030 25.628151 25.628151 25.628151 1.000532 1.000532 1.000532
2040 25.628151 25.628151 25.628151 1.000532 1.000532 1.000532
2050 25.628151 25.628151 25.628151 1.000532 1.000532 1.000532
2060 25.628151 25.628151 25.628151 1.000532 1.000532 1.000532
2070 25.628151 25.628151 25.628151 1.000532 1.000532 1.000532
2080 25.628151 25.628151 25.628151 1.000532 1.000532 1.000532
2090 25.628151 25.628151 25.628151 1.000532 1.000532 1.000532
2100 25.628151 25.628151 25.628151 1.000532 1.000532 1.000532
2110 25.628151 25.628151 25.628151 1.000532 1.000532 1.000532
2120 25.628151 25.628151 25.628151 1.000532 1.000532 1.000532
2130 25.628151 25.628151 25.628151 1.000532 1.000532 1.000532
2140 25.628151 25.628151 25.628151 1.000532 1.000532 1.000532
2150 25.628151 25.628151 25.628151 1.000532 1.000532 1.000532
2160 25.628151 25.628151 25.628151 1.000532 1.000532 1.000532
2170 25.628151 25.628151 25.628151 1.000532 1.000532 1.000532
2180 25.628151 25.628151 25.628151 1.000532 1.000532 1.000532
2190 25.628151 25.628151 25.628151 1.000532 1.000532 1.000532
2200 25.628151 25.628151 25.628151 1.000532 1.000532 1.000532
2210 25.628151 25.628151 25.628151 1.000532 1.000532 1.000532
2220 25.628151 25.628151 25.628151 1.000532 1.000532 1.000532
2230 25.628151 25.628151 25.628151 1.000532 1.000532 1.000532
2240 25.628151 25.628151 25.628151 1.000532 1.000532 1.000532
2250 25.628151 25.628151 25.628151 1.000532 1.000532 1.000532
2260 25.628151 25.628151 25.628151 1.000532 1.000532 1.000532
2270 25.628151 25.628151 25.628151 1.000532 1.000532 1.000532
2280 25.628151 25.628151 25.628151 1.000532 1.000532 1.000532
2290 25.628151 25.628151 25.628151 1.000532 1.000532 1.000532
2300 25.628151 25.628151 25.628151 1.000532 1.000532 1.000532
2310 25.628151 25.628151 25.628151 1.000532 1.000532 1.000532
2320 25.628151 25.628151 25.628151 1.000532 1.000532 1.000532
2330 25.628151 25.628151 25.628151 1.000532 1.000532 1.000532
2340 25.628151 25.628151 25.628151 1.000532 1.000532 1.000532
2350 25.628151 25.628151 25.628151 1.000532 1.000532 1.000532
2360 25.628151 25.628151 25.628151 1.000532 1.000532 1.000532
2370 25.628151 25.628151 25.628151 1.000532 1.000532 1.000532
2380 25.628151 25.628151 25.628151 1.000532 1.000532 1.000532
2390 25.628151 25.628151 25.628151 1.000532 1.000532 1.000532
2400 25.628151 25.628151 25.628151 1.000532 1.000532 1.000532
2410 25.628151 25.628151 25.628151 1.000532 1.000532 1.000532
2420 25.628151 25.628151 25.628151 1.000532 1.000532 1.000532
2430 25.628151 25.628151 25.628151 1.000532 1.000532 1.000532
2440 25.628151 25.628151 25.628151 1.000532 1.000532 1.000532
2450 25.628151 25.628151 25.628151 1.000532 1.000532 1.000532
2460 25.628151 25.628151 25.628151 1.000532 1.000532 1.000532
2470 25.628151 25.628151 25.628151 1.000532 1.000532 1.000532
2480 25.628151 25.628151 25.628151 1.000532 1.000532 1.000532
2490 25.628151 25.628151 25.628151 1.000532 1.000532 1.000532
2500 25.628151 25.628151 25.628151 1.000532 1.000532 1.000532
2510 25.628151 25.628151 25.628151 1.000532 1.000532 1.000532
2520 25.628151 25.628151 25.628151 1.000532 1.000532 1.000532
2530 25.628151 25.628151 25.628151 1.000532 1.000532 1.000532
2540 25.628151 25.628151 25.628151 1.000532 1.000532 1.000532
2550 25.628151 25.628151 25.628151 1.000532 1.000532 1.000532
2560 25.628151 25.628151 25.628151 1.000532 1.000532 1.000532
2570 25.628151 25.628151 25.628151 1.000532 1.000532 1.000532
2580 25.628151 25.628151 25.628151 1.000532 1.000532 1.000532
2590 25.628151 25.628151 25.628151 1.000532 1.000532 1.000532
2600 25.628151 25.628151 25.628151 1.000532 1.000532 1.000532
2610 25.628151 25.628151 25.628151 1.000532 1.000532 1.000532
2620 25.628151 25.628151 25.628151 1.000532 1.000532 1.000532
2630 25.628151 25.628151 25.628151 1.000532 1.000532 1.000532
2640 25.628151 25.628151 25.628151 1.000532 1.000532 1.000532
2650 25.628151 25.628151 25.628151 1.000532 1.000532 1.000532
2660 25.628151 25.628151 25.628151 1.000532 1.000532 1.000532
2670 25.628151 25.628151 25.628151 1.000532 1.000532 1.000532
2680 25.628151 25.628151 25.628151 1.000532 1.000532 1.000532
2690 25.628151 25.628151 25.628151 1.000532 1.000532 1.000532
2700 25.628151 25.628151 25.628151 1.000532 1.000532 1.000532
2710 25.628151 25.628151 25.628151 1.000532 1.000532 1.000532
2720 25.628151 25.628151 25.628151 1.000532 1.000532 1.000532
2730 25.628151 25.628151 25.628151 1.000532 1.000532 1.000532
2740 25.628151 25.628151 25.628151 1.000532 1.000532 1.000532
2750 25.628151 25.628151 25.628151 1.000532 1.000532 1.000532
2760 25.628151 25.628151 25.628151 1.000532 1.000532 1.000532
2770 25.628151 25.628151 25.628151 1.000532 1.000532 1.000532
2780 25.628151 25.628151 25.628151 1.000532 1.000532 1.000532
2790 25.628151 25.628151 25.628151 1.000532 1.000532 1.000532
2800 25.628151 25.628151 25.628151 1.000532 1.000532 1.000532
2810 25.628151 25.628151 25.628151 1.000532 1.000532 1.000532
2820 25.628151 25.628151 25.628151 1.000532 1.000532 1.000532
2830 25.628151 25.628151 25.628151 1.000532 1.000532 1.000532
2840 25.628151 25.628151 25.628151 1.000532 1.000532 1.000532
2850 25.628151 25.628151 25.628151 1.000532 1.000532 1.000532
2860 25.628151 25.628151 25.628151 1.000532 1.000532 1.000532
2870 25.628151 25.628151 25.628151 1.000532 1.000532 1.000532
2880 25.628151 25.628151 25.628151 1.000532 1.000532 1.000532
2890 25.628151 25.628151 25.628151 1.000532 1.000532 1.000532
2900 25.628151 25.628151 25.628151 1.000532 1.000532 1.000532
2910 25.628151 25.628151 25.628151 1.000532 1.000532 1.000532
2920 25.628151 25.628151 25.628151 1.000532 1.000532 1.000532
2930 25.628151 25.628151 25.628151 1.000532 1.000532 1.000532
2940 25.628151 25.628151 25.628151 1.000532 1.000532 1.000532
2950 25.628151 25.628151 25.628151 1.000532 1.000532 1.000532
2960 25.628151 25.628151 25.628151 1.000532 1.000532 1.000532
2970 25.628151 25.628151 25.628151 1.000532 1.000532 1.000532
2980 25.628151 25.628151 25.628151 1.000532 1.000532 1.000532
2990 25.628151 25.628151 25.628151 1.000532 1.000532 1.000532
3000 25.628151 25.628151 25.628151 1.000532 1.000532 1.000532
3010 25.628151 25.628151 25.628151 1.000532 1.000532 1.000532
3020 25.628151 25.628151 25.628151 1.000532 1.000532 1.000532
3030 25.628151 25.628151 25.628151 1.000532 1.000532 1.000532
3040 25.628151 25.628151 25.628151 1.000532 1.000532 1.000532
3050 25.628151 25.628151 25.628151 1.000532 1.000532 1.000532
3060 25.628151 25.628151 25.628151 1.000532 1.000532 1.000532
3070 25.628151 25.628151 25.628151 1.000532 1.000532 1.000532
3080 25.628151 25.628151 25.628151 1.000532 1.000532 1.000532
3090 25.628151 25.628151 25.628151 1.000532 1.000532 1.000532
3100 25.628151 25.628151 25.628151 1.000532 1.000532 1.000532
3110 25.628151 25.628151 25.628151 1.000532 1.000532 1.000532
3120 25.628151 25.628151 25.628151 1.000532 1.000532 1.000532
3130 25.628151 25.628151 25.628151 1.000532 1.000532 1.000532
3140 25.628151 25.628151 25.628151 1.000532 1.000532 1.000532
3150 25.628151 25.628151 25.628151 1.000532 1.000532 1.000532
3160 25.628151 25.628151 25.628151 1.000532 1.000532 1.000532
3170 25.628151 25.628151 25.628151 1.000532 1.000532 1.000532
3180 25.628151 25.628151 25.628151 1.000532 1.000532 1.000532
3190 25.628151 25.628151 25.628151 1.000532 1.000532 1.000532
3200 25.628151 25.628151 25.628151 1.000532 1.000532 1.000532
3210 25.628151 25.628151 25.628151 1.000532 1.000532 1.000532
3220 25.628151 25.628151 25.628151 1.000532 1.000532 1.000532
3230 25.628151 25.628151 25.628151 1.000532 1.000532 1.000532
3240 25.628151 25.628151 25.628151 1.000532 1.000532 1.000532
3250 25.628151 25.628151 25.628151 1.000532 1.000532 1.000532
3260 25.628151 25.628151 25.628151 1.000532 1.000532 1.000532
3270 25.628151 25.628151 25.628151 1.000532 1.000532 1.000532
3280 25.628151 25.628151 25.628151 1.000532 1.000532 1.000532
3290 25.628151 25.628151 25.628151 1.000532 1.000532 1.000532
3300 25.628151 25.628151 25.628151 1.000532 1.000532 1.000532
3310 25.628151 25.628151 25.628151 1.000532 1.000532 1.000532
3320 25.628151 25.628151 25.628151 1.000532 1.000532 1.000532
3330 25.628151 25.628151 25.628151 1.000532 1.000532 1.000532
3340 25.628151 25.628151 25.628151 1.000532 1.000532 1.000532
3350 25.628151 25.628151 25.628151 1.000532 1.000532 1.000532
3360 25.628151 25.628151 25.628151 1.000532 1.000532 1.000532
3370 25.628151 25.628151 25.628151 1.000532 1.000532 1.000532
3380 25.628151 25.628151 25.628151 1.000532 1.000532 1.000532
3390 25.628151 25.628151 25.628151 1.000532 1.000532 1.000532
3400 25.628151 25.628151 25.628151 1.000532 1.000532 1.000532
3410 25.628151 25.628151 25.628151 1.000532 1.000532 1.000532
3420 25.628151 25.628151 25.628151 1.000532 1.000532 1.000532
3430 25.628151 25.628151 25.628151 1.000532 1.000532 1.000532
3440 25.628151 25.628151 25.628151 1.000532 1.000532 1.000532
3450 25.628151 25.628151 25.628151 1.000532 1.000532 1.000532
3460 25.628151 25.628151 25.628151 1.000532 1.000532 1.000532
3470 25.628151 25.628151 25.628151 1.000532 1.000532 1.000532
3480 25.628151 25.628151 25.628151 1.000532 1.000532 1.000532
3490 25.628151 25.628151 25.628151 1.000532 1.000532 1.000532
3500 25.628151 25.628151 25.628151 1.000532 1.000532 1.000532
3510 25.628151 25.628151 25.628151 1.000532 1.000532 1.000532
3520 25.628151 25.628151 25.628151 1.000532 1.000532 1.000532
3530 25.628151 25.628151 25.628151 1.000532 1.000532 1.000532
3540 25.628151 25.628151 25.628151 1.000532 1.000532 1.000532
3550 25.628151 25.628151 25.628151 1.000532 1.000532 1.000532
3560 25.628151 25.628151 25.628151 1.000532 1.000532 1.000532
3570 25.628151 25.628151 25.628151 1.000532 1.000532 1.000532
3580 25.628151 25.628151 25.628151 1.000532 1.000532 1.000532
3590 25.628151 25.628151 25.628151 1.000532 1.000532 1.000532
3600 25.628151 25.628151 25.628151 1.000532 1.000532 1.000532
3610 25.628151 25.628151 25.628151 1.000532 1.000532 1.000532
3620 25.628151 25.628151 25.628151 1.000532 1.000532 1.000532
3630 25.628151 25.628151 25.628151 1.000532 1.000532 1.000532
3640 25.628151 25.628151 25.628151 1.000532 1.000532 1.000532
3650 25.628151 25.628151 25.628151 1.000532 1.000532 1.000532
3660 25.628151 25.628151 25.628151 1.000532 1.000532 1.000532
3670 25.628151 25.628151 25.628151 1.000532 1.000532 1.000532
3680 25.628151 25.628151 25.628151 1.000532 1.000532 1.000532
3690 25.628151 25.628151 25.628151 1.000532 1.000532 1.000532
3700 25.628151 25.628151 25.628151 1.000532 1.000532 1.000532
3710 25.628151 25.628151 25.628151 1.000532 1.000532 1.000532
3720 25.628151 25.628151 25.628151 1.000532 1.000532 1.000532
3730 25.628151 25.628151 25.628151 1.000532 1.000532 1.000532
3740 25.628151 25.628151 25.628151 1.000532 1.000532 1.000532
3750 25.628151 25.628151 25.628151 1.000532 1.000532 1.000532
3760 25.628151 25.628151 25.628151 1.000532 1.000532 1.000532
3770 25.628151 25.628151 25.628151 1.000532 1.000532 1.000532
3780 25.628151 25.628151 25.628151 1.000532 1.000532 1.000532
3790 25.628151 25.628151 25.628151 1.000532 1.000532 1.000532
3800 25.628151 25.628151 25.628151 1.000532 1.000532 1.000532
3810 25.628151 25.628151 25.628151 1.000532 1.000532 1.000532
3820 25.628151 25.628151 25.628151 1.000532 1.000532 1.000532
3830 25.628151 25.628151 25.628151 1.000532 1.000532 1.000532
3840 25.628151 25.628151 25.628151 1.000532 1.000532 1.000532
3850 25.628151 25.628151 25.628151 1.000532 1.000532 1.000532
3860 25.628151 25.628151 25.628151 1.000532 1.000532 1.000532
3870 25.628151 25.628151 25.628151 1.000532 1.000532 1.000532
3880 25.628151 25.628151 25.628151 1.000532 1.000532 1.000532
3890 25.628151 25.628151 25.628151 1.000532 1.000532 1.000532
3900 25.628151 25.628151 25.628151 1.000532 1.000532 1.000532
3910 25.628151 25.628151 25.628151 1.000532 1.000532 1.000532
3920 25.628151 25.628151 25.628151 1.000532 1.000532 1.000532
3930 25.628151 25.628151 25.628151 1.000532 1.000532 1.000532
3940 25.628151 25.628151 25.628151 1.000532 1.000532 1.000532
3950 25.628151 25.628151 25.628151 1.000532 1.000532 1.000532
3960 25.628151 25.628151 25.628151 1.000532 1.000532 1.000532
3970 25.628151 25.628151 25.628151 1.000532 1.000532 1.000532
3980 25.628151 25.628151 25.628151 1.000532 1.000532 1.000532
3990 25.628151 25.628151 25.628151 1.000532 1.000532 1.000532
4000 25.628151 25.628151 25.628151 1.000532 1.000532 1.000532
4010 25.628151 25.628151 25.628151 1.000532 1.000532 1.000532
4020 25.628151 25.628151 25.628151 1.000532 1.000532 1.000532
4030 25.628151 25.628151 25.628151 1.000532 1.000532 1.000532
4040 25.628151 25.628151 25.628151 1.000532 1.000532 1.000532
4050 25.628151 25.628151 25.628151 1.000532 1.000532 1.000532
4060 25.628151 25.628151 25.628151 1.000532 1.000532 1.000532
4070 25.628151 25.628151 25.628151 1.000532 1.000532 1.000532
4080 25.628151 25.628151 25.628151 1.000532 1.000532 1.000532
4090 25.628151 25.628151 25.628151 1.000532 1.000532 1.000532
4100 25.628151 25.628151 25.628151 1.000532 1.000532 1.000532
4110 25.628151 25.628151 25.628151 1.000532 1.000532 1.000532
4120 25.628151 25.628151 25.628151 1.000532 1.000532 1.000532
4130 25.628151 25.628151 25.628151 1.000532 1.000532 1.000532
4140 25.628151 25.628151 25.628151 1.000532 1.000532 1.000532
4150 25.628151 25.628151 25.628151 1.000532 1.000532 1.000532
4160 25.628151 25.628151 25.628151 1.000532 1.000532 1.000532
4170 25.628151 25.628151 25.628151 1.000532 1.000532 1.000532
4180 25.628151 25.628151 25.628151 1.000532 1.000532 1.000532
4190 25.628151 25.628151 25.628151 1.000532 1.000532 1.000532
4200 25.628151 25.628151 25.628151 1.000532 1.000532 1.000532
4210 25.628151 25.628151 25.628151 1.000532 1.000532 1.000532
4220 25.628151 25.628151 25.628151 1.000532 1.000532 1.000532
4230 25.628151 25.628151 25.628151 1.000532 1.000532 1.000532
4240 25.628151 25.628151 25.628151 1.000532 1.000532 1.000532
4250 25.628151 25.628151 25.628151 1.000532 1.000532 1.000532
4260 25.628151 25.628151 25.628151 1.000532 1.000532 1.000532
4270 25.628151 25.628151 25.628151 1.000532 1.000532 1.000532
4280 25.628151 25.628151 25.628151 1.000532 1.000532 1.000532
4290 25.628151 25.628151 25.628151 1.000532 1.000532 1.000532
4300 25.628151 25.628151 25.628151 1.000532 1.000532 1.000532
4310 25.628151 25.628151 25.628151 1.000532 1.000532 1.000532
4320 25.628151 25.628151 25.628151 1.000532 1.000532 1.000532
4330 25.628151 25.628151 25.628151 1.000532 1.000532 1.000532
4340 25.628151 25.628151 25.628151 1.000532 1.000532 1.000532
4350 25.628151 25.628151 25.628151 1.000532 1.000532 1.000532
4360 25.628151 25.628151 25.628151 1.000532 1.000532 1.000532
4370 25.628151 25.628151 25.628151 1.000532 1.000532 1.000532
4380 25.628151 25.628151 25.628151 1.000532 1.000532 1.000532
4390 25.628151 25.628151 25.628151 1.000532 1.000532 1.000532
4400 25.628151 25.628151 25.628151 1.000532 1.000532 1.000532
4410 25.628151 25.628151 25.628151 1.000532 1.000532 1.000532
4420 25.628151 25.628151 25.628151 1.000532 1.000532 1.000532
4430 25.628151 25.628151 25.628151 1.000532 1.000532 1.000532
4440 25.628151 25.628151 25.628151 1.000532 1.000532 1.000532
4450 25.628151 25.628151 25.628151 1.000532 1.000532 1.000532
4460 25.628151 25.628151 25.628151 1.000532 1.000532 1.000532
4470 25.628151 25.628151 25.628151 1.000532 1.000532 1.000532
4480 25.628151 25.628151 25.628151 1.000532 1.000532 1.000532
4490 25.628151 25.628151 25.628151 1.000532 1.000532 1.000532
4500 25.628151 25.628151 25.628151 1.000532 1.000532 1.000532
4510 25.628151 25.628151 25.628151 1.000532 1.000532 1.000532
4520 25.628151 25.628151 25.628151 1.000532 1.000532 1.000532
4530 25.628151 25.628151 25.628151 1.000532 1.000532 1.000532
4540 25.628151 25.628151 25.628151 1.000532 1.000532 1.000532
4550 25.628151 25.628151 25.628151 1.000532 1.000532 1.000532
4560 25.628151 25.628151 25.628151 1.000532 1.000532 1.000532
4570 25.628151 25.628151 25.628151 1.000532 1.000532 1.000532
4580 25.628151 25.628151 25.628151 1.000532 1.000532 1.000532
4590 25.628151 25.628151 25.628151 1.000532 1.000532 1.000532
4600 25.628151 25.628151 25.628151 1.000532 1.000532 1.000532
4610 25.628151 25.628151 25.628151 1.000532 1.000532 1.000532
4620 25.628151 25.628151 25.628151 1.000532 1.000532 1.000532
4630 25.628151 25.628151 25.628151 1.000532 1.000532 1.000532
4640 25.628151 25.628151 25.628151 1.000532 1.000532 1.000532
4650 25.628151 25.628151 25.628151 1.000532 1.000532 1.000532
4660 25.628151 25.628151 25.628151 1.000532 1.000532 1.000532
4670 25.628151 25.628151 25.628151 1.000532 1.000532 1.000532
4680 25.628151 25.628151 25.628151 1.000532 1.000532 1.000532
4690 25.628151 25.628151 25.628151 1.000532 1.000532 1.000532
4700 25.628151 25.628151 25.628151 1.000532 1.000532 1.000532
4710 25.628151 25.628151 25.628151 1.000532 1.000532 1.000532
4720 25.628151 25.628151 25.628151 1.000532 1.000532 1.000532
4730 25.628151 25.628151 25.628151 1.000532 1.000532 1.000532
4740 25.628151 25.628151 25.628151 1.000532 1.000532 1.000532
4750 25.628151 25.628151 25.628151 1.000532 1.000532 1.000532
4760 25.628151 25.628151 25.628151 1.000532 1.000532 1.000532
4770 25.628151 25.628151 25.628151 1.000532 1.000532 1.000532
4780 25.628151 25.628151 25.628151 1.000532 1.000532 1.000532
4790 25.628151 25.628151 25.628151 1.000532 1.000532 1.000532
4800 25.628151 25.628151 25.628151 1.000532 1.000532 1.000532
4810 25.628151 25.628151 25.628151 1.000532 1.000532 1.000532
4820 25.628151 25.628151 25.628151 1.000532 1.000532 1.000532
4830 25.628151 25.628151 25.628151 1.000532 1.000532 1.000532
4840 25.628151 25.628151 25.628151 1.000532 1.000532 1.000532
4850 25.628151 25.628151 25.628151 1.000532 1.000532 1.000532
4860 25.628151 25.628151 25.628151 1.000532 1.000532 1.000532
4870 25.628151 25.628151 25.628151 1.000532 1.000532 1.000532
4880 25.628151 25.628151 25.628151 1.000532 1.000532 1.000532
4890 25.628151 25.628151 25.628151 1.000532 1.000532 1.000532
4900 25.628151 25.628151 25.628151 1.000532 1.000532 1.000532
4910 25.628151 25.628151 25.628151 1.000532 1.000532 1.000532
4920 25.628151 25.628151 25.628151 1.000532 1.000532 1.000532
4930 25.628151 25.628151 25.628151 1.000532 1.000532 1.000532
4940 25.628151 25.628151 25.628151 1.000532 1.000532 1.000532
4950 25.628151 25.628151 25.628151 1.000532 1.000532 1.000532
4960 25.628151 25.628151 25.628151 1.000532 1.000532 1.000532
4970 25.628151 25.628151 25.628151 1.000532 1.000532 1.000532
4980 25.628151 25.628151 25.628151 1.000532 1.000532 1.000532
4990 25.628151 25.628151 25.628151 1.000532 1.000532 1.000532
5000 25.628151 25.628151 25.628151 1.000532 1.000532 1.000532
5010 25.628151 25.628151 25.628151 1.000532 1.000532 1.000532
5020 25.628151 25.628151 25.628151 1.000532 1.000532 1.000532
5030 25.628151 25.628151 25.628151 1.000532 1.000532 1.000532
5040 25.628151 25.628151 25.628151 1.000532 1.000532 1.000532
5050 25.628151 25.628151 25.628151 1.000532 1.000532 1.000532
5060 25.628151 25.628151 25.628151 1.000532 1.000532 1.000532
5070 25.628151 25.628151 25.628151 1.000532 1.000532 1.000532
5080 25.628151 25.628151 25.628151 1.000532 1.000532 1.000532
5090 25.628151 25.628151 25.628151 1.000532 1.000532 1.000532
5100 25.628151 25.628151 25.628151 1.000532 1.000532 1.000532
5110 25.628151 25.628151 25.628151 1.000532 1.000532 1.000532
5120 25.628151 25.628151 25.628151 1.000532 1.000532 1.000532
5130 25.628151 25.628151 25.628151 1.000532 1.000532 1.000532
5140 25.628151 25.628151 25.628151 1.000532 1.000532 1.000532
5150 25.628151 25.628151 25.628151 1.000532 1.000532 1.000532
5160 25.628151 25.628151 25.628151 1.000532 1.000532 1.000532
5170 25.628151 25.628151 25.628151 1.000532 1.000532 1.000532
5180 25.628151 25.628151 25.628151 1.000532 1.000532 1.000532
5190 25.628151 25.628151 25.628151 1.000532 1.000532 1.000532
5200 25.628151 25.628151 25.628151 1.000532 1.000532 1.000532
5210 25.628151 25.628151 25.628151 1.000532 1.000532 1.000532
5220 25.628151 25.628151 25.628151 1.000532 1.000532 1.000532
5230 25.628151 25.628151 25.628151 1.000532 1.000532 1.000532
5240 25.628151 25.628151 25.628151 1.000532 1.000532 1.000532
5250 25.628151 25.628151 25.628151 1.000532 1.000532 1.000532
5260 25.628151 25.628151 25.628151 1.000532 1.000532 1.000532
5270 25.628151 25.628151 25.628151 1.000532 1.000532 1.000532
5280 25.628151 25.628151 25.628151 1.000532 1.000532 1.000532
5290 25.628151 25.628151 25.628151 1.000532 1.000532 1.000532
5300 25.628151 25.628151 25.628151 1.000532 1.000532 1.000532
5310 25.628151 25.628151 25.628151 1.000532 1.000532 1.000532
5320 25.628151 25.628151 25.628151 1.000532 1.000532 1.000532
5330 25.628151 25.628151 25.628151 1.000532 1.000532 1.000532
5340 25.628151 25.628151 25.628151 1.000532 1.000532 1.000532
5350 25.628151 25.628151 25.628151 1.000532 1.000532 1.000532
5360 25.628151 25.628151 25.628151 1.000532 1.000532 1.000532
5370 25.628151 25.628151 25.628151 1.000532 1.000532 1.000532
5380 25.628151 25.628151 25.628151 1.000532 1.000532 1.000532
5390 25.628151 25.628151 25.628151 1.000532 1.000532 1.000532
5400 25.628151 25.628151 25.628151 1.000532 1.000532 1.000532
5410 25.628151 25.628151 25.628151 1.000532 1.000532 1.000532
5420 25.628151 25.628151 25.628151 1.000532 1.000532 1.000532
5430 25.628151 25.628151 25.628151 1.000532 1.000532 1.000532
5440 25.628151 25.628151 25.628151 1.000532 1.000532 1.000532
5450 25.628151 25.628151 25.628151 1.000532 1.000532 1.000532
5460 25.628151 25.628151 25.628151 1.000532 1.000532 1.000532
5470 25.628151 25.628151 25.628151 1.000532 1.000532 1.000532
5480 25.628151 25.628151 25.628151 1.000532 1.000532 1.000532
5490 25.628151 25.628151 25.628151 1.000532 1.000532 1.000532
5500 25.628151 25.628151 25.628151 1.000532 1.000532 1.000532
5510 25.628151 25.628151 25.628151 1.000532 1.000532 1.000532
5520 25.628151 25.628151 25.628151 1.000532 1.000532 1.000532
5530 25.628151 25.628151 25.628151 1.000532 1.000532 1.000532
5540 25.628151 25.628151 25.628151 1.000532 1.000532 1.000532
5550 25.628151 25.628151 25.628151 1.000532 1.000532 1.000532
5560 25.628151 25.628151 25.628151 1.000532 1.000532 1.000532
5570 25.628151 25.628151 25.628151 1.000532 1.000532 1.000532
5580 25.628151 25.628151 25.628151 1.000532 1.000532 1.000532
5590 25.628151 25.628151 25.628151 1.000532 1.000532 1.000532
5600 25.628151 25.628151 25.628151 1.000532 1.000532 1.000532
5610 25.628151 25.628151 25.628151 1.000532 1.000532 1.000532
5620 25.628151 25.628151 25.628151 1.000532 1.000532 1.000532
5630 25.628151 25.628151 25.628151 1.000532 1.000532 1.000532
5640 25.628151 25.628151 25.628151 1.000532 1.000532 1.000532
5650 25.628151 25.628151 25.628151 1.000532 1.000532 1.000532
5660 25.628151 25.628151 25.628151 1.000532 1.000532 1.000532
5670 25.628151 25.628151 25.628151 1.000532 1.000532 1.000532
5680 25.628151 25.628151 25.628151 1.000532 1.000532 1.000532
5690 25.628151 25.628151 25.628151 1.000532 1.000532 1.000532
5700 25.628151 25.628151 25.628151 1.000532 1.000532 1.000532
5710 25.628151 25.628151 25.628151 1.000532 1.000532 1.000532
5720 25.628151 25.628151 25.628151 1.000532 1.000532 1.000532
5730 25.628151 25.628151 25.628151 1.000532 1.000532 1.000532
5740 25.628151 25.628151 25.628151 1.000532 1.000532 1.000532
5750 25.628151 25.628151 25.628151 1.000532 1.000532 1.000532
5760 25.628151 25.628151 25.628151 1.000532 1.000532 1.000532
5770 25.628151 25.628151 25.628151 1.000532 1.000532 1.000532
5780 25.628151 25.628151 25.628151 1.000532 1.000532 1.000532
5790 25.628151 25.628151 25.628151 1.000532 1.000532 1.000532
5800 25.628151 25.628151 25.628151 1.000532 1.000532 1.000532
5810 25.628151 25.628151 25.628151 1.000532 1.000532 1.000532
5820 25.628151 25.628151 25.628151 1.000532 1.000532 1.000532
5830 25.628151 25.628151 25.628151 1.000532 1.000532 1.000532
5840 25.628151 25.628151 25.628151 1.000532 1.000532 1.000532
5850 25.628151 25.628151 25.628151 1.000532 1.000532 1.000532
5860 25.628151 25.628151 25.628151 1.000532 1.000532 1.000532
5870 25.628151 25.628151 25.628151 1.000532 1.000532 1.000532
5880 25.628151 25.628151 25.628151 1.000532 1.000532 1.000532
5890 25.628151 25.628151 25.628151 1.000532 1.000532 1.000532
5900 25.628151 25.628151 25.628151 1.000532 1.000532 1.000532
5910 25.628151 25.628151 25.628151 1.000532 1.000532 1.000532
5920 25.628151 25.628151 25.628151 1.000532 1.000532 1.000532
5930 25.628151 25.628151 25.628151 1.000532 1.000532 1.000532
5940 25.628151 25.628151 25.628151 1.000532 1.000532 1.000532
5950 25.628151 25.628151 25.628151 1.000532 1.000532 1.000532
5960 25.628151 25.628151 25.628151 1.000532 1.000532 1.000532
5970 25.628151 25.628151 25.628151 1.000532 1.000532 1.000532
5980 25.628151 25.628151 25.628151 1.000532 1.000532 1.000532
5990 25.628151 25.628151 25.628151 1.000532 1.000532 1.000532
6000 25.628151 25.628151 25.628151 1.000532 1.000532 1.000532
6010 25.628151 25.628151 25.628151 1.000532 1.000532 1.000532
6020 25.628151 25.628151 25.628151 1.000532 1.000532 1.000532
6030 25.628151 25.628151 25.628151 1.000532 1.000532 1.000532
6040 25.628151 25.628151 25.628151 1.000532 1.000532 1.000532
6050 25.628151 25.628151 25.628151 1.000532 1.000532 1.000532
6060 25.628151 25.628151 25.628151 1.000532 1.000532 1.000532
6070 25.628151 25.628151 25.628151 1.000532 1.000532 1.000532
6080 25.628151 25.628151 25.628151 1.000532 1.000532 1.000532
6090 25.628151 25.628151 25.628151 1.000532 1.000532 1.000532
6100 25.628151 25.628151 25.628151 1.000532 1.000532 1.000532
6110 25.628151 25.628151 25.628151 1.000532 1.000532 1.000532
6120 25.628151 25.628151 25.628151 1.000532 1.000532 1.000532
6130 25.628151 25.628151 25.628151 1.000532 1.000532 1.000532
6140 25.628151 25.628151 25.628151 1.000532 1.000532 1.000532
6150 25.628151 25.628151 25.628151 1.000532 1.000532 1.000532
6160 25.628151 25.628151 25.628151 1.000532 1.000532 1.000532
6170 25.628151 25.628151 25.628151 1.000532 1.000532 1.000532
6180 25.628151 25.628151 25.628151 1.000532 1.000532 1.000532
6190 25.628151 25.628151 25.628151 1.000532 1.000532 1.000532
6200 25.628151 25.628151 25.628151 1.000532 1.000532 1.000532
6210 25.628151 25.628151 25.628151 1.000532 1.000532 1.000532
6220 25.628151 25.628151 25.628151 1.000532 1.000532 1.000532
6230 25.628151 25.628151 25.628151 1.000532 1.000532 1.000532
6240 25.628151 25.628151 25.628151 1.000532 1.000532 1.000532
6250 25.628151 25.628151 25.628151 1.000532 1.000532 1.000532
6260 25.628151 25.628151 25.628151 1.000532 1.000532 1.000532
6270 25.628151 25.628151 25.628151 1.000532 1.000532 1.000532
6280 25.628151 25.628151 25.628151 1.000532 1.000532 1.000532
6290 25.628151 25.628151 25.628151 1.000532 1.000532 1.000532
6300 25.628151 25.628151 25.628151 1.000532 1.000532 1.000532
6310 25.628151 25.628151 25.628151 1.000532 1.000532 1.000532
6320 25.628151 25.628151 25.628151 1.000532 1.000532 1.000532
6330 25.628151 25.628151 25.628151 1.000532 1.000532 1.000532
6340 25.628151 25.628151 25.628151 1.000532 1.000532 1.000532
6350 25.628151 25.628151 25.628151 1.000532 1.000532 1.000532
6360 25.628151 25.628151 25.628151 1.000532 1.000532 1.000532
6370 25.628151 25.628151 25.628151 1.000532 1.000532 1.000532
6380 25.628151 25.628151 25.628151 1.000532 1.000532 1.000532
6390 25.628151 25.628151 25.628151 1.000532 1.000532 1.000532
6400 25.628151 25.628151 25.628151 1.000532 1.000532 1.000532
6410 25.628151 25.628151 25.628151 1.000532 1.000532 1.000532
6420 25.628151 25.628151 25.628151 1.000532 1.000532 1.000532
6430 25.628151 25.628151 25.628151 1.000532 1.000532 1.000532
6440 25.628151 25.628151 25.628151 1.000532 1.000532 1.000532
6450 25.628151 25.628151 25.628151 1.000532 1.000532 1.000532
6460 25.628151 25.628151 25.628151 1.000532 1.000532 1.000532
6470 25.628151 25.628151 25.628151 1.000532 1.000532 1.000532
6480 25.628151 25.628151 25.628151 1.000532 1.000532 1.000532
6490 25.628151 25.628151 25.628151 1.000532 1.000532 1.000532
6500 25.628151 25.628151 25.628151 1.000532 1.000532 1.000532
6510 25.628151 25.628151 25.628151 1.000532 1.000532 1.000532
6520 25.628151 25.628151 25.628151 1.000532 1.000532 1.000532
6530 25.628151 25.628151 25.628151 1.000532 1.000532 1.000532
6540 25.628151 25.628151 25.628151 1.000532 1.000532 1.000532
6550 25.628151 25.628151 25.628151 1.000532 1.000532 1.000532
6560 25.628151 25.628151 25.628151 1.000532 1.000532 1.000532
6570 25.628151 25.628151 25.628151 1.000532 1.000532 1.000532
6580 25.628151 25.628151 25.628151 1.000532 1.000532 1.000532
6590 25.628151 25.628151 25.628151 1.000532 1.000532 1.000532
6600 25.628151 25.628151 25.628151 1.000532 1.000532 1.000532
6610 25.628151 25.628151 25.628151 1.000532 1.000532 1.000532
6620 25.628151 25.628151 25.628151 1.000532 1.000532 1.000532
6630 25.628151 25.628151 25.628151 1.000532 1.000532 1.000532
6640 25.628151 25.628151 25.628151 1.000532 1.000532 1.000532
6650 25.628151 25.628151 25.628151 1.000532 1.000532 1.000532
6660 25.628151 25.628151 25.628151 1.000532 1.000532 1.000532
6670 25.628151 25.628151 25.628151 1.000532 1.000532 1.000532
6680 25.628151 25.628151 25.628151 1.000532 1.000532 1.000532
6690 25.628151 25.628151 25.628151 1.000532 1.000532 1.000532
6700 25.628151 25.628151 25.628151 1.000532 1.000532 1.000532
6710 25.628151 25.628151 25.628151 1.000532 1.000532 1.000532
6720 25.628151 25.628151 25.628151 1.000532 1.000532 1.000532
6730 25.628151 25.628151 25.628151 1.000532 1.000532 1.000532
6740 25.628151 25.628151 25.628151 1.000532 1.000532 1.000532
6750 25.628151 25.628151 25.628151 1.000532 1.000532 1.000532
6760 25.628151 25.628151 25.628151 1.000532 1.000532 1.000532
6770 25.628151 25.628151 25.628151 1.000532 1.000532 1.000532
6780 25.628151 25.628151 25.628151 1.000532 1.000532 1.000532
6790 25.628151 25.628151 25.628151 1.000532 1.000532 1.000532
6800 25.628151 25.628151 25.628151 1.000532 1.000532 1.000532
6810 25.628151 25.628151 25.628151 1.000532 1.000532 1.000532
6820 25.628151 25.628151 25.628151 1.000532 1.000532 1.000532
6830 25.628151 25.628151 25.628151 1.000532 1.000532 1.000532
6840 25.628151 25.628151 25.628151 1.000532 1.000532 1.000532
6850 25.628151 25.628151 25.628151 1.000532 1.000532 1.000532
6860 25.628151 25.628151 25.628151 1.000532 1.000532 1.000532
6870 25.628151 25.628151 25.628151 1.000532 1.000532 1.000532
6880 25.628151 25.628151 25.628151 1.000532 1.000532 1.000532
6890 25.628151 25.628151 25.628151 1.000532 1.000532 1.000532
6900 25.628151 25.628151 25.628151 1.000532 1.000532 1.000532
6910 25.628151 25.628151 25.628151 1.000532 1.000532 1.000532
6920 25.628151 25.628151 25.628151 1.000532 1.000532 1.000532
6930 25.628151 25.628151 25.628151 1.000532 1.000532 1.000532
6940 25.628151 25.628151 25.628151 1.000532 1.000532 1.000532
6950 25.628151 25.628151 25.628151 1.000532 1.000532 1.000532
6960 25.628151 25.628151 25.628151 1.000532 1.000532 1.000532
6970 25.628151 25.628151 25.628151 1.000532 1.000532 1.000532
6980 25.628151 25.628151 25.628151 1.000532 1.000532 1.000532
6990 25.628151 25.628151 25.628151 1.000532 1.000532 1.000532
7000 25.628151 25.628151 25.628151 1.000532 1.000532 1.000532
7010 25.628151 25.628151 25.628151 1.000532 1.000532 1.000532
7020 25.628151 25.628151 25.628151 1.000532 1.000532 1.000532
7030 25.628151 25.628151 25.628151 1.000532 1.000532 1.000532
7040 25.628151 25.628151 25.628151 1.000532 1.000532 1.000532
7050 25.628151 25.628151 25.628151 1.000532 1.000532 1.000532
7060 25.628151 25.628151 25.628151 1.000532 1.000532 1.000532
7070 25.628151 25.628151 25.628151 1.000532 1.000532 1.000532
7080 25.628151 25.628151 25.628151 1.000532 1.000532 1.000532
7090 25.628151 25.628151 25.628151 1.000532 1.000532 1.000532
7100 25.628151 25.628151 25.628151 1.000532 1.000532 1.000532
7110 25.628151 25.628151 25.628151 1.000532 1.000532 1.000532
7120 25.628151 25.628151 25.628151 1.000532 1.000532 1.000532
7130 25.628151 25.628151 25.628151 1.000532 1.000532 1.000532
7140 25.628151 25.628151 25.628151 1.000532 1.000532 1.000532
7150 25.628151 25.628151 25.628151 1.000532 1.000532 1.000532
7160 25.628151 25.628151 25.628151 1.000532 1.000532 1.000532
7170 25.628151 25.628151 25.628151 1.000532 1.000532 1.000532
7180 25.628151 25.628151 25.628151 1.000532 1.000532 1.000532
7190 25.628151 25.628151 25.628151 1.000532 1.000532 1.000532
7200 25.628151 25.628151 25.628151 1.000532 1.000532 1.000532
7210 25.628151 25.628151 25.628151 1.000532 1.000532 1.000532
7220 25.628151 25.628151 25.628151 1.000532 1.000532 1.000532
7230 25.628151 25.628151 25.628151 1.000532 1.000532 1.000532
7240 25.628151 25.628151 25.628151 1.000532 1.000532 1.000532
7250 25.628151 25.628151 25.628151 1.000532 1.000532 1.000532
7260 25.628151 25.628151 25.628151 1.000532 1.000532 1.000532
7270 25.628151 25.628151 25.628151 1.000532 1.000532 1.000532
7280 25.628151 25.628151 25.628151 1.000532 1.000532 1.000532
7290 25.628151 25.628151 25.628151 1.000532 1.000532 1.000532
7300 25.628151 25.628151 25.628151 1.000532 1.000532 1.000532
7310 25.628151 25.628151 25.628151 1.000532 1.000532 1.000532
7320 25.628151 25.628151 25.628151 1.000532 1.000532 1.000532
7330 25.628151 25.628151 25.628151 1.000532 1.000532 1.000532
7340 25.628151 25.628151 25.628151 1.000532 1.000532 1.000532
7350 25.628151 25.628151 25.628151 1.000532 1.000532 1.000532
7360 25.628151 25.628151 25.628151 1.000532 1.000532 1.000532
7370 25.628151 25.628151 25.628151 1.000532 1.000532 1.000532
7380 25.628151 25.628151 25.628151 1.000532 1.000532 1.000532
7390 25.628151 25.628151 25.628151 1.000532 1.000532 1.000532
7400 25.628151 25.628151 25.628151 1.000532 1.000532 1.000532
7410 25.628151 25.628151 25.628151 1.000532 1.000532 1.000532
7420 25.628151 25.628151 25.628151 1.000532 1.000532 1.000532
7430 25.628151 25.628151 25.628151 1.000532 1.000532 1.000532
7440 25.628151 25.628151 25.628151 1.000532 1.000532 1.000532
7450 25.628151 25.628151 25.628151 1.000532 1.000532 1.000532
7460 25.628151 25.628151 25.628151 1.000532 1.000532 1.000532
7470 25.628151 25.628151 25.628151 1.000532 1.000532 1.000532
7480 25.628151 25.628151 25.628151 1.000532 1.000532 1.000532
7490 25.628151 25.628151 25.628151 1.000532 1.000532 1.000532
7500 25.628151 25.628151 25.628151 1.000532 1.000532 1.000532
7510 25.628151 25.628151 25.628151 1.000532 1.000532 1.000532
7520 25.628151 25.628151 25.628151 1.000532 1.000532 1.000532
7530 25.628151 25.628151 25.628151 1.000532 1.000532 1.000532
7540 25.628151 25.628151 25.628151 1.000532 1.000532 1.000532
7550 25.628151 25.628151 25.628151 1.000532 1.000532 1.000532
7560 25.628151 25.628151 25.628151 1.000532 1.000532 1.000532
7570 25.628151 25.628151 25.628151 1.000532 1.000532 1.000532
7580 25.628151 25.628151 25.628151 1.000532 1.000532 1.000532
7590 25.628151 25.628151 25.628151 1.000532 1.000532 1.000532
7600 25.628151 25.628151 25.628151 1.000532 1.000532 1.000532
7610 25.628151 25.628151 25.628151 1.000532 1.000532 1.000532
7620 25.628151 25.628151 25.628151 1.000532 1.000532 1.000532
7630 25.628151 25.628151 25.628151 1.000532 1.000532 1.000532
7640 25.628151 25.628151 25.628151 1.000532 1.000532 1.000532
7650 25.628151 25.628151 25.628151 1.000532 1.000532 1.000532
7660 25.628151 25.628151 25.628151 1.000532 1.000532 1.000532
7670 25.628151 25.628151 25.628151 1.000532 1.000532 1.000532
7680 25.628151 25.628151 25.628151 1.000532 1.000532 1.000532
7690 25.628151 25.628151 25.628151 1.000532 1.000532 1.000532
7700 25.628151 25.628151 25.628151 1.000532 1.000532 1.000532
7710 25.628151 25.628151 25.628151 1.000532 1.000532 1.000532
7720 25.628151 25.628151 25.628151 1.000532 1.000532 1.000532
7730 25.628151 25.628151 25.628151 1.000532 1.000532 1.000532
7740 25.628151 25.628151 25.628151 1.000532 1.000532 1.000532
7750 25.628151 25.628151 25.628151 1.000532 1.000532 1.000532
7760 25.628151 25.628151 25.628151 1.000532 1.000532 1.000532
7770 25.628151 25.628151 25.628151 1.000532 1.000532 1.000532
7780 25.628151 25.628151 25.628151 1.000532 1.000532 1.000532
7790 25.628151 25.628151 25.628151 1.000532 1.000532 1.000532
7800 25.628151 25.628151 25.628151 1.000532 1.000532 1.000532
7810 25.628151 25.628151 25.628151 1.000532 1.000532 1.000532
7820 25.628151 25.628151 25.628151 1.000532 1.000532 1.000532
7830 25.628151 25.628151 25.628151 1.000532 1.000532 1.000532
7840 25.628151 25.628151 25.628151 1.000532 1.000532 1.000532
7850 25.628151 25.628151 25.628151 1.000532 1.000532 1.000532
7860 25.628151 25.628151 25.628151 1.000532 1.000532 1.000532
7870 25.628151 25.628151 25.628151 1.000532 1.000532 1.000532
7880 25.628151 25.628151 25.628151 1.000532 1.000532 1.000532
7890 25.628151 25.628151 25.628151 1.000532 1.000532 1.000532
7900 25.628151 25.628151 25.628151 1.000532 1.000532 1.000532
7910 25.628151 25.628151 25.628151 1.000532 1.000532 1.000532
7920 25.628151 25.628151 25.628151 1.000532 1.000532 1.000532
7930 25.628151 25.628151 25.628151 1.000532 1.000532 1.000532
7940 25.628151 25.628151 25.628151 1.000532 1.000532 1.000532
7950 25.628151 25.628151 25.628151 1.000532 1.000532 1.000532
7960 25.628151 25.628151 25.628151 1.000532 1.000532 1.000532
7970 25.628151 25.628151 25.628151 1.000532 1.000532 1.000532
7980 25.628151 25.628151 25.628151 1.000532 1.000532 1.000532
7990 25.628151 25.628151 25.628151 1.000532 1.000532 1.000532
8000 25.628151 25.628151 25.628151 1.000532 1.000532 1.000532
8010 25.628151 25.628151 25.628151 1.000532 1.000532 1.000532
8020 25.628151 25.628151 25.628151 1.000532 1.000532 1.000532
8030 25.628151 25.628151 25.628151 1.000532 1.000532 1.000532
8040 25.628151 25.628151 25.628151 1.000532 1.000532 1.000532
8050 25.628151 25.628151 25.628151 1.000532 1.000532 1.000532
8060 25.628151 25.628151 25.628151 1.000532 1.000532 1.000532
8070 25.628151 25.628151 25.628151 1.000532 1.000532 1.000532
8080 25.628151 25.628151 25.628151 1.000532 1.000532 1.000532
8090 25.628151 25.628151 25.628151 1.000532 1.000532 1.000532
8100 25.628151 25.628151 25.628151 1.000532 1.000532 1.000532
8110 25.628151 25.628151 25.628151 1.000532 1.000532 1.000532
8120 25.628151 25.628151 25.628151 1.000532 1.000532 1.000532
8130 25.628151 25.628151 25.628151 1.000532 1.000532 1.000532
8140 25.628151 25.628151 25.628151 1.000532 1.000532 1.000532
8150 25.628151 25.628151 25.628151 1.000532 1.000532 1.000532
8160 25.628151 25.628151 25.628151 1.000532 1.000532 1.000532
8170 25.628151 25.628151 25.628151 1.000532 1.000532 1.000532
8180 25.628151 25.628151 25.628151 1.000532 1.000532 1.000532
8190 25.628151 25.628151 25.628151 1.000532 1.000532 1.000532
8200 25.628151 25.628151 25.628151 1.000532 1.000532 1.000532
8210 25.628151 25.628151 25.628151 1.000532 1.000532 1.000532
8220 25.628151 25.628151 25.628151 1.000532 1.000532 1.000532
8230 25.628151 25.628151 25.628151 1.000532 1.000532 1.000532
8240 25.628151 25.628151 25.628151 1.000532 1.000532 1.000532
8250 25.628151 25.628151 25.628151 1.000532 1.000532 1.000532
8260 25.628151 25.628151 25.628151 1.000532 1.000532 1.000532
8270 25.628151 25.628151 25.628151 1.000532 1.000532 1.000532
8280 25.628151 25.628151 25.628151 1.000532 1.000532 1.000532
8290 25.628151 25.628151 25.628151 1.000532 1.000532 1.000532
8300 25.628151 25.628151 25.628151 1.000532 1.000532 1.000532
8310 25.628151 25.628151 25.628151 1.000532 1.000532 1.000532
8320 25.628151 25.628151 25.628151 1.000532 1.000532 1.000532
8330 25.628151 25.628151 25.628151 1.000532 1.000532 1.000532
8340 25.628151 25.628151 25.628151 1.000532 1.000532 1.000532
8350 25.628151 25.628151 25.628151 1.000532 1.000532 1.000532
8360 25.628151 25.628151 25.628151 1.000532 1.000532 1.000532
8370 25.628151 25.628151 25.628151 1.000532 1.000532 1.000532
8380 25.628151 25.628151 25.628151 1.000532 1.000532 1.000532
8390 25.628151 25.628151 25.628151 1.000532 1.000532 1.000532
8400 25.628151 25.628151 25.628151 1.000532 1.000532 1.000532
8410 25.628151 25.628151 25.628151 1.000532 1.000532 1.000532
8420 25.628151 25.628151 25.628151 1.000532 1.000532 1.000532
8430 25.628151 25.628151 25.628151 1.000532 1.000532 1.000532
8440 25.628151 25.628151 25.628151 1.000532 1.000532 1.000532
8450 25.628151 25.628151 25.628151 1.000532 1.000532 1.000532
8460 25.628151 25.628151 25.628151 1.000532 1.000532 1.000532
8470 25.628151 25.628151 25.628151 1.000532 1.000532 1.000532
8480 25.628151 25.628151 25.628151 1.000532 1.000532 1.000532
8490 25.628151 25.628151 25.628151 1.000532 1.000532 1.000532
8500 25.628151 25.628151 25.628151 1.000532 1.000532 1.000532
8510 25.628151 25.628151 25.628151 1.000532 1.000532 1.000532
8520 25.628151 25.628151 25.628151 1.000532 1.000532 1.000532
8530 25.628151 25.628151 25.628151 1.000532 1.000532 1.000532
8540 25.628151 25.628151 25.628151 1.000532 1.000532 1.000532
8550 25.628151 25.628151 25.628151 1.000532 1.000532 1.000532
8560 25.628151 25.628151 25.628151 1.000532 1.000532 1.000532
8570 25.628151 25.628151 25.628151 1.000532 1.000532 1.000532
8580 25.628151 25.628151 25.628151 1.000532 1.000532 1.000532
8590 25.628151 25.628151 25.628151 1.000532 1.000532 1.000532
8600 25.628151 25.628151 25.628151 1.000532 1.000532 1.000532
8610 25.628151 25.628151 25.628151 1.000532 1.000532 1.000532
8620 25.628151 25.628151 25.628151 1.000532 1.000532 1.000532
8630 25.628151 25.628151 25.628151 1.000532 1.000532 1.000532
8640 25.628151 25.628151 25.628151 1.000532 1.000532 1.000532
8650 25.628151 25.628151 25.628151 1.000532 1.000532 1.000532
8660 25.628151 25.628151 25.628151 1.000532 1.000532 1.000532
8670 25.628151 25.628151 25.628151 1.000532 1.000532 1.000532
8680 25.628151 25.628151 25.628151 1.000532 1.000532 1.000532
8690 25.628151 25.628151 25.628151 1.000532 1.000532 1.000532
8700 25.628151 25.628151 25.628151 1.000532 1.000532 1.000532
8710 25.628151 25.628151 25.628151 1.000532 1.000532 1.000532
8720 25.628151 25.628151 25.628151 1.000532 1.000532 1.000532
8730 25.628151 25.628151 25.628151 1.000532 1.000532 1.000532
8740 25.628151 25.628151 25.628151 1.000532 1.000532 1.000532
8750 25.628151 25.628151 25.628151 1.000532 1.000532 1.000532
8760 25.628151 25.628151 25.628151 1.000532 1.000532 1.000532
8770 25.628151 25.628151 25.628151 1.000532 1.000532 1.000532
8780 25.628151 25.628151 25.628151 1.000532 1.000532 1.000532
8790 25.628151 25.628151 25.628151 1.000532 1.000532 1.000532
8800 25.628151 25.628151 25.628151 1.000532 1.000532 1.000532
8810 25.628151 25.628151 25.628151 1.000532 1.000532 1.000532
8820 25.628151 25.628151 25.628151 1.000532 1.000532 1.000532
8830 25.628151 25.628151 25.628151 1.000532 1.000532 1.000532
8840 25.628151 25.628151 25.628151 1.000532 1.000532 1.000532
8850 25.628151 25.628151 25.628151 1.000532 1.000532 1.000532
8860 25.628151 25.628151 25.628151 1.000532 1.000532 1.000532
8870 25.628151 25.628151 25.628151 1.000532 1.000532 1.000532
8880 25.628151 25.628151 25.628151 1.000532 1.000532 1.000532
8890 25.628151 25.628151 25.628151 1.000532 1.000532 1.000532
8900 25.628151 25.628151 25.628151 1.000532 1.000532 1.000532
8910 25.628151 25.628151 25.628151 1.000532 1.000532 1.000532
8920 25.628151 25.628151 25.628151 1.000532 1.000532 1.000532
8930 25.628151 25.628151 25.628151 1.000532 1.000532 1.000532
8940 25.628151 25.628151 25.628151 1.000532 1.000532 1.000532
8950 25.628151 25.628151 25.628151 1.000532 1.000532 1.000532
8960 25.628151 25.628151 25.628151 1.000532 1.000532 1.000532
8970 25.628151 25.628151 25.628151 1.000532 1.000532 1.000532
8980 25.628151 25.628151 25.628151 1.000532 1.000532 1.000532
8990 25.628151 25.628151 25.628151 1.000532 1.000532 1.000532
9000 25.628151 25.628151 25.628151 1.000532 1.000532 1.000532
9010 25.628151 25.628151 25.628151 1.000532 1.000532 1.000532
9020 25.628151 25.628151 25.628151 1.000532 1.000532 1.000532
9030 25.628151 25.628151 25.628151 1.000532 1.000532 1.000532
9040 25.628151 25.628151 25.628151 1.000532 1.000532 1.000532
9050 25.628151 25.628151 25.628151 1.000532 1.000532 1.000532
9060 25.628151 25.628151 25.628151 1.000532 1.000532 1.000532
9070 25.628151 25.628151 25.628151 1.000532 1.000532 1.000532
9080 25.628151 25.628151 25.628151 1.000532 1.000532 1.000532
9090 25.628151 25.628151 25.628151 1.000532 1.000532 1.000532
9100 25.628151 25.628151 25.628151 1.000532 1.000532 1.000532
9110 25.628151 25.628151 25.628151 1.000532 1.000532 1.000532
9120 25.628151 25.628151 25.628151 1.000532 1.000532 1.000532
9130 25.628151 25.628151 25.628151 1.000532 1.000532 1.000532
9140 25.628151 25.628151 25.628151 1.000532 1.000532 1.000532
9150 25.628151 25.628151 25.628151 1.000532 1.000532 1.000532
9160 25.628151 25.628151 25.628151 1.000532 1.000532 1.000532
9170 25.628151 25.628151 25.628151 1.000532 1.000532 1.000532
9180 25.628151 25.628151 25.628151 1.000532 1.000532 1.000532
9190 25.628151 25.628151 25.628151 1.000532 1.000532 1.000532
9200 25.628151 25.628151 25.628151 1.000532 1.000532 1.000532
9210 25.628151 25.628151 25.628151 1.000532 1.000532 1.000532
9220 25.628151 25.628151 25.628151 1.000532 1.000532 1.000532
9230 25.628151 25.628151 25.628151 1.000532 1.000532 1.000532
9240 25.628151 25.628151 25.628151 1.000532 1.000532 1.000532
9250 25.628151 25.628151 25.628151 1.000532 1.000532 1.000532
9260 25.628151 25.628151 25.628151 1.000532 1.000532 1.000532
9270 25.628151 25.628151 25.628151 1.000532 1.000532 1.000532
9280 25.628151 25.628151 25.628151 1.000532 1.000532 1.000532
9290 25.628151 25.628151 25.628151 1.000532 1.000532 1.000532
9300 25.628151 25.628151 25.628151 1.000532 1.000532 1.000532
9310 25.628151 25.628151 25.628151 1.000532 1.000532 1.000532
9320 25.628151 25.628151 25.628151 1.000532 1.000532 1.000532
9330 25.628151 25.628151 25.628151 1.000532 1.000532 1.000532
9340 25.628151 25.628151 25.628151 1.000532 1.000532 1.000532
9350 25.628151 25.628151 25.628151 1.000532 1.000532 1.000532
9360 25.628151 25.628151 25.628151 1.000532 1.000532 1.000532
9370 25.628151 25.628151 25.628151 1.000532 1.000532 1.000532
9380 25.628151 25.628151 25.628151 1.000532 1.000532 1.000532
9390 25.628151 25.628151 25.628151 1.000532 1.000532 1.000532
9400 25.628151 25.628151 25.628151 1.000532 1.000532 1.000532
9410 25.628151 25.628151 25.628151 1.000532 1.000532 1.000532
9420 25.628151 25.628151 25.628151 1.000532 1.000532 1.000532
9430 25.628151 25.628151 25.628151 1.000532 1.000532 1.000532
9440 25.628151 25.628151 25.628151 1.000532 1.000532 1.000532
9450 25.628151 25.628151 25.628151 1.000532 1.000532 1.000532
9460 25.628151 25.628151 25.628151 1.000532 1.000532 1.000532
9470 25.628151 25.628151 25.628151 1.000532 1.000532 1.000532
9480 25.628151 25.628151 25.628151 1.000532 1.000532 1.000532
9490 25.628151 25.628151 25.628151 1.000532 1.000532 1.000532
9500 25.628151 25.628151 25.628151 1.000532 1.000532 1.000532
9510 25.628151 25.628151 25.628151 1.000532 1.000532 1.000532
9520 25.628151 25.628151 25.628151 1.000532 1.000532 1.000532
9530 25.628151 25.628151 25.628151 1.000532 1.000532 1.000532
9540 25.628151 25.628151 25.628151 1.000532 1.000532 1.000532
9550 25.628151 25.628151 25.628151 1.000532 1.000532 1.000532
9560 25.628151 25.628151 25.628151 1.000532 1.000532 1.000532
9570 25.628151 25.628151 25.628151 1.000532 1.000532 1.000532
9580 25.628151 25.628151 25.628151 1.000532 1.000532 1.000532
9590 25.628151 25.628151 25.628151 1.000532 1.000532 1.000532
9600 25.628151 25.628151 25.628151 1.000532 1.000532 1.000532
9610 25.628151 25.628151 25.628151 1.000532 1.000532 1.000532
9620 25.628151 25.628151 25.628151 1.000532 1.000532 1.000532
9630 25.628151 25.628151 25.628151 1.000532 1.000532 1.000532
9640 25.628151 25.628151 25.628151 1.000532 1.000532 1.000532
9650 25.628151 25.628151 25.628151 1.000532 1.000532 1.000532
9660 25.628151 25.628151 25.628151 1.000532 1.000532 1.000532
9670 25.628151 25.628151 25.628151 1.000532 1.000532 1.000532
9680 25.628151 25.628151 25.628151 1.000532 1.000532 1.000532
9690 25.628151 25.628151 25.628151 1.000532 1.000532 1.000532
9700 25.628151 25.628151 25.628151 1.000532 1.000532 1.000532
9710 25.628151 25.628151 25.628151 1.000532 1.000532 1.000532
9720 25.628151 25.628151 25.628151 1.000532 1.000532 1.000532
9730 25.628151 25.628151 25.628151 1.000532 1.000532 1.000532
9740 25.628151 25.628151 25.628151 1.000532 1.000532 1.000532
9750 25.628151 25.628151 25.628151 1.000532 1.000532 1.000532
9760 25.628151 25.628151 25.628151 1.000532 1.000532 1.000532
9770 25.628151 25.628151 25.628151 1.000532 1.000532 1.000532
9780 25.628151 25.628151 25.628151 1.000532 1.000532 1.000532
9790 25.628151 25.628151 25.628151 1.000532 1.000532 1.000532
9800 25.628151 25.628151 25.628151 1.000532 1.000532 1.000532
9810 25.628151 25.628151 25.628151 1.000532 1.000532 1.000532
9820 25.628151 25.628151 25.628151 1.000532 1.000532 1.000532
9830 25.628151 25.628151 25.628151 1.000532 1.000532 1.000532
9840 25.628151 25.628151 25.628151 1.000532 1.000532 1.000532
9850 25.628151 25.628151 25.628151 1.000532 1.000532 1.000532
9860 25.628151 25.628151 25.628151 1.000532 1.000532 1.000532
9870 25.628151 25.628151 25.628151 1.000532 1.000532 1.000532
9880 25.628151 25.628151 25.628151 1.000532 1.000532 1.000532
9890 25.628151 25.628151 25.628151 1.000532 1.000532 1.000532
9900 25.628151 25.628151 25.628151 1.000532 1.000532 1.000532
9910 25.628151 25.628151 25.628151 1.000532 1.000532 1.000532
9920 25.628151 25.628151 25.628151 1.000532 1.000532 1.000532
9930 25.628151 25.628151 25.628151 1.000532 1.000532 1.000532
9940 25.628151 25.628151 25.628151 1.000532 1.000532 1.000532
9950 25.628151 25.628151 25.628151 1.000532 1.000532 1.000532
9960 25.628151 25.628151 25.628151 1.000532 1.000532 1.000532
9970 25.628151 25.628151 25.628151 1.000532 1.000532 1.000532
9980 25.628151 25.628151 25.628151 1.000532 1.000532 1.000532
9990 25.628151 25.628151 25.628151 1.000532 1.000532 1.000532
10000 25.628151 25.628151 25.628151 1.000532 1.000532 1.000532
