# generation power_min power_avg power_max util_min util_avg util_max
1 18.052074 14.491824 18.052074 0.707105 1.213767 1.497660
10 16.227675 14.319662 16.227675 0.707105 1.177395 1.491916
20 16.227675 14.201269 16.227675 0.707105 1.145508 1.491916
30 16.227675 14.298865 16.227675 0.707105 1.117460 1.329659
40 15.955236 14.063935 15.955236 0.707105 1.090395 1.308490
50 15.625353 13.956043 15.625353 0.707105 1.062961 1.282970
60 15.625353 13.734113 15.625353 0.707105 1.032338 1.274643
70 11.735860 13.501135 15.470018 0.707105 1.008868 1.176351
80 15.470018 13.450766 15.470018 0.707105 0.993132 1.176351
90 15.470018 13.286790 15.470018 0.707105 0.974420 1.176351
100 14.881829 13.099274 14.881829 0.707105 0.965795 1.176351
110 10.696894 12.928398 14.881829 0.707105 0.952527 1.101036
120 10.484253 12.593565 14.390855 0.774797 0.951749 1.089711
130 10.484253 12.372090 13.951646 0.774797 0.945594 1.089711
140 10.210971 12.142446 13.711816 0.784692 0.946191 1.089711
150 10.148859 12.003987 13.463371 0.784692 0.937547 1.070877
160 10.148859 11.753489 13.139776 0.743075 0.930416 1.070877
170 9.553284 11.508969 12.875101 0.743075 0.918902 1.043905
180 9.553284 11.296044 12.561425 0.743075 0.917354 1.043905
190 9.553284 11.127381 12.153982 0.726811 0.912149 1.043905
200 9.418852 10.933911 11.909374 0.726811 0.908737 1.043905
210 9.167846 10.746078 11.812000 0.726811 0.901881 1.043905
220 9.125340 10.574114 11.645830 0.726811 0.893710 1.043905
230 9.125340 10.413131 11.335956 0.726811 0.883458 1.041332
240 9.112362 10.263721 11.143080 0.726811 0.875380 1.041332
250 9.112362 10.112102 11.020580 0.726811 0.874031 1.033259
260 8.853670 9.971774 10.892680 0.726811 0.867399 1.022458
270 8.818145 9.814536 10.642070 0.688523 0.860807 1.022458
280 8.814325 9.670881 10.438296 0.688523 0.859427 1.020723
290 8.206088 9.533546 10.311223 0.688523 0.859219 1.020723
300 8.206088 9.424798 10.169008 0.688523 0.859374 1.020723
310 8.206088 9.304252 9.983044 0.688523 0.859565 1.020723
320 8.206088 9.217455 9.793932 0.742420 0.856709 1.005597
330 8.206088 9.124309 9.668982 0.742420 0.857679 1.005597
340 7.717966 9.027902 9.510028 0.742420 0.860859 1.005597
350 7.717966 8.950620 9.418852 0.749173 0.858925 0.969966
360 7.717966 8.858880 9.372910 0.749173 0.865322 0.969966
370 7.640704 8.764441 9.255813 0.756004 0.868278 0.969966
380 7.640704 8.687103 9.125340 0.756178 0.871657 0.969966
390 7.640704 8.597653 9.069449 0.756178 0.871968 0.969966
400 7.640704 8.511719 8.955279 0.756178 0.877033 0.969966
410 7.640704 8.422361 8.899972 0.756178 0.878848 0.975677
420 7.606846 8.337995 8.834185 0.756178 0.876751 0.975677
430 7.248832 8.209115 8.744666 0.756178 0.872334 0.975677
440 7.248832 8.096108 8.683239 0.756178 0.875503 0.992948
450 6.970981 7.974912 8.519510 0.800426 0.882749 1.029999
460 6.970981 7.883639 8.418919 0.800426 0.881975 1.029999
470 6.970981 7.786920 8.337758 0.770271 0.881511 1.029999
480 6.682652 7.674186 8.251795 0.770271 0.881976 1.029999
490 6.682652 7.566661 8.142067 0.770271 0.881895 1.029999
500 6.682652 7.457849 8.086224 0.770271 0.882817 1.029999
510 6.682652 7.358315 7.982220 0.770271 0.880863 1.029999
520 6.682652 7.266083 7.776685 0.738097 0.881474 1.029999
530 6.630215 7.180057 7.666146 0.738097 0.881369 1.029999
540 6.375629 7.094009 7.538877 0.738097 0.880646 1.029999
550 6.371471 7.010613 7.442436 0.738097 0.883911 1.029999
560 6.341929 6.933780 7.320117 0.728189 0.880672 1.029999
570 6.341929 6.874416 7.237777 0.728189 0.881405 1.023633
580 6.267440 6.802314 7.183671 0.728189 0.878709 1.023633
590 6.267440 6.734899 7.132584 0.728189 0.871755 1.023633
600 6.211836 6.659893 7.040896 0.728189 0.870135 1.023633
610 6.150158 6.603332 6.951928 0.728189 0.862733 0.995990
620 6.150158 6.542587 6.906706 0.728189 0.858094 0.986652
630 6.133254 6.480409 6.870587 0.728189 0.859581 0.986652
640 6.117361 6.423171 6.710648 0.732135 0.859554 0.989578
650 5.976910 6.376229 6.682652 0.732135 0.861408 0.989578
660 5.976910 6.330612 6.625969 0.732135 0.860060 0.989578
670 5.976910 6.291652 6.502933 0.732135 0.863097 0.989578
680 5.976910 6.261355 6.445740 0.732135 0.866144 0.989578
690 5.976910 6.230044 6.389686 0.732135 0.866207 0.989578
700 5.891480 6.204102 6.357577 0.732135 0.865160 0.989578
710 5.891480 6.176195 6.340442 0.732135 0.862177 0.989578
720 5.867440 6.147786 6.281670 0.732135 0.859809 0.989578
730 5.867440 6.120625 6.267440 0.732135 0.857538 0.974053
740 5.867440 6.095498 6.233400 0.732135 0.855984 0.974053
750 5.867440 6.072756 6.217534 0.732135 0.854932 0.974053
760 5.832591 6.048903 6.189996 0.732135 0.852781 0.974053
770 5.832591 6.024161 6.154074 0.732135 0.853505 0.974053
780 5.826759 6.002813 6.117361 0.732135 0.848135 0.945361
790 5.826759 5.981102 6.109699 0.755380 0.847161 0.944457
800 5.826759 5.958353 6.102499 0.755380 0.845488 0.909855
810 5.826759 5.937523 6.066280 0.755380 0.844595 0.909855
820 5.826759 5.917246 6.053704 0.755380 0.840853 0.909855
830 5.826759 5.898150 5.992509 0.755380 0.838055 0.907554
840 5.805595 5.883165 5.977072 0.755380 0.835583 0.907554
850 5.783702 5.868899 5.947712 0.793535 0.833303 0.887557
860 5.783702 5.859045 5.922301 0.793535 0.830483 0.887557
870 5.783702 5.850565 5.893907 0.808111 0.830946 0.887557
880 5.783702 5.844104 5.891480 0.808111 0.830795 0.848420
890 5.777870 5.837800 5.877275 0.808111 0.831634 0.848420
900 5.777204 5.831756 5.875305 0.808111 0.832996 0.848420
910 5.777204 5.827071 5.855153 0.808111 0.835304 0.848420
920 5.777204 5.822909 5.845547 0.827355 0.836651 0.848420
930 5.761281 5.819487 5.832591 0.827355 0.837251 0.848420
940 5.761281 5.816312 5.832591 0.827355 0.838173 0.848420
950 5.761281 5.812500 5.832591 0.827355 0.839404 0.848420
960 5.761281 5.807524 5.831341 0.827355 0.840712 0.849495
970 5.761281 5.803055 5.831341 0.827355 0.841545 0.849495
980 5.761281 5.797990 5.831341 0.827355 0.842536 0.849495
990 5.758325 5.793340 5.831341 0.827355 0.843188 0.849495
1000 5.758325 5.788285 5.826759 0.827355 0.844094 0.849495
1010 5.758325 5.783252 5.816415 0.830423 0.845529 0.849495
1020 5.758325 5.780551 5.786658 0.841852 0.846081 0.849495
1030 5.758325 5.779538 5.783702 0.841852 0.845749 0.849495
1040 5.758325 5.778667 5.783702 0.841852 0.845210 0.849495
1050 5.758325 5.777398 5.783702 0.841852 0.844636 0.849495
1060 5.758325 5.776279 5.783702 0.841852 0.844090 0.849495
1070 5.758325 5.774784 5.783702 0.841852 0.843581 0.849495
1080 5.758325 5.773284 5.777870 0.841852 0.843077 0.846516
1090 5.757659 5.772169 5.777870 0.841852 0.843172 0.846516
1100 5.757659 5.770896 5.777870 0.841852 0.843349 0.846516
1110 5.757659 5.769444 5.777870 0.841852 0.843531 0.846516
1120 5.757511 5.767512 5.777870 0.841852 0.843778 0.846616
1130 5.757511 5.765525 5.777870 0.841852 0.844092 0.846616
1140 5.757511 5.763542 5.777870 0.841852 0.844402 0.846616
1150 5.757511 5.761589 5.777056 0.841852 0.844677 0.846616
1160 5.756845 5.759666 5.777056 0.841852 0.844905 0.847339
1170 5.756845 5.758641 5.761281 0.841852 0.845113 0.847339
1180 5.756845 5.758317 5.760615 0.842575 0.845514 0.847339
1190 5.756845 5.758012 5.759801 0.843649 0.845897 0.847339
1200 5.756845 5.757903 5.758325 0.845541 0.846028 0.847339
1210 5.756845 5.757793 5.758325 0.845541 0.846161 0.847339
1220 5.756845 5.757699 5.758325 0.845541 0.846272 0.847339
1230 5.756845 5.757598 5.758325 0.845541 0.846391 0.847339
1240 5.756845 5.757465 5.758325 0.845541 0.846553 0.847339
1250 5.756845 5.757340 5.757659 0.846264 0.846704 0.847339
1260 5.756845 5.757267 5.757659 0.846264 0.846801 0.847339
1270 5.756845 5.757192 5.757659 0.846264 0.846901 0.847339
1280 5.756845 5.757117 5.757659 0.846264 0.847001 0.847339
1290 5.756845 5.757036 5.757659 0.846264 0.847108 0.847339
1300 5.756845 5.756954 5.757659 0.846264 0.847216 0.847339
1310 5.756845 5.756885 5.757511 0.846616 0.847295 0.847339
1320 5.756845 5.756845 5.756845 0.847339 0.847339 0.847339
1330 5.756845 5.756845 5.756845 0.847339 0.847339 0.847339
1340 5.756845 5.756845 5.756845 0.847339 0.847339 0.847339
1350 5.756845 5.756845 5.756845 0.847339 0.847339 0.847339
1360 5.756845 5.756845 5.756845 0.847339 0.847339 0.847339
1370 5.756845 5.756845 5.756845 0.847339 0.847339 0.847339
1380 5.756845 5.756845 5.756845 0.847339 0.847339 0.847339
1390 5.756845 5.756845 5.756845 0.847339 0.847339 0.847339
1400 5.756845 5.756845 5.756845 0.847339 0.847339 0.847339
1410 5.756845 5.756845 5.756845 0.847339 0.847339 0.847339
1420 5.756845 5.756845 5.756845 0.847339 0.847339 0.847339
1430 5.756845 5.756845 5.756845 0.847339 0.847339 0.847339
1440 5.756845 5.756845 5.756845 0.847339 0.847339 0.847339
1450 5.756845 5.756845 5.756845 0.847339 0.847339 0.847339
1460 5.756845 5.756845 5.756845 0.847339 0.847339 0.847339
1470 5.756845 5.756845 5.756845 0.847339 0.847339 0.847339
1480 5.756845 5.756845 5.756845 0.847339 0.847339 0.847339
1490 5.756845 5.756845 5.756845 0.847339 0.847339 0.847339
1500 5.756845 5.756845 5.756845 0.847339 0.847339 0.847339
1510 5.756845 5.756845 5.756845 0.847339 0.847339 0.847339
1520 5.756845 5.756845 5.756845 0.847339 0.847339 0.847339
1530 5.756845 5.756845 5.756845 0.847339 0.847339 0.847339
1540 5.756845 5.756845 5.756845 0.847339 0.847339 0.847339
1550 5.756845 5.756845 5.756845 0.847339 0.847339 0.847339
1560 5.756845 5.756845 5.756845 0.847339 0.847339 0.847339
1570 5.756845 5.756845 5.756845 0.847339 0.847339 0.847339
1580 5.756845 5.756845 5.756845 0.847339 0.847339 0.847339
1590 5.756845 5.756845 5.756845 0.847339 0.847339 0.847339
1600 5.756845 5.756845 5.756845 0.847339 0.847339 0.847339
1610 5.756845 5.756845 5.756845 0.847339 0.847339 0.847339
1620 5.756845 5.756845 5.756845 0.847339 0.847339 0.847339
1630 5.756845 5.756845 5.756845 0.847339 0.847339 0.847339
1640 5.756845 5.756845 5.756845 0.847339 0.847339 0.847339
1650 5.756845 5.756845 5.756845 0.847339 0.847339 0.847339
1660 5.756845 5.756845 5.756845 0.847339 0.847339 0.847339
1670 5.756845 5.756845 5.756845 0.847339 0.847339 0.847339
1680 5.756845 5.756845 5.756845 0.847339 0.847339 0.847339
1690 5.756845 5.756845 5.756845 0.847339 0.847339 0.847339
1700 5.756845 5.756845 5.756845 0.847339 0.847339 0.847339
1710 5.756845 5.756845 5.756845 0.847339 0.847339 0.847339
1720 5.756845 5.756845 5.756845 0.847339 0.847339 0.847339
1730 5.756845 5.756845 5.756845 0.847339 0.847339 0.847339
1740 5.756845 5.756845 5.756845 0.847339 0.847339 0.847339
1750 5.756845 5.756845 5.756845 0.847339 0.847339 0.847339
1760 5.756845 5.756845 5.756845 0.847339 0.847339 0.847339
1770 5.756845 5.756845 5.756845 0.847339 0.847339 0.847339
1780 5.756845 5.756845 5.756845 0.847339 0.847339 0.847339
1790 5.756845 5.756845 5.756845 0.847339 0.847339 0.847339
1800 5.756845 5.756845 5.756845 0.847339 0.847339 0.847339
1810 5.756845 5.756845 5.756845 0.847339 0.847339 0.847339
1820 5.756845 5.756845 5.756845 0.847339 0.847339 0.847339
1830 5.756845 5.756845 5.756845 0.847339 0.847339 0.847339
1840 5.756845 5.756845 5.756845 0.847339 0.847339 0.847339
1850 5.756845 5.756845 5.756845 0.847339 0.847339 0.847339
1860 5.756845 5.756845 5.756845 0.847339 0.847339 0.847339
1870 5.756845 5.756845 5.756845 0.847339 0.847339 0.847339
1880 5.756845 5.756845 5.756845 0.847339 0.847339 0.847339
1890 5.756845 5.756845 5.756845 0.847339 0.847339 0.847339
1900 5.756845 5.756845 5.756845 0.847339 0.847339 0.847339
1910 5.756845 5.756845 5.756845 0.847339 0.847339 0.847339
1920 5.756845 5.756845 5.756845 0.847339 0.847339 0.847339
1930 5.756845 5.756845 5.756845 0.847339 0.847339 0.847339
1940 5.756845 5.756845 5.756845 0.847339 0.847339 0.847339
1950 5.756845 5.756845 5.756845 0.847339 0.847339 0.847339
1960 5.756845 5.756845 5.756845 0.847339 0.847339 0.847339
1970 5.756845 5.756845 5.756845 0.847339 0.847339 0.847339
1980 5.756845 5.756845 5.756845 0.847339 0.847339 0.847339
1990 5.756845 5.756845 5.756845 0.847339 0.847339 0.847339
2000 5.756845 5.756845 5.756845 0.847339 0.847339 0.847339
2010 5.756845 5.756845 5.756845 0.847339 0.847339 0.847339
2020 5.756845 5.756845 5.756845 0.847339 0.847339 0.847339
2030 5.756845 5.756845 5.756845 0.847339 0.847339 0.847339
2040 5.756845 5.756845 5.756845 0.847339 0.847339 0.847339
2050 5.756845 5.756845 5.756845 0.847339 0.847339 0.847339
2060 5.756845 5.756845 5.756845 0.847339 0.847339 0.847339
2070 5.756845 5.756845 5.756845 0.847339 0.847339 0.847339
2080 5.756845 5.756845 5.756845 0.847339 0.847339 0.847339
2090 5.756845 5.756845 5.756845 0.847339 0.847339 0.847339
2100 5.756845 5.756845 5.756845 0.847339 0.847339 0.847339
2110 5.756845 5.756845 5.756845 0.847339 0.847339 0.847339
2120 5.756845 5.756845 5.756845 0.847339 0.847339 0.847339
2130 5.756845 5.756845 5.756845 0.847339 0.847339 0.847339
2140 5.756845 5.756845 5.756845 0.847339 0.847339 0.847339
2150 5.756845 5.756845 5.756845 0.847339 0.847339 0.847339
2160 5.756845 5.756845 5.756845 0.847339 0.847339 0.847339
2170 5.756845 5.756845 5.756845 0.847339 0.847339 0.847339
2180 5.756845 5.756845 5.756845 0.847339 0.847339 0.847339
2190 5.756845 5.756845 5.756845 0.847339 0.847339 0.847339
2200 5.756845 5.756845 5.756845 0.847339 0.847339 0.847339
2210 5.756845 5.756845 5.756845 0.847339 0.847339 0.847339
2220 5.756845 5.756845 5.756845 0.847339 0.847339 0.847339
2230 5.756845 5.756845 5.756845 0.847339 0.847339 0.847339
2240 5.756845 5.756845 5.756845 0.847339 0.847339 0.847339
2250 5.756845 5.756845 5.756845 0.847339 0.847339 0.847339
2260 5.756845 5.756845 5.756845 0.847339 0.847339 0.847339
2270 5.756845 5.756845 5.756845 0.847339 0.847339 0.847339
2280 5.756845 5.756845 5.756845 0.847339 0.847339 0.847339
2290 5.756845 5.756845 5.756845 0.847339 0.847339 0.847339
2300 5.756845 5.756845 5.756845 0.847339 0.847339 0.847339
2310 5.756845 5.756845 5.756845 0.847339 0.847339 0.847339
2320 5.756845 5.756845 5.756845 0.847339 0.847339 0.847339
2330 5.756845 5.756845 5.756845 0.847339 0.847339 0.847339
2340 5.756845 5.756845 5.756845 0.847339 0.847339 0.847339
2350 5.756845 5.756845 5.756845 0.847339 0.847339 0.847339
2360 5.756845 5.756845 5.756845 0.847339 0.847339 0.847339
2370 5.756845 5.756845 5.756845 0.847339 0.847339 0.847339
2380 5.756845 5.756845 5.756845 0.847339 0.847339 0.847339
2390 5.756845 5.756845 5.756845 0.847339 0.847339 0.847339
2400 5.756845 5.756845 5.756845 0.847339 0.847339 0.847339
2410 5.756845 5.756845 5.756845 0.847339 0.847339 0.847339
2420 5.756845 5.756845 5.756845 0.847339 0.847339 0.847339
2430 5.756845 5.756845 5.756845 0.847339 0.847339 0.847339
2440 5.756845 5.756845 5.756845 0.847339 0.847339 0.847339
2450 5.756845 5.756845 5.756845 0.847339 0.847339 0.847339
2460 5.756845 5.756845 5.756845 0.847339 0.847339 0.847339
2470 5.756845 5.756845 5.756845 0.847339 0.847339 0.847339
2480 5.756845 5.756845 5.756845 0.847339 0.847339 0.847339
2490 5.756845 5.756845 5.756845 0.847339 0.847339 0.847339
2500 5.756845 5.756845 5.756845 0.847339 0.847339 0.847339
2510 5.756845 5.756845 5.756845 0.847339 0.847339 0.847339
2520 5.756845 5.756845 5.756845 0.847339 0.847339 0.847339
2530 5.756845 5.756845 5.756845 0.847339 0.847339 0.847339
2540 5.756845 5.756845 5.756845 0.847339 0.847339 0.847339
2550 5.756845 5.756845 5.756845 0.847339 0.847339 0.847339
2560 5.756845 5.756845 5.756845 0.847339 0.847339 0.847339
2570 5.756845 5.756845 5.756845 0.847339 0.847339 0.847339
2580 5.756845 5.756845 5.756845 0.847339 0.847339 0.847339
2590 5.756845 5.756845 5.756845 0.847339 0.847339 0.847339
2600 5.756845 5.756845 5.756845 0.847339 0.847339 0.847339
2610 5.756845 5.756845 5.756845 0.847339 0.847339 0.847339
2620 5.756845 5.756845 5.756845 0.847339 0.847339 0.847339
2630 5.756845 5.756845 5.756845 0.847339 0.847339 0.847339
2640 5.756845 5.756845 5.756845 0.847339 0.847339 0.847339
2650 5.756845 5.756845 5.756845 0.847339 0.847339 0.847339
2660 5.756845 5.756845 5.756845 0.847339 0.847339 0.847339
2670 5.756845 5.756845 5.756845 0.847339 0.847339 0.847339
2680 5.756845 5.756845 5.756845 0.847339 0.847339 0.847339
2690 5.756845 5.756845 5.756845 0.847339 0.847339 0.847339
2700 5.756845 5.756845 5.756845 0.847339 0.847339 0.847339
2710 5.756845 5.756845 5.756845 0.847339 0.847339 0.847339
2720 5.756845 5.756845 5.756845 0.847339 0.847339 0.847339
2730 5.756845 5.756845 5.756845 0.847339 0.847339 0.847339
2740 5.756845 5.756845 5.756845 0.847339 0.847339 0.847339
2750 5.756845 5.756845 5.756845 0.847339 0.847339 0.847339
2760 5.756845 5.756845 5.756845 0.847339 0.847339 0.847339
2770 5.756845 5.756845 5.756845 0.847339 0.847339 0.847339
2780 5.756845 5.756845 5.756845 0.847339 0.847339 0.847339
2790 5.756845 5.756845 5.756845 0.847339 0.847339 0.847339
2800 5.756845 5.756845 5.756845 0.847339 0.847339 0.847339
2810 5.756845 5.756845 5.756845 0.847339 0.847339 0.847339
2820 5.756845 5.756845 5.756845 0.847339 0.847339 0.847339
2830 5.756845 5.756845 5.756845 0.847339 0.847339 0.847339
2840 5.756845 5.756845 5.756845 0.847339 0.847339 0.847339
2850 5.756845 5.756845 5.756845 0.847339 0.847339 0.847339
2860 5.756845 5.756845 5.756845 0.847339 0.847339 0.847339
2870 5.756845 5.756845 5.756845 0.847339 0.847339 0.847339
2880 5.756845 5.756845 5.756845 0.847339 0.847339 0.847339
2890 5.756845 5.756845 5.756845 0.847339 0.847339 0.847339
2900 5.756845 5.756845 5.756845 0.847339 0.847339 0.847339
2910 5.756845 5.756845 5.756845 0.847339 0.847339 0.847339
2920 5.756845 5.756845 5.756845 0.847339 0.847339 0.847339
2930 5.756845 5.756845 5.756845 0.847339 0.847339 0.847339
2940 5.756845 5.756845 5.756845 0.847339 0.847339 0.847339
2950 5.756845 5.756845 5.756845 0.847339 0.847339 0.847339
2960 5.756845 5.756845 5.756845 0.847339 0.847339 0.847339
2970 5.756845 5.756845 5.756845 0.847339 0.847339 0.847339
2980 5.756845 5.756845 5.756845 0.847339 0.847339 0.847339
2990 5.756845 5.756845 5.756845 0.847339 0.847339 0.847339
3000 5.756845 5.756845 5.756845 0.847339 0.847339 0.847339
3010 5.756845 5.756845 5.756845 0.847339 0.847339 0.847339
3020 5.756845 5.756845 5.756845 0.847339 0.847339 0.847339
3030 5.756845 5.756845 5.756845 0.847339 0.847339 0.847339
3040 5.756845 5.756845 5.756845 0.847339 0.847339 0.847339
3050 5.756845 5.756845 5.756845 0.847339 0.847339 0.847339
3060 5.756845 5.756845 5.756845 0.847339 0.847339 0.847339
3070 5.756845 5.756845 5.756845 0.847339 0.847339 0.847339
3080 5.756845 5.756845 5.756845 0.847339 0.847339 0.847339
3090 5.756845 5.756845 5.756845 0.847339 0.847339 0.847339
3100 5.756845 5.756845 5.756845 0.847339 0.847339 0.847339
3110 5.756845 5.756845 5.756845 0.847339 0.847339 0.847339
3120 5.756845 5.756845 5.756845 0.847339 0.847339 0.847339
3130 5.756845 5.756845 5.756845 0.847339 0.847339 0.847339
3140 5.756845 5.756845 5.756845 0.847339 0.847339 0.847339
3150 5.756845 5.756845 5.756845 0.847339 0.847339 0.847339
3160 5.756845 5.756845 5.756845 0.847339 0.847339 0.847339
3170 5.756845 5.756845 5.756845 0.847339 0.847339 0.847339
3180 5.756845 5.756845 5.756845 0.847339 0.847339 0.847339
3190 5.756845 5.756845 5.756845 0.847339 0.847339 0.847339
3200 5.756845 5.756845 5.756845 0.847339 0.847339 0.847339
3210 5.756845 5.756845 5.756845 0.847339 0.847339 0.847339
3220 5.756845 5.756845 5.756845 0.847339 0.847339 0.847339
3230 5.756845 5.756845 5.756845 0.847339 0.847339 0.847339
3240 5.756845 5.756845 5.756845 0.847339 0.847339 0.847339
3250 5.756845 5.756845 5.756845 0.847339 0.847339 0.847339
3260 5.756845 5.756845 5.756845 0.847339 0.847339 0.847339
3270 5.756845 5.756845 5.756845 0.847339 0.847339 0.847339
3280 5.756845 5.756845 5.756845 0.847339 0.847339 0.847339
3290 5.756845 5.756845 5.756845 0.847339 0.847339 0.847339
3300 5.756845 5.756845 5.756845 0.847339 0.847339 0.847339
3310 5.756845 5.756845 5.756845 0.847339 0.847339 0.847339
3320 5.756845 5.756845 5.756845 0.847339 0.847339 0.847339
3330 5.756845 5.756845 5.756845 0.847339 0.847339 0.847339
3340 5.756845 5.756845 5.756845 0.847339 0.847339 0.847339
3350 5.756845 5.756845 5.756845 0.847339 0.847339 0.847339
3360 5.756845 5.756845 5.756845 0.847339 0.847339 0.847339
3370 5.756845 5.756845 5.756845 0.847339 0.847339 0.847339
3380 5.756845 5.756845 5.756845 0.847339 0.847339 0.847339
3390 5.756845 5.756845 5.756845 0.847339 0.847339 0.847339
3400 5.756845 5.756845 5.756845 0.847339 0.847339 0.847339
3410 5.756845 5.756845 5.756845 0.847339 0.847339 0.847339
3420 5.756845 5.756845 5.756845 0.847339 0.847339 0.847339
3430 5.756845 5.756845 5.756845 0.847339 0.847339 0.847339
3440 5.756845 5.756845 5.756845 0.847339 0.847339 0.847339
3450 5.756845 5.756845 5.756845 0.847339 0.847339 0.847339
3460 5.756845 5.756845 5.756845 0.847339 0.847339 0.847339
3470 5.756845 5.756845 5.756845 0.847339 0.847339 0.847339
3480 5.756845 5.756845 5.756845 0.847339 0.847339 0.847339
3490 5.756845 5.756845 5.756845 0.847339 0.847339 0.847339
3500 5.756845 5.756845 5.756845 0.847339 0.847339 0.847339
3510 5.756845 5.756845 5.756845 0.847339 0.847339 0.847339
3520 5.756845 5.756845 5.756845 0.847339 0.847339 0.847339
3530 5.756845 5.756845 5.756845 0.847339 0.847339 0.847339
3540 5.756845 5.756845 5.756845 0.847339 0.847339 0.847339
3550 5.756845 5.756845 5.756845 0.847339 0.847339 0.847339
3560 5.756845 5.756845 5.756845 0.847339 0.847339 0.847339
3570 5.756845 5.756845 5.756845 0.847339 0.847339 0.847339
3580 5.756845 5.756845 5.756845 0.847339 0.847339 0.847339
3590 5.756845 5.756845 5.756845 0.847339 0.847339 0.847339
3600 5.756845 5.756845 5.756845 0.847339 0.847339 0.847339
3610 5.756845 5.756845 5.756845 0.847339 0.847339 0.847339
3620 5.756845 5.756845 5.756845 0.847339 0.847339 0.847339
3630 5.756845 5.756845 5.756845 0.847339 0.847339 0.847339
3640 5.756845 5.756845 5.756845 0.847339 0.847339 0.847339
3650 5.756845 5.756845 5.756845 0.847339 0.847339 0.847339
3660 5.756845 5.756845 5.756845 0.847339 0.847339 0.847339
3670 5.756845 5.756845 5.756845 0.847339 0.847339 0.847339
3680 5.756845 5.756845 5.756845 0.847339 0.847339 0.847339
3690 5.756845 5.756845 5.756845 0.847339 0.847339 0.847339
3700 5.756845 5.756845 5.756845 0.847339 0.847339 0.847339
3710 5.756845 5.756845 5.756845 0.847339 0.847339 0.847339
3720 5.756845 5.756845 5.756845 0.847339 0.847339 0.847339
3730 5.756845 5.756845 5.756845 0.847339 0.847339 0.847339
3740 5.756845 5.756845 5.756845 0.847339 0.847339 0.847339
3750 5.756845 5.756845 5.756845 0.847339 0.847339 0.847339
3760 5.756845 5.756845 5.756845 0.847339 0.847339 0.847339
3770 5.756845 5.756845 5.756845 0.847339 0.847339 0.847339
3780 5.756845 5.756845 5.756845 0.847339 0.847339 0.847339
3790 5.756845 5.756845 5.756845 0.847339 0.847339 0.847339
3800 5.756845 5.756845 5.756845 0.847339 0.847339 0.847339
3810 5.756845 5.756845 5.756845 0.847339 0.847339 0.847339
3820 5.756845 5.756845 5.756845 0.847339 0.847339 0.847339
3830 5.756845 5.756845 5.756845 0.847339 0.847339 0.847339
3840 5.756845 5.756845 5.756845 0.847339 0.847339 0.847339
3850 5.756845 5.756845 5.756845 0.847339 0.847339 0.847339
3860 5.756845 5.756845 5.756845 0.847339 0.847339 0.847339
3870 5.756845 5.756845 5.756845 0.847339 0.847339 0.847339
3880 5.756845 5.756845 5.756845 0.847339 0.847339 0.847339
3890 5.756845 5.756845 5.756845 0.847339 0.847339 0.847339
3900 5.756845 5.756845 5.756845 0.847339 0.847339 0.847339
3910 5.756845 5.756845 5.756845 0.847339 0.847339 0.847339
3920 5.756845 5.756845 5.756845 0.847339 0.847339 0.847339
3930 5.756845 5.756845 5.756845 0.847339 0.847339 0.847339
3940 5.756845 5.756845 5.756845 0.847339 0.847339 0.847339
3950 5.756845 5.756845 5.756845 0.847339 0.847339 0.847339
3960 5.756845 5.756845 5.756845 0.847339 0.847339 0.847339
3970 5.756845 5.756845 5.756845 0.847339 0.847339 0.847339
3980 5.756845 5.756845 5.756845 0.847339 0.847339 0.847339
3990 5.756845 5.756845 5.756845 0.847339 0.847339 0.847339
4000 5.756845 5.756845 5.756845 0.847339 0.847339 0.847339
4010 5.756845 5.756845 5.756845 0.847339 0.847339 0.847339
4020 5.756845 5.756845 5.756845 0.847339 0.847339 0.847339
4030 5.756845 5.756845 5.756845 0.847339 0.847339 0.847339
4040 5.756845 5.756845 5.756845 0.847339 0.847339 0.847339
4050 5.756845 5.756845 5.756845 0.847339 0.847339 0.847339
4060 5.756845 5.756845 5.756845 0.847339 0.847339 0.847339
4070 5.756845 5.756845 5.756845 0.847339 0.847339 0.847339
4080 5.756845 5.756845 5.756845 0.847339 0.847339 0.847339
4090 5.756845 5.756845 5.756845 0.847339 0.847339 0.847339
4100 5.756845 5.756845 5.756845 0.847339 0.847339 0.847339
4110 5.756845 5.756845 5.756845 0.847339 0.847339 0.847339
4120 5.756845 5.756845 5.756845 0.847339 0.847339 0.847339
4130 5.756845 5.756845 5.756845 0.847339 0.847339 0.847339
4140 5.756845 5.756845 5.756845 0.847339 0.847339 0.847339
4150 5.756845 5.756845 5.756845 0.847339 0.847339 0.847339
4160 5.756845 5.756845 5.756845 0.847339 0.847339 0.847339
4170 5.756845 5.756845 5.756845 0.847339 0.847339 0.847339
4180 5.756845 5.756845 5.756845 0.847339 0.847339 0.847339
4190 5.756845 5.756845 5.756845 0.847339 0.847339 0.847339
4200 5.756845 5.756845 5.756845 0.847339 0.847339 0.847339
4210 5.756845 5.756845 5.756845 0.847339 0.847339 0.847339
4220 5.756845 5.756845 5.756845 0.847339 0.847339 0.847339
4230 5.756845 5.756845 5.756845 0.847339 0.847339 0.847339
4240 5.756845 5.756845 5.756845 0.847339 0.847339 0.847339
4250 5.756845 5.756845 5.756845 0.847339 0.847339 0.847339
4260 5.756845 5.756845 5.756845 0.847339 0.847339 0.847339
4270 5.756845 5.756845 5.756845 0.847339 0.847339 0.847339
4280 5.756845 5.756845 5.756845 0.847339 0.847339 0.847339
4290 5.756845 5.756845 5.756845 0.847339 0.847339 0.847339
4300 5.756845 5.756845 5.756845 0.847339 0.847339 0.847339
4310 5.756845 5.756845 5.756845 0.847339 0.847339 0.847339
4320 5.756845 5.756845 5.756845 0.847339 0.847339 0.847339
4330 5.756845 5.756845 5.756845 0.847339 0.847339 0.847339
4340 5.756845 5.756845 5.756845 0.847339 0.847339 0.847339
4350 5.756845 5.756845 5.756845 0.847339 0.847339 0.847339
4360 5.756845 5.756845 5.756845 0.847339 0.847339 0.847339
4370 5.756845 5.756845 5.756845 0.847339 0.847339 0.847339
4380 5.756845 5.756845 5.756845 0.847339 0.847339 0.847339
4390 5.756845 5.756845 5.756845 0.847339 0.847339 0.847339
4400 5.756845 5.756845 5.756845 0.847339 0.847339 0.847339
4410 5.756845 5.756845 5.756845 0.847339 0.847339 0.847339
4420 5.756845 5.756845 5.756845 0.847339 0.847339 0.847339
4430 5.756845 5.756845 5.756845 0.847339 0.847339 0.847339
4440 5.756845 5.756845 5.756845 0.847339 0.847339 0.847339
4450 5.756845 5.756845 5.756845 0.847339 0.847339 0.847339
4460 5.756845 5.756845 5.756845 0.847339 0.847339 0.847339
4470 5.756845 5.756845 5.756845 0.847339 0.847339 0.847339
4480 5.756845 5.756845 5.756845 0.847339 0.847339 0.847339
4490 5.756845 5.756845 5.756845 0.847339 0.847339 0.847339
4500 5.756845 5.756845 5.756845 0.847339 0.847339 0.847339
4510 5.756845 5.756845 5.756845 0.847339 0.847339 0.847339
4520 5.756845 5.756845 5.756845 0.847339 0.847339 0.847339
4530 5.756845 5.756845 5.756845 0.847339 0.847339 0.847339
4540 5.756845 5.756845 5.756845 0.847339 0.847339 0.847339
4550 5.756845 5.756845 5.756845 0.847339 0.847339 0.847339
4560 5.756845 5.756845 5.756845 0.847339 0.847339 0.847339
4570 5.756845 5.756845 5.756845 0.847339 0.847339 0.847339
4580 5.756845 5.756845 5.756845 0.847339 0.847339 0.847339
4590 5.756845 5.756845 5.756845 0.847339 0.847339 0.847339
4600 5.756845 5.756845 5.756845 0.847339 0.847339 0.847339
4610 5.756845 5.756845 5.756845 0.847339 0.847339 0.847339
4620 5.756845 5.756845 5.756845 0.847339 0.847339 0.847339
4630 5.756845 5.756845 5.756845 0.847339 0.847339 0.847339
4640 5.756845 5.756845 5.756845 0.847339 0.847339 0.847339
4650 5.756845 5.756845 5.756845 0.847339 0.847339 0.847339
4660 5.756845 5.756845 5.756845 0.847339 0.847339 0.847339
4670 5.756845 5.756845 5.756845 0.847339 0.847339 0.847339
4680 5.756845 5.756845 5.756845 0.847339 0.847339 0.847339
4690 5.756845 5.756845 5.756845 0.847339 0.847339 0.847339
4700 5.756845 5.756845 5.756845 0.847339 0.847339 0.847339
4710 5.756845 5.756845 5.756845 0.847339 0.847339 0.847339
4720 5.756845 5.756845 5.756845 0.847339 0.847339 0.847339
4730 5.756845 5.756845 5.756845 0.847339 0.847339 0.847339
4740 5.756845 5.756845 5.756845 0.847339 0.847339 0.847339
4750 5.756845 5.756845 5.756845 0.847339 0.847339 0.847339
4760 5.756845 5.756845 5.756845 0.847339 0.847339 0.847339
4770 5.756845 5.756845 5.756845 0.847339 0.847339 0.847339
4780 5.756845 5.756845 5.756845 0.847339 0.847339 0.847339
4790 5.756845 5.756845 5.756845 0.847339 0.847339 0.847339
4800 5.756845 5.756845 5.756845 0.847339 0.847339 0.847339
4810 5.756845 5.756845 5.756845 0.847339 0.847339 0.847339
4820 5.756845 5.756845 5.756845 0.847339 0.847339 0.847339
4830 5.756845 5.756845 5.756845 0.847339 0.847339 0.847339
4840 5.756845 5.756845 5.756845 0.847339 0.847339 0.847339
4850 5.756845 5.756845 5.756845 0.847339 0.847339 0.847339
4860 5.756845 5.756845 5.756845 0.847339 0.847339 0.847339
4870 5.756845 5.756845 5.756845 0.847339 0.847339 0.847339
4880 5.756845 5.756845 5.756845 0.847339 0.847339 0.847339
4890 5.756845 5.756845 5.756845 0.847339 0.847339 0.847339
4900 5.756845 5.756845 5.756845 0.847339 0.847339 0.847339
4910 5.756845 5.756845 5.756845 0.847339 0.847339 0.847339
4920 5.756845 5.756845 5.756845 0.847339 0.847339 0.847339
4930 5.756845 5.756845 5.756845 0.847339 0.847339 0.847339
4940 5.756845 5.756845 5.756845 0.847339 0.847339 0.847339
4950 5.756845 5.756845 5.756845 0.847339 0.847339 0.847339
4960 5.756845 5.756845 5.756845 0.847339 0.847339 0.847339
4970 5.756845 5.756845 5.756845 0.847339 0.847339 0.847339
4980 5.756845 5.756845 5.756845 0.847339 0.847339 0.847339
4990 5.756845 5.756845 5.756845 0.847339 0.847339 0.847339
5000 5.756845 5.756845 5.756845 0.847339 0.847339 0.847339
5010 5.756845 5.756845 5.756845 0.847339 0.847339 0.847339
5020 5.756845 5.756845 5.756845 0.847339 0.847339 0.847339
5030 5.756845 5.756845 5.756845 0.847339 0.847339 0.847339
5040 5.756845 5.756845 5.756845 0.847339 0.847339 0.847339
5050 5.756845 5.756845 5.756845 0.847339 0.847339 0.847339
5060 5.756845 5.756845 5.756845 0.847339 0.847339 0.847339
5070 5.756845 5.756845 5.756845 0.847339 0.847339 0.847339
5080 5.756845 5.756845 5.756845 0.847339 0.847339 0.847339
5090 5.756845 5.756845 5.756845 0.847339 0.847339 0.847339
5100 5.756845 5.756845 5.756845 0.847339 0.847339 0.847339
5110 5.756845 5.756845 5.756845 0.847339 0.847339 0.847339
5120 5.756845 5.756845 5.756845 0.847339 0.847339 0.847339
5130 5.756845 5.756845 5.756845 0.847339 0.847339 0.847339
5140 5.756845 5.756845 5.756845 0.847339 0.847339 0.847339
5150 5.756845 5.756845 5.756845 0.847339 0.847339 0.847339
5160 5.756845 5.756845 5.756845 0.847339 0.847339 0.847339
5170 5.756845 5.756845 5.756845 0.847339 0.847339 0.847339
5180 5.756845 5.756845 5.756845 0.847339 0.847339 0.847339
5190 5.756845 5.756845 5.756845 0.847339 0.847339 0.847339
5200 5.756845 5.756845 5.756845 0.847339 0.847339 0.847339
5210 5.756845 5.756845 5.756845 0.847339 0.847339 0.847339
5220 5.756845 5.756845 5.756845 0.847339 0.847339 0.847339
5230 5.756845 5.756845 5.756845 0.847339 0.847339 0.847339
5240 5.756845 5.756845 5.756845 0.847339 0.847339 0.847339
5250 5.756845 5.756845 5.756845 0.847339 0.847339 0.847339
5260 5.756845 5.756845 5.756845 0.847339 0.847339 0.847339
5270 5.756845 5.756845 5.756845 0.847339 0.847339 0.847339
5280 5.756845 5.756845 5.756845 0.847339 0.847339 0.847339
5290 5.756845 5.756845 5.756845 0.847339 0.847339 0.847339
5300 5.756845 5.756845 5.756845 0.847339 0.847339 0.847339
5310 5.756845 5.756845 5.756845 0.847339 0.847339 0.847339
5320 5.756845 5.756845 5.756845 0.847339 0.847339 0.847339
5330 5.756845 5.756845 5.756845 0.847339 0.847339 0.847339
5340 5.756845 5.756845 5.756845 0.847339 0.847339 0.847339
5350 5.756845 5.756845 5.756845 0.847339 0.847339 0.847339
5360 5.756845 5.756845 5.756845 0.847339 0.847339 0.847339
5370 5.756845 5.756845 5.756845 0.847339 0.847339 0.847339
5380 5.756845 5.756845 5.756845 0.847339 0.847339 0.847339
5390 5.756845 5.756845 5.756845 0.847339 0.847339 0.847339
5400 5.756845 5.756845 5.756845 0.847339 0.847339 0.847339
5410 5.756845 5.756845 5.756845 0.847339 0.847339 0.847339
5420 5.756845 5.756845 5.756845 0.847339 0.847339 0.847339
5430 5.756845 5.756845 5.756845 0.847339 0.847339 0.847339
5440 5.756845 5.756845 5.756845 0.847339 0.847339 0.847339
5450 5.756845 5.756845 5.756845 0.847339 0.847339 0.847339
5460 5.756845 5.756845 5.756845 0.847339 0.847339 0.847339
5470 5.756845 5.756845 5.756845 0.847339 0.847339 0.847339
5480 5.756845 5.756845 5.756845 0.847339 0.847339 0.847339
5490 5.756845 5.756845 5.756845 0.847339 0.847339 0.847339
5500 5.756845 5.756845 5.756845 0.847339 0.847339 0.847339
5510 5.756845 5.756845 5.756845 0.847339 0.847339 0.847339
5520 5.756845 5.756845 5.756845 0.847339 0.847339 0.847339
5530 5.756845 5.756845 5.756845 0.847339 0.847339 0.847339
5540 5.756845 5.756845 5.756845 0.847339 0.847339 0.847339
5550 5.756845 5.756845 5.756845 0.847339 0.847339 0.847339
5560 5.756845 5.756845 5.756845 0.847339 0.847339 0.847339
5570 5.756845 5.756845 5.756845 0.847339 0.847339 0.847339
5580 5.756845 5.756845 5.756845 0.847339 0.847339 0.847339
5590 5.756845 5.756845 5.756845 0.847339 0.847339 0.847339
5600 5.756845 5.756845 5.756845 0.847339 0.847339 0.847339
5610 5.756845 5.756845 5.756845 0.847339 0.847339 0.847339
5620 5.756845 5.756845 5.756845 0.847339 0.847339 0.847339
5630 5.756845 5.756845 5.756845 0.847339 0.847339 0.847339
5640 5.756845 5.756845 5.756845 0.847339 0.847339 0.847339
5650 5.756845 5.756845 5.756845 0.847339 0.847339 0.847339
5660 5.756845 5.756845 5.756845 0.847339 0.847339 0.847339
5670 5.756845 5.756845 5.756845 0.847339 0.847339 0.847339
5680 5.756845 5.756845 5.756845 0.847339 0.847339 0.847339
5690 5.756845 5.756845 5.756845 0.847339 0.847339 0.847339
5700 5.756845 5.756845 5.756845 0.847339 0.847339 0.847339
5710 5.756845 5.756845 5.756845 0.847339 0.847339 0.847339
5720 5.756845 5.756845 5.756845 0.847339 0.847339 0.847339
5730 5.756845 5.756845 5.756845 0.847339 0.847339 0.847339
5740 5.756845 5.756845 5.756845 0.847339 0.847339 0.847339
5750 5.756845 5.756845 5.756845 0.847339 0.847339 0.847339
5760 5.756845 5.756845 5.756845 0.847339 0.847339 0.847339
5770 5.756845 5.756845 5.756845 0.847339 0.847339 0.847339
5780 5.756845 5.756845 5.756845 0.847339 0.847339 0.847339
5790 5.756845 5.756845 5.756845 0.847339 0.847339 0.847339
5800 5.756845 5.756845 5.756845 0.847339 0.847339 0.847339
5810 5.756845 5.756845 5.756845 0.847339 0.847339 0.847339
5820 5.756845 5.756845 5.756845 0.847339 0.847339 0.847339
5830 5.756845 5.756845 5.756845 0.847339 0.847339 0.847339
5840 5.756845 5.756845 5.756845 0.847339 0.847339 0.847339
5850 5.756845 5.756845 5.756845 0.847339 0.847339 0.847339
5860 5.756845 5.756845 5.756845 0.847339 0.847339 0.847339
5870 5.756845 5.756845 5.756845 0.847339 0.847339 0.847339
5880 5.756845 5.756845 5.756845 0.847339 0.847339 0.847339
5890 5.756845 5.756845 5.756845 0.847339 0.847339 0.847339
5900 5.756845 5.756845 5.756845 0.847339 0.847339 0.847339
5910 5.756845 5.756845 5.756845 0.847339 0.847339 0.847339
5920 5.756845 5.756845 5.756845 0.847339 0.847339 0.847339
5930 5.756845 5.756845 5.756845 0.847339 0.847339 0.847339
5940 5.756845 5.756845 5.756845 0.847339 0.847339 0.847339
5950 5.756845 5.756845 5.756845 0.847339 0.847339 0.847339
5960 5.756845 5.756845 5.756845 0.847339 0.847339 0.847339
5970 5.756845 5.756845 5.756845 0.847339 0.847339 0.847339
5980 5.756845 5.756845 5.756845 0.847339 0.847339 0.847339
5990 5.756845 5.756845 5.756845 0.847339 0.847339 0.847339
6000 5.756845 5.756845 5.756845 0.847339 0.847339 0.847339
6010 5.756845 5.756845 5.756845 0.847339 0.847339 0.847339
6020 5.756845 5.756845 5.756845 0.847339 0.847339 0.847339
6030 5.756845 5.756845 5.756845 0.847339 0.847339 0.847339
6040 5.756845 5.756845 5.756845 0.847339 0.847339 0.847339
6050 5.756845 5.756845 5.756845 0.847339 0.847339 0.847339
6060 5.756845 5.756845 5.756845 0.847339 0.847339 0.847339
6070 5.756845 5.756845 5.756845 0.847339 0.847339 0.847339
6080 5.756845 5.756845 5.756845 0.847339 0.847339 0.847339
6090 5.756845 5.756845 5.756845 0.847339 0.847339 0.847339
6100 5.756845 5.756845 5.756845 0.847339 0.847339 0.847339
6110 5.756845 5.756845 5.756845 0.847339 0.847339 0.847339
6120 5.756845 5.756845 5.756845 0.847339 0.847339 0.847339
6130 5.756845 5.756845 5.756845 0.847339 0.847339 0.847339
6140 5.756845 5.756845 5.756845 0.847339 0.847339 0.847339
6150 5.756845 5.756845 5.756845 0.847339 0.847339 0.847339
6160 5.756845 5.756845 5.756845 0.847339 0.847339 0.847339
6170 5.756845 5.756845 5.756845 0.847339 0.847339 0.847339
6180 5.756845 5.756845 5.756845 0.847339 0.847339 0.847339
6190 5.756845 5.756845 5.756845 0.847339 0.847339 0.847339
6200 5.756845 5.756845 5.756845 0.847339 0.847339 0.847339
6210 5.756845 5.756845 5.756845 0.847339 0.847339 0.847339
6220 5.756845 5.756845 5.756845 0.847339 0.847339 0.847339
6230 5.756845 5.756845 5.756845 0.847339 0.847339 0.847339
6240 5.756845 5.756845 5.756845 0.847339 0.847339 0.847339
6250 5.756845 5.756845 5.756845 0.847339 0.847339 0.847339
6260 5.756845 5.756845 5.756845 0.847339 0.847339 0.847339
6270 5.756845 5.756845 5.756845 0.847339 0.847339 0.847339
6280 5.756845 5.756845 5.756845 0.847339 0.847339 0.847339
6290 5.756845 5.756845 5.756845 0.847339 0.847339 0.847339
6300 5.756845 5.756845 5.756845 0.847339 0.847339 0.847339
6310 5.756845 5.756845 5.756845 0.847339 0.847339 0.847339
6320 5.756845 5.756845 5.756845 0.847339 0.847339 0.847339
6330 5.756845 5.756845 5.756845 0.847339 0.847339 0.847339
6340 5.756845 5.756845 5.756845 0.847339 0.847339 0.847339
6350 5.756845 5.756845 5.756845 0.847339 0.847339 0.847339
6360 5.756845 5.756845 5.756845 0.847339 0.847339 0.847339
6370 5.756845 5.756845 5.756845 0.847339 0.847339 0.847339
6380 5.756845 5.756845 5.756845 0.847339 0.847339 0.847339
6390 5.756845 5.756845 5.756845 0.847339 0.847339 0.847339
6400 5.756845 5.756845 5.756845 0.847339 0.847339 0.847339
6410 5.756845 5.756845 5.756845 0.847339 0.847339 0.847339
6420 5.756845 5.756845 5.756845 0.847339 0.847339 0.847339
6430 5.756845 5.756845 5.756845 0.847339 0.847339 0.847339
6440 5.756845 5.756845 5.756845 0.847339 0.847339 0.847339
6450 5.756845 5.756845 5.756845 0.847339 0.847339 0.847339
6460 5.756845 5.756845 5.756845 0.847339 0.847339 0.847339
6470 5.756845 5.756845 5.756845 0.847339 0.847339 0.847339
6480 5.756845 5.756845 5.756845 0.847339 0.847339 0.847339
6490 5.756845 5.756845 5.756845 0.847339 0.847339 0.847339
6500 5.756845 5.756845 5.756845 0.847339 0.847339 0.847339
6510 5.756845 5.756845 5.756845 0.847339 0.847339 0.847339
6520 5.756845 5.756845 5.756845 0.847339 0.847339 0.847339
6530 5.756845 5.756845 5.756845 0.847339 0.847339 0.847339
6540 5.756845 5.756845 5.756845 0.847339 0.847339 0.847339
6550 5.756845 5.756845 5.756845 0.847339 0.847339 0.847339
6560 5.756845 5.756845 5.756845 0.847339 0.847339 0.847339
6570 5.756845 5.756845 5.756845 0.847339 0.847339 0.847339
6580 5.756845 5.756845 5.756845 0.847339 0.847339 0.847339
6590 5.756845 5.756845 5.756845 0.847339 0.847339 0.847339
6600 5.756845 5.756845 5.756845 0.847339 0.847339 0.847339
6610 5.756845 5.756845 5.756845 0.847339 0.847339 0.847339
6620 5.756845 5.756845 5.756845 0.847339 0.847339 0.847339
6630 5.756845 5.756845 5.756845 0.847339 0.847339 0.847339
6640 5.756845 5.756845 5.756845 0.847339 0.847339 0.847339
6650 5.756845 5.756845 5.756845 0.847339 0.847339 0.847339
6660 5.756845 5.756845 5.756845 0.847339 0.847339 0.847339
6670 5.756845 5.756845 5.756845 0.847339 0.847339 0.847339
6680 5.756845 5.756845 5.756845 0.847339 0.847339 0.847339
6690 5.756845 5.756845 5.756845 0.847339 0.847339 0.847339
6700 5.756845 5.756845 5.756845 0.847339 0.847339 0.847339
6710 5.756845 5.756845 5.756845 0.847339 0.847339 0.847339
6720 5.756845 5.756845 5.756845 0.847339 0.847339 0.847339
6730 5.756845 5.756845 5.756845 0.847339 0.847339 0.847339
6740 5.756845 5.756845 5.756845 0.847339 0.847339 0.847339
6750 5.756845 5.756845 5.756845 0.847339 0.847339 0.847339
6760 5.756845 5.756845 5.756845 0.847339 0.847339 0.847339
6770 5.756845 5.756845 5.756845 0.847339 0.847339 0.847339
6780 5.756845 5.756845 5.756845 0.847339 0.847339 0.847339
6790 5.756845 5.756845 5.756845 0.847339 0.847339 0.847339
6800 5.756845 5.756845 5.756845 0.847339 0.847339 0.847339
6810 5.756845 5.756845 5.756845 0.847339 0.847339 0.847339
6820 5.756845 5.756845 5.756845 0.847339 0.847339 0.847339
6830 5.756845 5.756845 5.756845 0.847339 0.847339 0.847339
6840 5.756845 5.756845 5.756845 0.847339 0.847339 0.847339
6850 5.756845 5.756845 5.756845 0.847339 0.847339 0.847339
6860 5.756845 5.756845 5.756845 0.847339 0.847339 0.847339
6870 5.756845 5.756845 5.756845 0.847339 0.847339 0.847339
6880 5.756845 5.756845 5.756845 0.847339 0.847339 0.847339
6890 5.756845 5.756845 5.756845 0.847339 0.847339 0.847339
6900 5.756845 5.756845 5.756845 0.847339 0.847339 0.847339
6910 5.756845 5.756845 5.756845 0.847339 0.847339 0.847339
6920 5.756845 5.756845 5.756845 0.847339 0.847339 0.847339
6930 5.756845 5.756845 5.756845 0.847339 0.847339 0.847339
6940 5.756845 5.756845 5.756845 0.847339 0.847339 0.847339
6950 5.756845 5.756845 5.756845 0.847339 0.847339 0.847339
6960 5.756845 5.756845 5.756845 0.847339 0.847339 0.847339
6970 5.756845 5.756845 5.756845 0.847339 0.847339 0.847339
6980 5.756845 5.756845 5.756845 0.847339 0.847339 0.847339
6990 5.756845 5.756845 5.756845 0.847339 0.847339 0.847339
7000 5.756845 5.756845 5.756845 0.847339 0.847339 0.847339
7010 5.756845 5.756845 5.756845 0.847339 0.847339 0.847339
7020 5.756845 5.756845 5.756845 0.847339 0.847339 0.847339
7030 5.756845 5.756845 5.756845 0.847339 0.847339 0.847339
7040 5.756845 5.756845 5.756845 0.847339 0.847339 0.847339
7050 5.756845 5.756845 5.756845 0.847339 0.847339 0.847339
7060 5.756845 5.756845 5.756845 0.847339 0.847339 0.847339
7070 5.756845 5.756845 5.756845 0.847339 0.847339 0.847339
7080 5.756845 5.756845 5.756845 0.847339 0.847339 0.847339
7090 5.756845 5.756845 5.756845 0.847339 0.847339 0.847339
7100 5.756845 5.756845 5.756845 0.847339 0.847339 0.847339
7110 5.756845 5.756845 5.756845 0.847339 0.847339 0.847339
7120 5.756845 5.756845 5.756845 0.847339 0.847339 0.847339
7130 5.756845 5.756845 5.756845 0.847339 0.847339 0.847339
7140 5.756845 5.756845 5.756845 0.847339 0.847339 0.847339
7150 5.756845 5.756845 5.756845 0.847339 0.847339 0.847339
7160 5.756845 5.756845 5.756845 0.847339 0.847339 0.847339
7170 5.756845 5.756845 5.756845 0.847339 0.847339 0.847339
7180 5.756845 5.756845 5.756845 0.847339 0.847339 0.847339
7190 5.756845 5.756845 5.756845 0.847339 0.847339 0.847339
7200 5.756845 5.756845 5.756845 0.847339 0.847339 0.847339
7210 5.756845 5.756845 5.756845 0.847339 0.847339 0.847339
7220 5.756845 5.756845 5.756845 0.847339 0.847339 0.847339
7230 5.756845 5.756845 5.756845 0.847339 0.847339 0.847339
7240 5.756845 5.756845 5.756845 0.847339 0.847339 0.847339
7250 5.756845 5.756845 5.756845 0.847339 0.847339 0.847339
7260 5.756845 5.756845 5.756845 0.847339 0.847339 0.847339
7270 5.756845 5.756845 5.756845 0.847339 0.847339 0.847339
7280 5.756845 5.756845 5.756845 0.847339 0.847339 0.847339
7290 5.756845 5.756845 5.756845 0.847339 0.847339 0.847339
7300 5.756845 5.756845 5.756845 0.847339 0.847339 0.847339
7310 5.756845 5.756845 5.756845 0.847339 0.847339 0.847339
7320 5.756845 5.756845 5.756845 0.847339 0.847339 0.847339
7330 5.756845 5.756845 5.756845 0.847339 0.847339 0.847339
7340 5.756845 5.756845 5.756845 0.847339 0.847339 0.847339
7350 5.756845 5.756845 5.756845 0.847339 0.847339 0.847339
7360 5.756845 5.756845 5.756845 0.847339 0.847339 0.847339
7370 5.756845 5.756845 5.756845 0.847339 0.847339 0.847339
7380 5.756845 5.756845 5.756845 0.847339 0.847339 0.847339
7390 5.756845 5.756845 5.756845 0.847339 0.847339 0.847339
7400 5.756845 5.756845 5.756845 0.847339 0.847339 0.847339
7410 5.756845 5.756845 5.756845 0.847339 0.847339 0.847339
7420 5.756845 5.756845 5.756845 0.847339 0.847339 0.847339
7430 5.756845 5.756845 5.756845 0.847339 0.847339 0.847339
7440 5.756845 5.756845 5.756845 0.847339 0.847339 0.847339
7450 5.756845 5.756845 5.756845 0.847339 0.847339 0.847339
7460 5.756845 5.756845 5.756845 0.847339 0.847339 0.847339
7470 5.756845 5.756845 5.756845 0.847339 0.847339 0.847339
7480 5.756845 5.756845 5.756845 0.847339 0.847339 0.847339
7490 5.756845 5.756845 5.756845 0.847339 0.847339 0.847339
7500 5.756845 5.756845 5.756845 0.847339 0.847339 0.847339
7510 5.756845 5.756845 5.756845 0.847339 0.847339 0.847339
7520 5.756845 5.756845 5.756845 0.847339 0.847339 0.847339
7530 5.756845 5.756845 5.756845 0.847339 0.847339 0.847339
7540 5.756845 5.756845 5.756845 0.847339 0.847339 0.847339
7550 5.756845 5.756845 5.756845 0.847339 0.847339 0.847339
7560 5.756845 5.756845 5.756845 0.847339 0.847339 0.847339
7570 5.756845 5.756845 5.756845 0.847339 0.847339 0.847339
7580 5.756845 5.756845 5.756845 0.847339 0.847339 0.847339
7590 5.756845 5.756845 5.756845 0.847339 0.847339 0.847339
7600 5.756845 5.756845 5.756845 0.847339 0.847339 0.847339
7610 5.756845 5.756845 5.756845 0.847339 0.847339 0.847339
7620 5.756845 5.756845 5.756845 0.847339 0.847339 0.847339
7630 5.756845 5.756845 5.756845 0.847339 0.847339 0.847339
7640 5.756845 5.756845 5.756845 0.847339 0.847339 0.847339
7650 5.756845 5.756845 5.756845 0.847339 0.847339 0.847339
7660 5.756845 5.756845 5.756845 0.847339 0.847339 0.847339
7670 5.756845 5.756845 5.756845 0.847339 0.847339 0.847339
7680 5.756845 5.756845 5.756845 0.847339 0.847339 0.847339
7690 5.756845 5.756845 5.756845 0.847339 0.847339 0.847339
7700 5.756845 5.756845 5.756845 0.847339 0.847339 0.847339
7710 5.756845 5.756845 5.756845 0.847339 0.847339 0.847339
7720 5.756845 5.756845 5.756845 0.847339 0.847339 0.847339
7730 5.756845 5.756845 5.756845 0.847339 0.847339 0.847339
7740 5.756845 5.756845 5.756845 0.847339 0.847339 0.847339
7750 5.756845 5.756845 5.756845 0.847339 0.847339 0.847339
7760 5.756845 5.756845 5.756845 0.847339 0.847339 0.847339
7770 5.756845 5.756845 5.756845 0.847339 0.847339 0.847339
7780 5.756845 5.756845 5.756845 0.847339 0.847339 0.847339
7790 5.756845 5.756845 5.756845 0.847339 0.847339 0.847339
7800 5.756845 5.756845 5.756845 0.847339 0.847339 0.847339
7810 5.756845 5.756845 5.756845 0.847339 0.847339 0.847339
7820 5.756845 5.756845 5.756845 0.847339 0.847339 0.847339
7830 5.756845 5.756845 5.756845 0.847339 0.847339 0.847339
7840 5.756845 5.756845 5.756845 0.847339 0.847339 0.847339
7850 5.756845 5.756845 5.756845 0.847339 0.847339 0.847339
7860 5.756845 5.756845 5.756845 0.847339 0.847339 0.847339
7870 5.756845 5.756845 5.756845 0.847339 0.847339 0.847339
7880 5.756845 5.756845 5.756845 0.847339 0.847339 0.847339
7890 5.756845 5.756845 5.756845 0.847339 0.847339 0.847339
7900 5.756845 5.756845 5.756845 0.847339 0.847339 0.847339
7910 5.756845 5.756845 5.756845 0.847339 0.847339 0.847339
7920 5.756845 5.756845 5.756845 0.847339 0.847339 0.847339
7930 5.756845 5.756845 5.756845 0.847339 0.847339 0.847339
7940 5.756845 5.756845 5.756845 0.847339 0.847339 0.847339
7950 5.756845 5.756845 5.756845 0.847339 0.847339 0.847339
7960 5.756845 5.756845 5.756845 0.847339 0.847339 0.847339
7970 5.756845 5.756845 5.756845 0.847339 0.847339 0.847339
7980 5.756845 5.756845 5.756845 0.847339 0.847339 0.847339
7990 5.756845 5.756845 5.756845 0.847339 0.847339 0.847339
8000 5.756845 5.756845 5.756845 0.847339 0.847339 0.847339
8010 5.756845 5.756845 5.756845 0.847339 0.847339 0.847339
8020 5.756845 5.756845 5.756845 0.847339 0.847339 0.847339
8030 5.756845 5.756845 5.756845 0.847339 0.847339 0.847339
8040 5.756845 5.756845 5.756845 0.847339 0.847339 0.847339
8050 5.756845 5.756845 5.756845 0.847339 0.847339 0.847339
8060 5.756845 5.756845 5.756845 0.847339 0.847339 0.847339
8070 5.756845 5.756845 5.756845 0.847339 0.847339 0.847339
8080 5.756845 5.756845 5.756845 0.847339 0.847339 0.847339
8090 5.756845 5.756845 5.756845 0.847339 0.847339 0.847339
8100 5.756845 5.756845 5.756845 0.847339 0.847339 0.847339
8110 5.756845 5.756845 5.756845 0.847339 0.847339 0.847339
8120 5.756845 5.756845 5.756845 0.847339 0.847339 0.847339
8130 5.756845 5.756845 5.756845 0.847339 0.847339 0.847339
8140 5.756845 5.756845 5.756845 0.847339 0.847339 0.847339
8150 5.756845 5.756845 5.756845 0.847339 0.847339 0.847339
8160 5.756845 5.756845 5.756845 0.847339 0.847339 0.847339
8170 5.756845 5.756845 5.756845 0.847339 0.847339 0.847339
8180 5.756845 5.756845 5.756845 0.847339 0.847339 0.847339
8190 5.756845 5.756845 5.756845 0.847339 0.847339 0.847339
8200 5.756845 5.756845 5.756845 0.847339 0.847339 0.847339
8210 5.756845 5.756845 5.756845 0.847339 0.847339 0.847339
8220 5.756845 5.756845 5.756845 0.847339 0.847339 0.847339
8230 5.756845 5.756845 5.756845 0.847339 0.847339 0.847339
8240 5.756845 5.756845 5.756845 0.847339 0.847339 0.847339
8250 5.756845 5.756845 5.756845 0.847339 0.847339 0.847339
8260 5.756845 5.756845 5.756845 0.847339 0.847339 0.847339
8270 5.756845 5.756845 5.756845 0.847339 0.847339 0.847339
8280 5.756845 5.756845 5.756845 0.847339 0.847339 0.847339
8290 5.756845 5.756845 5.756845 0.847339 0.847339 0.847339
8300 5.756845 5.756845 5.756845 0.847339 0.847339 0.847339
8310 5.756845 5.756845 5.756845 0.847339 0.847339 0.847339
8320 5.756845 5.756845 5.756845 0.847339 0.847339 0.847339
8330 5.756845 5.756845 5.756845 0.847339 0.847339 0.847339
8340 5.756845 5.756845 5.756845 0.847339 0.847339 0.847339
8350 5.756845 5.756845 5.756845 0.847339 0.847339 0.847339
8360 5.756845 5.756845 5.756845 0.847339 0.847339 0.847339
8370 5.756845 5.756845 5.756845 0.847339 0.847339 0.847339
8380 5.756845 5.756845 5.756845 0.847339 0.847339 0.847339
8390 5.756845 5.756845 5.756845 0.847339 0.847339 0.847339
8400 5.756845 5.756845 5.756845 0.847339 0.847339 0.847339
8410 5.756845 5.756845 5.756845 0.847339 0.847339 0.847339
8420 5.756845 5.756845 5.756845 0.847339 0.847339 0.847339
8430 5.756845 5.756845 5.756845 0.847339 0.847339 0.847339
8440 5.756845 5.756845 5.756845 0.847339 0.847339 0.847339
8450 5.756845 5.756845 5.756845 0.847339 0.847339 0.847339
8460 5.756845 5.756845 5.756845 0.847339 0.847339 0.847339
8470 5.756845 5.756845 5.756845 0.847339 0.847339 0.847339
8480 5.756845 5.756845 5.756845 0.847339 0.847339 0.847339
8490 5.756845 5.756845 5.756845 0.847339 0.847339 0.847339
8500 5.756845 5.756845 5.756845 0.847339 0.847339 0.847339
8510 5.756845 5.756845 5.756845 0.847339 0.847339 0.847339
8520 5.756845 5.756845 5.756845 0.847339 0.847339 0.847339
8530 5.756845 5.756845 5.756845 0.847339 0.847339 0.847339
8540 5.756845 5.756845 5.756845 0.847339 0.847339 0.847339
8550 5.756845 5.756845 5.756845 0.847339 0.847339 0.847339
8560 5.756845 5.756845 5.756845 0.847339 0.847339 0.847339
8570 5.756845 5.756845 5.756845 0.847339 0.847339 0.847339
8580 5.756845 5.756845 5.756845 0.847339 0.847339 0.847339
8590 5.756845 5.756845 5.756845 0.847339 0.847339 0.847339
8600 5.756845 5.756845 5.756845 0.847339 0.847339 0.847339
8610 5.756845 5.756845 5.756845 0.847339 0.847339 0.847339
8620 5.756845 5.756845 5.756845 0.847339 0.847339 0.847339
8630 5.756845 5.756845 5.756845 0.847339 0.847339 0.847339
8640 5.756845 5.756845 5.756845 0.847339 0.847339 0.847339
8650 5.756845 5.756845 5.756845 0.847339 0.847339 0.847339
8660 5.756845 5.756845 5.756845 0.847339 0.847339 0.847339
8670 5.756845 5.756845 5.756845 0.847339 0.847339 0.847339
8680 5.756845 5.756845 5.756845 0.847339 0.847339 0.847339
8690 5.756845 5.756845 5.756845 0.847339 0.847339 0.847339
8700 5.756845 5.756845 5.756845 0.847339 0.847339 0.847339
8710 5.756845 5.756845 5.756845 0.847339 0.847339 0.847339
8720 5.756845 5.756845 5.756845 0.847339 0.847339 0.847339
8730 5.756845 5.756845 5.756845 0.847339 0.847339 0.847339
8740 5.756845 5.756845 5.756845 0.847339 0.847339 0.847339
8750 5.756845 5.756845 5.756845 0.847339 0.847339 0.847339
8760 5.756845 5.756845 5.756845 0.847339 0.847339 0.847339
8770 5.756845 5.756845 5.756845 0.847339 0.847339 0.847339
8780 5.756845 5.756845 5.756845 0.847339 0.847339 0.847339
8790 5.756845 5.756845 5.756845 0.847339 0.847339 0.847339
8800 5.756845 5.756845 5.756845 0.847339 0.847339 0.847339
8810 5.756845 5.756845 5.756845 0.847339 0.847339 0.847339
8820 5.756845 5.756845 5.756845 0.847339 0.847339 0.847339
8830 5.756845 5.756845 5.756845 0.847339 0.847339 0.847339
8840 5.756845 5.756845 5.756845 0.847339 0.847339 0.847339
8850 5.756845 5.756845 5.756845 0.847339 0.847339 0.847339
8860 5.756845 5.756845 5.756845 0.847339 0.847339 0.847339
8870 5.756845 5.756845 5.756845 0.847339 0.847339 0.847339
8880 5.756845 5.756845 5.756845 0.847339 0.847339 0.847339
8890 5.756845 5.756845 5.756845 0.847339 0.847339 0.847339
8900 5.756845 5.756845 5.756845 0.847339 0.847339 0.847339
8910 5.756845 5.756845 5.756845 0.847339 0.847339 0.847339
8920 5.756845 5.756845 5.756845 0.847339 0.847339 0.847339
8930 5.756845 5.756845 5.756845 0.847339 0.847339 0.847339
8940 5.756845 5.756845 5.756845 0.847339 0.847339 0.847339
8950 5.756845 5.756845 5.756845 0.847339 0.847339 0.847339
8960 5.756845 5.756845 5.756845 0.847339 0.847339 0.847339
8970 5.756845 5.756845 5.756845 0.847339 0.847339 0.847339
8980 5.756845 5.756845 5.756845 0.847339 0.847339 0.847339
8990 5.756845 5.756845 5.756845 0.847339 0.847339 0.847339
9000 5.756845 5.756845 5.756845 0.847339 0.847339 0.847339
9010 5.756845 5.756845 5.756845 0.847339 0.847339 0.847339
9020 5.756845 5.756845 5.756845 0.847339 0.847339 0.847339
9030 5.756845 5.756845 5.756845 0.847339 0.847339 0.847339
9040 5.756845 5.756845 5.756845 0.847339 0.847339 0.847339
9050 5.756845 5.756845 5.756845 0.847339 0.847339 0.847339
9060 5.756845 5.756845 5.756845 0.847339 0.847339 0.847339
9070 5.756845 5.756845 5.756845 0.847339 0.847339 0.847339
9080 5.756845 5.756845 5.756845 0.847339 0.847339 0.847339
9090 5.756845 5.756845 5.756845 0.847339 0.847339 0.847339
9100 5.756845 5.756845 5.756845 0.847339 0.847339 0.847339
9110 5.756845 5.756845 5.756845 0.847339 0.847339 0.847339
9120 5.756845 5.756845 5.756845 0.847339 0.847339 0.847339
9130 5.756845 5.756845 5.756845 0.847339 0.847339 0.847339
9140 5.756845 5.756845 5.756845 0.847339 0.847339 0.847339
9150 5.756845 5.756845 5.756845 0.847339 0.847339 0.847339
9160 5.756845 5.756845 5.756845 0.847339 0.847339 0.847339
9170 5.756845 5.756845 5.756845 0.847339 0.847339 0.847339
9180 5.756845 5.756845 5.756845 0.847339 0.847339 0.847339
9190 5.756845 5.756845 5.756845 0.847339 0.847339 0.847339
9200 5.756845 5.756845 5.756845 0.847339 0.847339 0.847339
9210 5.756845 5.756845 5.756845 0.847339 0.847339 0.847339
9220 5.756845 5.756845 5.756845 0.847339 0.847339 0.847339
9230 5.756845 5.756845 5.756845 0.847339 0.847339 0.847339
9240 5.756845 5.756845 5.756845 0.847339 0.847339 0.847339
9250 5.756845 5.756845 5.756845 0.847339 0.847339 0.847339
9260 5.756845 5.756845 5.756845 0.847339 0.847339 0.847339
9270 5.756845 5.756845 5.756845 0.847339 0.847339 0.847339
9280 5.756845 5.756845 5.756845 0.847339 0.847339 0.847339
9290 5.756845 5.756845 5.756845 0.847339 0.847339 0.847339
9300 5.756845 5.756845 5.756845 0.847339 0.847339 0.847339
9310 5.756845 5.756845 5.756845 0.847339 0.847339 0.847339
9320 5.756845 5.756845 5.756845 0.847339 0.847339 0.847339
9330 5.756845 5.756845 5.756845 0.847339 0.847339 0.847339
9340 5.756845 5.756845 5.756845 0.847339 0.847339 0.847339
9350 5.756845 5.756845 5.756845 0.847339 0.847339 0.847339
9360 5.756845 5.756845 5.756845 0.847339 0.847339 0.847339
9370 5.756845 5.756845 5.756845 0.847339 0.847339 0.847339
9380 5.756845 5.756845 5.756845 0.847339 0.847339 0.847339
9390 5.756845 5.756845 5.756845 0.847339 0.847339 0.847339
9400 5.756845 5.756845 5.756845 0.847339 0.847339 0.847339
9410 5.756845 5.756845 5.756845 0.847339 0.847339 0.847339
9420 5.756845 5.756845 5.756845 0.847339 0.847339 0.847339
9430 5.756845 5.756845 5.756845 0.847339 0.847339 0.847339
9440 5.756845 5.756845 5.756845 0.847339 0.847339 0.847339
9450 5.756845 5.756845 5.756845 0.847339 0.847339 0.847339
9460 5.756845 5.756845 5.756845 0.847339 0.847339 0.847339
9470 5.756845 5.756845 5.756845 0.847339 0.847339 0.847339
9480 5.756845 5.756845 5.756845 0.847339 0.847339 0.847339
9490 5.756845 5.756845 5.756845 0.847339 0.847339 0.847339
9500 5.756845 5.756845 5.756845 0.847339 0.847339 0.847339
9510 5.756845 5.756845 5.756845 0.847339 0.847339 0.847339
9520 5.756845 5.756845 5.756845 0.847339 0.847339 0.847339
9530 5.756845 5.756845 5.756845 0.847339 0.847339 0.847339
9540 5.756845 5.756845 5.756845 0.847339 0.847339 0.847339
9550 5.756845 5.756845 5.756845 0.847339 0.847339 0.847339
9560 5.756845 5.756845 5.756845 0.847339 0.847339 0.847339
9570 5.756845 5.756845 5.756845 0.847339 0.847339 0.847339
9580 5.756845 5.756845 5.756845 0.847339 0.847339 0.847339
9590 5.756845 5.756845 5.756845 0.847339 0.847339 0.847339
9600 5.756845 5.756845 5.756845 0.847339 0.847339 0.847339
9610 5.756845 5.756845 5.756845 0.847339 0.847339 0.847339
9620 5.756845 5.756845 5.756845 0.847339 0.847339 0.847339
9630 5.756845 5.756845 5.756845 0.847339 0.847339 0.847339
9640 5.756845 5.756845 5.756845 0.847339 0.847339 0.847339
9650 5.756845 5.756845 5.756845 0.847339 0.847339 0.847339
9660 5.756845 5.756845 5.756845 0.847339 0.847339 0.847339
9670 5.756845 5.756845 5.756845 0.847339 0.847339 0.847339
9680 5.756845 5.756845 5.756845 0.847339 0.847339 0.847339
9690 5.756845 5.756845 5.756845 0.847339 0.847339 0.847339
9700 5.756845 5.756845 5.756845 0.847339 0.847339 0.847339
9710 5.756845 5.756845 5.756845 0.847339 0.847339 0.847339
9720 5.756845 5.756845 5.756845 0.847339 0.847339 0.847339
9730 5.756845 5.756845 5.756845 0.847339 0.847339 0.847339
9740 5.756845 5.756845 5.756845 0.847339 0.847339 0.847339
9750 5.756845 5.756845 5.756845 0.847339 0.847339 0.847339
9760 5.756845 5.756845 5.756845 0.847339 0.847339 0.847339
9770 5.756845 5.756845 5.756845 0.847339 0.847339 0.847339
9780 5.756845 5.756845 5.756845 0.847339 0.847339 0.847339
9790 5.756845 5.756845 5.756845 0.847339 0.847339 0.847339
9800 5.756845 5.756845 5.756845 0.847339 0.847339 0.847339
9810 5.756845 5.756845 5.756845 0.847339 0.847339 0.847339
9820 5.756845 5.756845 5.756845 0.847339 0.847339 0.847339
9830 5.756845 5.756845 5.756845 0.847339 0.847339 0.847339
9840 5.756845 5.756845 5.756845 0.847339 0.847339 0.847339
9850 5.756845 5.756845 5.756845 0.847339 0.847339 0.847339
9860 5.756845 5.756845 5.756845 0.847339 0.847339 0.847339
9870 5.756845 5.756845 5.756845 0.847339 0.847339 0.847339
9880 5.756845 5.756845 5.756845 0.847339 0.847339 0.847339
9890 5.756845 5.756845 5.756845 0.847339 0.847339 0.847339
9900 5.756845 5.756845 5.756845 0.847339 0.847339 0.847339
9910 5.756845 5.756845 5.756845 0.847339 0.847339 0.847339
9920 5.756845 5.756845 5.756845 0.847339 0.847339 0.847339
9930 5.756845 5.756845 5.756845 0.847339 0.847339 0.847339
9940 5.756845 5.756845 5.756845 0.847339 0.847339 0.847339
9950 5.756845 5.756845 5.756845 0.847339 0.847339 0.847339
9960 5.756845 5.756845 5.756845 0.847339 0.847339 0.847339
9970 5.756845 5.756845 5.756845 0.847339 0.847339 0.847339
9980 5.756845 5.756845 5.756845 0.847339 0.847339 0.847339
9990 5.756845 5.756845 5.756845 0.847339 0.847339 0.847339
10000 5.756845 5.756845 5.756845 0.847339 0.847339 0.847339
