# generation power_min power_avg power_max util_min util_avg util_max
1 19.287800 14.346158 19.287800 0.805508 1.111232 1.495944
10 11.033475 14.174634 16.199889 0.805508 1.080824 1.383711
20 11.033475 13.922180 16.199889 0.799727 1.049389 1.303353
30 10.388267 13.645553 16.199889 0.799727 1.025296 1.303353
40 10.388267 13.402885 16.199889 0.799727 1.001571 1.239358
50 10.007410 13.202366 16.199889 0.764806 0.977996 1.184214
60 10.007410 12.981884 15.582858 0.764806 0.964604 1.137657
70 9.984021 12.781050 15.103705 0.764806 0.950083 1.137657
80 9.513560 12.471086 14.470849 0.759414 0.940761 1.103788
90 9.052904 12.159221 14.109551 0.657669 0.933325 1.103788
100 9.052904 11.924048 13.506162 0.657669 0.925963 1.064058
110 9.052904 11.734351 13.377910 0.657669 0.915023 1.064058
120 9.052904 11.446843 12.959054 0.657669 0.907507 1.064058
130 9.052904 11.214551 12.701302 0.657669 0.902641 1.064058
140 8.560047 10.919860 12.487504 0.580738 0.889508 1.064058
150 8.560047 10.664794 12.340364 0.580738 0.879171 1.064058
160 8.484179 10.424310 12.081042 0.580738 0.865364 1.013283
170 8.399013 10.163346 11.780788 0.580738 0.851920 0.999590
180 8.399013 9.922155 11.371878 0.580738 0.840710 0.999590
190 8.399013 9.719244 11.113254 0.544389 0.826267 0.999590
200 8.286933 9.510473 10.672986 0.544389 0.812953 0.999590
210 8.286933 9.376291 10.306567 0.524067 0.794537 0.994470
220 8.082855 9.243733 9.942260 0.524067 0.780346 0.964170
230 8.082855 9.108102 9.739656 0.524067 0.764204 0.964170
240 8.082855 8.995431 9.641502 0.524067 0.759531 0.964170
250 8.048038 8.888569 9.458270 0.517959 0.757405 1.000858
260 7.848633 8.782061 9.379652 0.517959 0.750481 1.000858
270 7.847140 8.664046 9.268457 0.517959 0.739226 1.000858
280 7.530391 8.555611 9.181015 0.517959 0.737391 1.000858
290 7.217837 8.438931 9.037409 0.517959 0.724913 1.000858
300 7.217837 8.339752 8.938115 0.517959 0.708224 1.000858
310 7.007826 8.221603 8.821001 0.517959 0.697535 1.000858
320 7.007826 8.138718 8.596595 0.517148 0.689778 1.000858
330 7.007826 8.051187 8.494206 0.517148 0.674932 1.000858
340 7.007826 7.949469 8.452553 0.517148 0.660629 1.000858
350 6.892404 7.830216 8.387503 0.509010 0.647087 1.000858
360 6.892404 7.723880 8.290550 0.502281 0.640029 1.000858
370 6.494312 7.591522 8.190665 0.502281 0.637059 1.000858
380 6.494312 7.482918 8.092452 0.502281 0.636137 1.000858
390 6.469493 7.363924 8.001103 0.502281 0.628813 0.828075
400 6.469493 7.250322 7.878519 0.502281 0.628575 0.800642
410 6.469493 7.144409 7.802959 0.502281 0.627975 0.754437
420 6.453411 7.038323 7.668403 0.502281 0.631987 0.754437
430 6.441866 6.933594 7.556998 0.502281 0.636892 0.754437
440 6.393780 6.842378 7.377581 0.502281 0.640672 0.754437
450 6.391733 6.765373 7.216152 0.544587 0.647650 0.754437
460 6.239858 6.698969 7.055619 0.544587 0.650991 0.754437
470 6.239858 6.642419 6.960032 0.551699 0.652203 0.754437
480 6.239858 6.590675 6.903627 0.551699 0.651256 0.754437
490 6.136138 6.531297 6.860311 0.551699 0.648909 0.748977
500 6.093223 6.474397 6.791291 0.551699 0.646658 0.748977
510 6.093223 6.428418 6.691005 0.535104 0.649874 0.748977
520 6.093223 6.380225 6.626294 0.535104 0.648216 0.716583
530 5.941315 6.339822 6.571787 0.535104 0.647085 0.716583
540 5.941315 6.298543 6.496786 0.535104 0.644606 0.716583
550 5.877708 6.266384 6.469493 0.535104 0.644797 0.716583
560 5.877708 6.225567 6.426268 0.535104 0.639801 0.716583
570 5.845392 6.187870 6.391733 0.535104 0.637007 0.716583
580 5.796864 6.147889 6.361206 0.535104 0.633332 0.716583
590 5.678509 6.105248 6.310958 0.533340 0.628006 0.676684
600 5.678509 6.064449 6.285815 0.533340 0.624379 0.677141
610 5.678509 6.024280 6.269409 0.533340 0.621881 0.677141
620 5.678509 5.990468 6.209176 0.533340 0.622885 0.677141
630 5.615839 5.958304 6.136751 0.533340 0.624628 0.677141
640 5.615839 5.931936 6.106243 0.533340 0.623328 0.677141
650 5.611279 5.900170 6.086125 0.533340 0.624477 0.677141
660 5.611279 5.877292 6.045274 0.533340 0.621668 0.677141
670 5.605904 5.851738 5.973206 0.533340 0.620272 0.677141
680 5.553179 5.823503 5.958797 0.533340 0.615077 0.677141
690 5.516589 5.800015 5.904836 0.533340 0.613802 0.677141
700 5.516589 5.774469 5.899395 0.533340 0.607223 0.677141
710 5.485891 5.749422 5.895190 0.533340 0.600344 0.677141
720 5.472788 5.719663 5.870916 0.533340 0.595601 0.677141
730 5.472788 5.694675 5.845629 0.533340 0.594216 0.677141
740 5.472788 5.665852 5.827322 0.533340 0.586405 0.666086
750 5.471626 5.638171 5.799665 0.533340 0.580234 0.663008
760 5.442090 5.613000 5.769473 0.533340 0.571255 0.663008
770 5.442090 5.593400 5.717783 0.533340 0.569932 0.663008
780 5.404444 5.572175 5.710711 0.533340 0.569254 0.663008
790 5.404444 5.552349 5.700124 0.533340 0.568004 0.663008
800 5.404444 5.535785 5.621750 0.533878 0.567151 0.663008
810 5.404444 5.523908 5.614327 0.533878 0.566986 0.663008
820 5.404444 5.511222 5.605904 0.533878 0.563578 0.663008
830 5.376834 5.502378 5.553179 0.533878 0.559923 0.574395
840 5.376834 5.499364 5.519400 0.533878 0.560248 0.574395
850 5.376834 5.495515 5.516352 0.533878 0.561368 0.574526
860 5.376834 5.491137 5.516352 0.533878 0.561983 0.574526
870 5.362805 5.484186 5.513501 0.533878 0.562431 0.574526
880 5.301638 5.477737 5.513265 0.531575 0.563341 0.574526
890 5.301638 5.468489 5.513265 0.531575 0.563969 0.574526
900 5.301638 5.461095 5.513265 0.531575 0.564521 0.574526
910 5.301638 5.450552 5.512328 0.531575 0.564915 0.574526
920 5.301638 5.442811 5.485655 0.531575 0.564082 0.574526
930 5.301638 5.434064 5.485655 0.531575 0.563292 0.574526
940 5.255953 5.420623 5.483382 0.531575 0.561587 0.574526
950 5.255953 5.412086 5.471626 0.531575 0.561038 0.572893
960 5.255953 5.396939 5.469700 0.531575 0.558980 0.572893
970 5.255953 5.382833 5.445812 0.531575 0.557751 0.572893
980 5.255953 5.370611 5.442090 0.531575 0.555804 0.572893
990 5.255953 5.357009 5.442090 0.531575 0.553656 0.572893
1000 5.255953 5.342237 5.439817 0.531575 0.551196 0.572893
1010 5.226594 5.327468 5.396878 0.531575 0.549999 0.572893
1020 5.198984 5.314275 5.382849 0.531575 0.547448 0.572893
1030 5.198984 5.303274 5.376834 0.531575 0.545611 0.571964
1040 5.198984 5.291966 5.362805 0.531575 0.545082 0.550278
1050 5.198984 5.280106 5.360880 0.531575 0.545314 0.550278
1060 5.198984 5.269734 5.333270 0.531575 0.545686 0.550278
1070 5.197611 5.262242 5.288057 0.533878 0.546569 0.550278
1080 5.197611 5.256348 5.287761 0.533878 0.546477 0.550278
1090 5.197611 5.248040 5.287761 0.533878 0.546501 0.550278
1100 5.197611 5.242205 5.274028 0.533878 0.546574 0.550278
1110 5.197611 5.234687 5.274028 0.533878 0.546825 0.550278
1120 5.197611 5.227169 5.274028 0.533878 0.547075 0.550278
1130 5.197611 5.219664 5.274028 0.533878 0.547306 0.550278
1140 5.196711 5.212137 5.274028 0.533878 0.547560 0.550278
1150 5.196711 5.204619 5.258225 0.533878 0.547811 0.550278
1160 5.196711 5.199168 5.226594 0.533878 0.547833 0.550278
1170 5.196711 5.198833 5.198984 0.547847 0.548041 0.550278
1180 5.196711 5.198819 5.198984 0.547847 0.548062 0.550278
1190 5.196711 5.198806 5.198984 0.547847 0.548082 0.550278
1200 5.196711 5.198792 5.198984 0.547847 0.548102 0.550278
1210 5.196711 5.198778 5.198984 0.547847 0.548123 0.550278
1220 5.196711 5.198742 5.198984 0.547847 0.548167 0.550278
1230 5.191651 5.198627 5.198984 0.547847 0.548257 0.550741
1240 5.191651 5.198476 5.198984 0.547847 0.548392 0.550741
1250 5.191651 5.198339 5.198984 0.547847 0.548506 0.550741
1260 5.191651 5.198234 5.198984 0.547847 0.548652 0.550741
1270 5.191651 5.198046 5.198984 0.547847 0.548831 0.550741
1280 5.191651 5.197864 5.198984 0.547847 0.548994 0.550741
1290 5.191651 5.197580 5.198984 0.547847 0.549226 0.550741
1300 5.191651 5.197297 5.198984 0.547847 0.549458 0.550741
1310 5.191651 5.196885 5.198984 0.547847 0.549712 0.550741
1320 5.191651 5.196354 5.198984 0.547847 0.549983 0.550741
1330 5.191651 5.195901 5.197611 0.549877 0.550208 0.550741
1340 5.191651 5.195466 5.197611 0.549877 0.550277 0.550741
1350 5.191651 5.194921 5.197611 0.549877 0.550359 0.550741
1360 5.190752 5.194459 5.197611 0.549877 0.550439 0.551142
1370 5.190752 5.193955 5.197611 0.549877 0.550520 0.551142
1380 5.190752 5.193395 5.196711 0.550278 0.550591 0.551142
1390 5.190752 5.192871 5.196711 0.550278 0.550645 0.551142
1400 5.186961 5.192291 5.196711 0.550278 0.550709 0.551272
1410 5.186961 5.191767 5.196711 0.550278 0.550763 0.551272
1420 5.186961 5.191514 5.191651 0.550741 0.550786 0.551272
1430 5.186961 5.191458 5.191651 0.550741 0.550796 0.551272
1440 5.186961 5.191413 5.191651 0.550741 0.550816 0.551272
1450 5.186961 5.191331 5.191651 0.550741 0.550837 0.551272
1460 5.186961 5.191221 5.191651 0.550741 0.550870 0.551272
1470 5.186961 5.191147 5.191651 0.550741 0.550888 0.551272
1480 5.186961 5.191066 5.191651 0.550741 0.550924 0.551272
1490 5.186961 5.190880 5.191651 0.550741 0.550960 0.551272
1500 5.186961 5.190770 5.191651 0.550741 0.550993 0.551272
1510 5.186961 5.190567 5.191651 0.550741 0.551037 0.551272
1520 5.186961 5.190477 5.191651 0.550741 0.551077 0.551272
1530 5.186961 5.190235 5.191651 0.550741 0.551123 0.551272
1540 5.186961 5.190107 5.190752 0.551142 0.551164 0.551272
1550 5.186961 5.189842 5.190752 0.551142 0.551173 0.551272
1560 5.186961 5.189614 5.190752 0.551142 0.551181 0.551272
1570 5.186961 5.189463 5.190752 0.551142 0.551186 0.551272
1580 5.186961 5.189197 5.190752 0.551142 0.551195 0.551272
1590 5.186961 5.188856 5.190752 0.551142 0.551207 0.551272
1600 5.186961 5.188477 5.190752 0.551142 0.551220 0.551272
1610 5.186961 5.188098 5.190752 0.551142 0.551233 0.551272
1620 5.186961 5.187719 5.190752 0.551142 0.551246 0.551272
1630 5.186961 5.187340 5.190752 0.551142 0.551259 0.551272
1640 5.186961 5.186961 5.186961 0.551272 0.551272 0.551272
1650 5.186961 5.186961 5.186961 0.551272 0.551272 0.551272
1660 5.186961 5.186961 5.186961 0.551272 0.551272 0.551272
1670 5.186961 5.186961 5.186961 0.551272 0.551272 0.551272
1680 5.186961 5.186961 5.186961 0.551272 0.551272 0.551272
1690 5.186961 5.186961 5.186961 0.551272 0.551272 0.551272
1700 5.186961 5.186961 5.186961 0.551272 0.551272 0.551272
1710 5.186961 5.186961 5.186961 0.551272 0.551272 0.551272
1720 5.186961 5.186961 5.186961 0.551272 0.551272 0.551272
1730 5.186961 5.186961 5.186961 0.551272 0.551272 0.551272
1740 5.186961 5.186961 5.186961 0.551272 0.551272 0.551272
1750 5.186961 5.186961 5.186961 0.551272 0.551272 0.551272
1760 5.186961 5.186961 5.186961 0.551272 0.551272 0.551272
1770 5.186961 5.186961 5.186961 0.551272 0.551272 0.551272
1780 5.186961 5.186961 5.186961 0.551272 0.551272 0.551272
1790 5.186961 5.186961 5.186961 0.551272 0.551272 0.551272
1800 5.186961 5.186961 5.186961 0.551272 0.551272 0.551272
1810 5.186961 5.186961 5.186961 0.551272 0.551272 0.551272
1820 5.186961 5.186961 5.186961 0.551272 0.551272 0.551272
1830 5.186961 5.186961 5.186961 0.551272 0.551272 0.551272
1840 5.186961 5.186961 5.186961 0.551272 0.551272 0.551272
1850 5.186961 5.186961 5.186961 0.551272 0.551272 0.551272
1860 5.186961 5.186961 5.186961 0.551272 0.551272 0.551272
1870 5.186961 5.186961 5.186961 0.551272 0.551272 0.551272
1880 5.186961 5.186961 5.186961 0.551272 0.551272 0.551272
1890 5.186961 5.186961 5.186961 0.551272 0.551272 0.551272
1900 5.186961 5.186961 5.186961 0.551272 0.551272 0.551272
1910 5.186961 5.186961 5.186961 0.551272 0.551272 0.551272
1920 5.186961 5.186961 5.186961 0.551272 0.551272 0.551272
1930 5.186961 5.186961 5.186961 0.551272 0.551272 0.551272
1940 5.186961 5.186961 5.186961 0.551272 0.551272 0.551272
1950 5.186961 5.186961 5.186961 0.551272 0.551272 0.551272
1960 5.186961 5.186961 5.186961 0.551272 0.551272 0.551272
1970 5.186961 5.186961 5.186961 0.551272 0.551272 0.551272
1980 5.186961 5.186961 5.186961 0.551272 0.551272 0.551272
1990 5.186961 5.186961 5.186961 0.551272 0.551272 0.551272
2000 5.186961 5.186961 5.186961 0.551272 0.551272 0.551272
2010 5.186961 5.186961 5.186961 0.551272 0.551272 0.551272
2020 5.186961 5.186961 5.186961 0.551272 0.551272 0.551272
2030 5.186961 5.186961 5.186961 0.551272 0.551272 0.551272
2040 5.186961 5.186961 5.186961 0.551272 0.551272 0.551272
2050 5.186961 5.186961 5.186961 0.551272 0.551272 0.551272
2060 5.186961 5.186961 5.186961 0.551272 0.551272 0.551272
2070 5.186961 5.186961 5.186961 0.551272 0.551272 0.551272
2080 5.186961 5.186961 5.186961 0.551272 0.551272 0.551272
2090 5.186961 5.186961 5.186961 0.551272 0.551272 0.551272
2100 5.186961 5.186961 5.186961 0.551272 0.551272 0.551272
2110 5.186961 5.186961 5.186961 0.551272 0.551272 0.551272
2120 5.186961 5.186961 5.186961 0.551272 0.551272 0.551272
2130 5.186961 5.186961 5.186961 0.551272 0.551272 0.551272
2140 5.186961 5.186961 5.186961 0.551272 0.551272 0.551272
2150 5.186961 5.186961 5.186961 0.551272 0.551272 0.551272
2160 5.186961 5.186961 5.186961 0.551272 0.551272 0.551272
2170 5.186961 5.186961 5.186961 0.551272 0.551272 0.551272
2180 5.186961 5.186961 5.186961 0.551272 0.551272 0.551272
2190 5.186961 5.186961 5.186961 0.551272 0.551272 0.551272
2200 5.186961 5.186961 5.186961 0.551272 0.551272 0.551272
2210 5.186961 5.186961 5.186961 0.551272 0.551272 0.551272
2220 5.186961 5.186961 5.186961 0.551272 0.551272 0.551272
2230 5.186961 5.186961 5.186961 0.551272 0.551272 0.551272
2240 5.186961 5.186961 5.186961 0.551272 0.551272 0.551272
2250 5.186961 5.186961 5.186961 0.551272 0.551272 0.551272
2260 5.186961 5.186961 5.186961 0.551272 0.551272 0.551272
2270 5.186961 5.186961 5.186961 0.551272 0.551272 0.551272
2280 5.186961 5.186961 5.186961 0.551272 0.551272 0.551272
2290 5.186961 5.186961 5.186961 0.551272 0.551272 0.551272
2300 5.186961 5.186961 5.186961 0.551272 0.551272 0.551272
2310 5.186961 5.186961 5.186961 0.551272 0.551272 0.551272
2320 5.186961 5.186961 5.186961 0.551272 0.551272 0.551272
2330 5.186961 5.186961 5.186961 0.551272 0.551272 0.551272
2340 5.186961 5.186961 5.186961 0.551272 0.551272 0.551272
2350 5.186961 5.186961 5.186961 0.551272 0.551272 0.551272
2360 5.186961 5.186961 5.186961 0.551272 0.551272 0.551272
2370 5.186961 5.186961 5.186961 0.551272 0.551272 0.551272
2380 5.186961 5.186961 5.186961 0.551272 0.551272 0.551272
2390 5.186961 5.186961 5.186961 0.551272 0.551272 0.551272
2400 5.186961 5.186961 5.186961 0.551272 0.551272 0.551272
2410 5.186961 5.186961 5.186961 0.551272 0.551272 0.551272
2420 5.186961 5.186961 5.186961 0.551272 0.551272 0.551272
2430 5.186961 5.186961 5.186961 0.551272 0.551272 0.551272
2440 5.186961 5.186961 5.186961 0.551272 0.551272 0.551272
2450 5.186961 5.186961 5.186961 0.551272 0.551272 0.551272
2460 5.186961 5.186961 5.186961 0.551272 0.551272 0.551272
2470 5.186961 5.186961 5.186961 0.551272 0.551272 0.551272
2480 5.186961 5.186961 5.186961 0.551272 0.551272 0.551272
2490 5.186961 5.186961 5.186961 0.551272 0.551272 0.551272
2500 5.186961 5.186961 5.186961 0.551272 0.551272 0.551272
2510 5.186961 5.186961 5.186961 0.551272 0.551272 0.551272
2520 5.186961 5.186961 5.186961 0.551272 0.551272 0.551272
2530 5.186961 5.186961 5.186961 0.551272 0.551272 0.551272
2540 5.186961 5.186961 5.186961 0.551272 0.551272 0.551272
2550 5.186961 5.186961 5.186961 0.551272 0.551272 0.551272
2560 5.186961 5.186961 5.186961 0.551272 0.551272 0.551272
2570 5.186961 5.186961 5.186961 0.551272 0.551272 0.551272
2580 5.186961 5.186961 5.186961 0.551272 0.551272 0.551272
2590 5.186961 5.186961 5.186961 0.551272 0.551272 0.551272
2600 5.186961 5.186961 5.186961 0.551272 0.551272 0.551272
2610 5.186961 5.186961 5.186961 0.551272 0.551272 0.551272
2620 5.186961 5.186961 5.186961 0.551272 0.551272 0.551272
2630 5.186961 5.186961 5.186961 0.551272 0.551272 0.551272
2640 5.186961 5.186961 5.186961 0.551272 0.551272 0.551272
2650 5.186961 5.186961 5.186961 0.551272 0.551272 0.551272
2660 5.186961 5.186961 5.186961 0.551272 0.551272 0.551272
2670 5.186961 5.186961 5.186961 0.551272 0.551272 0.551272
2680 5.186961 5.186961 5.186961 0.551272 0.551272 0.551272
2690 5.186961 5.186961 5.186961 0.551272 0.551272 0.551272
2700 5.186961 5.186961 5.186961 0.551272 0.551272 0.551272
2710 5.186961 5.186961 5.186961 0.551272 0.551272 0.551272
2720 5.186961 5.186961 5.186961 0.551272 0.551272 0.551272
2730 5.186961 5.186961 5.186961 0.551272 0.551272 0.551272
2740 5.186961 5.186961 5.186961 0.551272 0.551272 0.551272
2750 5.186961 5.186961 5.186961 0.551272 0.551272 0.551272
2760 5.186961 5.186961 5.186961 0.551272 0.551272 0.551272
2770 5.186961 5.186961 5.186961 0.551272 0.551272 0.551272
2780 5.186961 5.186961 5.186961 0.551272 0.551272 0.551272
2790 5.186961 5.186961 5.186961 0.551272 0.551272 0.551272
2800 5.186961 5.186961 5.186961 0.551272 0.551272 0.551272
2810 5.186961 5.186961 5.186961 0.551272 0.551272 0.551272
2820 5.186961 5.186961 5.186961 0.551272 0.551272 0.551272
2830 5.186961 5.186961 5.186961 0.551272 0.551272 0.551272
2840 5.186961 5.186961 5.186961 0.551272 0.551272 0.551272
2850 5.186961 5.186961 5.186961 0.551272 0.551272 0.551272
2860 5.186961 5.186961 5.186961 0.551272 0.551272 0.551272
2870 5.186961 5.186961 5.186961 0.551272 0.551272 0.551272
2880 5.186961 5.186961 5.186961 0.551272 0.551272 0.551272
2890 5.186961 5.186961 5.186961 0.551272 0.551272 0.551272
2900 5.186961 5.186961 5.186961 0.551272 0.551272 0.551272
2910 5.186961 5.186961 5.186961 0.551272 0.551272 0.551272
2920 5.186961 5.186961 5.186961 0.551272 0.551272 0.551272
2930 5.186961 5.186961 5.186961 0.551272 0.551272 0.551272
2940 5.186961 5.186961 5.186961 0.551272 0.551272 0.551272
2950 5.186961 5.186961 5.186961 0.551272 0.551272 0.551272
2960 5.186961 5.186961 5.186961 0.551272 0.551272 0.551272
2970 5.186961 5.186961 5.186961 0.551272 0.551272 0.551272
2980 5.186961 5.186961 5.186961 0.551272 0.551272 0.551272
2990 5.186961 5.186961 5.186961 0.551272 0.551272 0.551272
3000 5.186961 5.186961 5.186961 0.551272 0.551272 0.551272
3010 5.186961 5.186961 5.186961 0.551272 0.551272 0.551272
3020 5.186961 5.186961 5.186961 0.551272 0.551272 0.551272
3030 5.186961 5.186961 5.186961 0.551272 0.551272 0.551272
3040 5.186961 5.186961 5.186961 0.551272 0.551272 0.551272
3050 5.186961 5.186961 5.186961 0.551272 0.551272 0.551272
3060 5.186961 5.186961 5.186961 0.551272 0.551272 0.551272
3070 5.186961 5.186961 5.186961 0.551272 0.551272 0.551272
3080 5.186961 5.186961 5.186961 0.551272 0.551272 0.551272
3090 5.186961 5.186961 5.186961 0.551272 0.551272 0.551272
3100 5.186961 5.186961 5.186961 0.551272 0.551272 0.551272
3110 5.186961 5.186961 5.186961 0.551272 0.551272 0.551272
3120 5.186961 5.186961 5.186961 0.551272 0.551272 0.551272
3130 5.186961 5.186961 5.186961 0.551272 0.551272 0.551272
3140 5.186961 5.186961 5.186961 0.551272 0.551272 0.551272
3150 5.186961 5.186961 5.186961 0.551272 0.551272 0.551272
3160 5.186961 5.186961 5.186961 0.551272 0.551272 0.551272
3170 5.186961 5.186961 5.186961 0.551272 0.551272 0.551272
3180 5.186961 5.186961 5.186961 0.551272 0.551272 0.551272
3190 5.186961 5.186961 5.186961 0.551272 0.551272 0.551272
3200 5.186961 5.186961 5.186961 0.551272 0.551272 0.551272
3210 5.186961 5.186961 5.186961 0.551272 0.551272 0.551272
3220 5.186961 5.186961 5.186961 0.551272 0.551272 0.551272
3230 5.186961 5.186961 5.186961 0.551272 0.551272 0.551272
3240 5.186961 5.186961 5.186961 0.551272 0.551272 0.551272
3250 5.186961 5.186961 5.186961 0.551272 0.551272 0.551272
3260 5.186961 5.186961 5.186961 0.551272 0.551272 0.551272
3270 5.186961 5.186961 5.186961 0.551272 0.551272 0.551272
3280 5.186961 5.186961 5.186961 0.551272 0.551272 0.551272
3290 5.186961 5.186961 5.186961 0.551272 0.551272 0.551272
3300 5.186961 5.186961 5.186961 0.551272 0.551272 0.551272
3310 5.186961 5.186961 5.186961 0.551272 0.551272 0.551272
3320 5.186961 5.186961 5.186961 0.551272 0.551272 0.551272
3330 5.186961 5.186961 5.186961 0.551272 0.551272 0.551272
3340 5.186961 5.186961 5.186961 0.551272 0.551272 0.551272
3350 5.186961 5.186961 5.186961 0.551272 0.551272 0.551272
3360 5.186961 5.186961 5.186961 0.551272 0.551272 0.551272
3370 5.186961 5.186961 5.186961 0.551272 0.551272 0.551272
3380 5.186961 5.186961 5.186961 0.551272 0.551272 0.551272
3390 5.186961 5.186961 5.186961 0.551272 0.551272 0.551272
3400 5.186961 5.186961 5.186961 0.551272 0.551272 0.551272
3410 5.186961 5.186961 5.186961 0.551272 0.551272 0.551272
3420 5.186961 5.186961 5.186961 0.551272 0.551272 0.551272
3430 5.186961 5.186961 5.186961 0.551272 0.551272 0.551272
3440 5.186961 5.186961 5.186961 0.551272 0.551272 0.551272
3450 5.186961 5.186961 5.186961 0.551272 0.551272 0.551272
3460 5.186961 5.186961 5.186961 0.551272 0.551272 0.551272
3470 5.186961 5.186961 5.186961 0.551272 0.551272 0.551272
3480 5.186961 5.186961 5.186961 0.551272 0.551272 0.551272
3490 5.186961 5.186961 5.186961 0.551272 0.551272 0.551272
3500 5.186961 5.186961 5.186961 0.551272 0.551272 0.551272
3510 5.186961 5.186961 5.186961 0.551272 0.551272 0.551272
3520 5.186961 5.186961 5.186961 0.551272 0.551272 0.551272
3530 5.186961 5.186961 5.186961 0.551272 0.551272 0.551272
3540 5.186961 5.186961 5.186961 0.551272 0.551272 0.551272
3550 5.186961 5.186961 5.186961 0.551272 0.551272 0.551272
3560 5.186961 5.186961 5.186961 0.551272 0.551272 0.551272
3570 5.186961 5.186961 5.186961 0.551272 0.551272 0.551272
3580 5.186961 5.186961 5.186961 0.551272 0.551272 0.551272
3590 5.186961 5.186961 5.186961 0.551272 0.551272 0.551272
3600 5.186961 5.186961 5.186961 0.551272 0.551272 0.551272
3610 5.186961 5.186961 5.186961 0.551272 0.551272 0.551272
3620 5.186961 5.186961 5.186961 0.551272 0.551272 0.551272
3630 5.186961 5.186961 5.186961 0.551272 0.551272 0.551272
3640 5.186961 5.186961 5.186961 0.551272 0.551272 0.551272
3650 5.186961 5.186961 5.186961 0.551272 0.551272 0.551272
3660 5.186961 5.186961 5.186961 0.551272 0.551272 0.551272
3670 5.186961 5.186961 5.186961 0.551272 0.551272 0.551272
3680 5.186961 5.186961 5.186961 0.551272 0.551272 0.551272
3690 5.186961 5.186961 5.186961 0.551272 0.551272 0.551272
3700 5.186961 5.186961 5.186961 0.551272 0.551272 0.551272
3710 5.186961 5.186961 5.186961 0.551272 0.551272 0.551272
3720 5.186961 5.186961 5.186961 0.551272 0.551272 0.551272
3730 5.186961 5.186961 5.186961 0.551272 0.551272 0.551272
3740 5.186961 5.186961 5.186961 0.551272 0.551272 0.551272
3750 5.186961 5.186961 5.186961 0.551272 0.551272 0.551272
3760 5.186961 5.186961 5.186961 0.551272 0.551272 0.551272
3770 5.186961 5.186961 5.186961 0.551272 0.551272 0.551272
3780 5.186961 5.186961 5.186961 0.551272 0.551272 0.551272
3790 5.186961 5.186961 5.186961 0.551272 0.551272 0.551272
3800 5.186961 5.186961 5.186961 0.551272 0.551272 0.551272
3810 5.186961 5.186961 5.186961 0.551272 0.551272 0.551272
3820 5.186961 5.186961 5.186961 0.551272 0.551272 0.551272
3830 5.186961 5.186961 5.186961 0.551272 0.551272 0.551272
3840 5.186961 5.186961 5.186961 0.551272 0.551272 0.551272
3850 5.186961 5.186961 5.186961 0.551272 0.551272 0.551272
3860 5.186961 5.186961 5.186961 0.551272 0.551272 0.551272
3870 5.186961 5.186961 5.186961 0.551272 0.551272 0.551272
3880 5.186961 5.186961 5.186961 0.551272 0.551272 0.551272
3890 5.186961 5.186961 5.186961 0.551272 0.551272 0.551272
3900 5.186961 5.186961 5.186961 0.551272 0.551272 0.551272
3910 5.186961 5.186961 5.186961 0.551272 0.551272 0.551272
3920 5.186961 5.186961 5.186961 0.551272 0.551272 0.551272
3930 5.186961 5.186961 5.186961 0.551272 0.551272 0.551272
3940 5.186961 5.186961 5.186961 0.551272 0.551272 0.551272
3950 5.186961 5.186961 5.186961 0.551272 0.551272 0.551272
3960 5.186961 5.186961 5.186961 0.551272 0.551272 0.551272
3970 5.186961 5.186961 5.186961 0.551272 0.551272 0.551272
3980 5.186961 5.186961 5.186961 0.551272 0.551272 0.551272
3990 5.186961 5.186961 5.186961 0.551272 0.551272 0.551272
4000 5.186961 5.186961 5.186961 0.551272 0.551272 0.551272
4010 5.186961 5.186961 5.186961 0.551272 0.551272 0.551272
4020 5.186961 5.186961 5.186961 0.551272 0.551272 0.551272
4030 5.186961 5.186961 5.186961 0.551272 0.551272 0.551272
4040 5.186961 5.186961 5.186961 0.551272 0.551272 0.551272
4050 5.186961 5.186961 5.186961 0.551272 0.551272 0.551272
4060 5.186961 5.186961 5.186961 0.551272 0.551272 0.551272
4070 5.186961 5.186961 5.186961 0.551272 0.551272 0.551272
4080 5.186961 5.186961 5.186961 0.551272 0.551272 0.551272
4090 5.186961 5.186961 5.186961 0.551272 0.551272 0.551272
4100 5.186961 5.186961 5.186961 0.551272 0.551272 0.551272
4110 5.186961 5.186961 5.186961 0.551272 0.551272 0.551272
4120 5.186961 5.186961 5.186961 0.551272 0.551272 0.551272
4130 5.186961 5.186961 5.186961 0.551272 0.551272 0.551272
4140 5.186961 5.186961 5.186961 0.551272 0.551272 0.551272
4150 5.186961 5.186961 5.186961 0.551272 0.551272 0.551272
4160 5.186961 5.186961 5.186961 0.551272 0.551272 0.551272
4170 5.186961 5.186961 5.186961 0.551272 0.551272 0.551272
4180 5.186961 5.186961 5.186961 0.551272 0.551272 0.551272
4190 5.186961 5.186961 5.186961 0.551272 0.551272 0.551272
4200 5.186961 5.186961 5.186961 0.551272 0.551272 0.551272
4210 5.186961 5.186961 5.186961 0.551272 0.551272 0.551272
4220 5.186961 5.186961 5.186961 0.551272 0.551272 0.551272
4230 5.186961 5.186961 5.186961 0.551272 0.551272 0.551272
4240 5.186961 5.186961 5.186961 0.551272 0.551272 0.551272
4250 5.186961 5.186961 5.186961 0.551272 0.551272 0.551272
4260 5.186961 5.186961 5.186961 0.551272 0.551272 0.551272
4270 5.186961 5.186961 5.186961 0.551272 0.551272 0.551272
4280 5.186961 5.186961 5.186961 0.551272 0.551272 0.551272
4290 5.186961 5.186961 5.186961 0.551272 0.551272 0.551272
4300 5.186961 5.186961 5.186961 0.551272 0.551272 0.551272
4310 5.186961 5.186961 5.186961 0.551272 0.551272 0.551272
4320 5.186961 5.186961 5.186961 0.551272 0.551272 0.551272
4330 5.186961 5.186961 5.186961 0.551272 0.551272 0.551272
4340 5.186961 5.186961 5.186961 0.551272 0.551272 0.551272
4350 5.186961 5.186961 5.186961 0.551272 0.551272 0.551272
4360 5.186961 5.186961 5.186961 0.551272 0.551272 0.551272
4370 5.186961 5.186961 5.186961 0.551272 0.551272 0.551272
4380 5.186961 5.186961 5.186961 0.551272 0.551272 0.551272
4390 5.186961 5.186961 5.186961 0.551272 0.551272 0.551272
4400 5.186961 5.186961 5.186961 0.551272 0.551272 0.551272
4410 5.186961 5.186961 5.186961 0.551272 0.551272 0.551272
4420 5.186961 5.186961 5.186961 0.551272 0.551272 0.551272
4430 5.186961 5.186961 5.186961 0.551272 0.551272 0.551272
4440 5.186961 5.186961 5.186961 0.551272 0.551272 0.551272
4450 5.186961 5.186961 5.186961 0.551272 0.551272 0.551272
4460 5.186961 5.186961 5.186961 0.551272 0.551272 0.551272
4470 5.186961 5.186961 5.186961 0.551272 0.551272 0.551272
4480 5.186961 5.186961 5.186961 0.551272 0.551272 0.551272
4490 5.186961 5.186961 5.186961 0.551272 0.551272 0.551272
4500 5.186961 5.186961 5.186961 0.551272 0.551272 0.551272
4510 5.186961 5.186961 5.186961 0.551272 0.551272 0.551272
4520 5.186961 5.186961 5.186961 0.551272 0.551272 0.551272
4530 5.186961 5.186961 5.186961 0.551272 0.551272 0.551272
4540 5.186961 5.186961 5.186961 0.551272 0.551272 0.551272
4550 5.186961 5.186961 5.186961 0.551272 0.551272 0.551272
4560 5.186961 5.186961 5.186961 0.551272 0.551272 0.551272
4570 5.186961 5.186961 5.186961 0.551272 0.551272 0.551272
4580 5.186961 5.186961 5.186961 0.551272 0.551272 0.551272
4590 5.186961 5.186961 5.186961 0.551272 0.551272 0.551272
4600 5.186961 5.186961 5.186961 0.551272 0.551272 0.551272
4610 5.186961 5.186961 5.186961 0.551272 0.551272 0.551272
4620 5.186961 5.186961 5.186961 0.551272 0.551272 0.551272
4630 5.186961 5.186961 5.186961 0.551272 0.551272 0.551272
4640 5.186961 5.186961 5.186961 0.551272 0.551272 0.551272
4650 5.186961 5.186961 5.186961 0.551272 0.551272 0.551272
4660 5.186961 5.186961 5.186961 0.551272 0.551272 0.551272
4670 5.186961 5.186961 5.186961 0.551272 0.551272 0.551272
4680 5.186961 5.186961 5.186961 0.551272 0.551272 0.551272
4690 5.186961 5.186961 5.186961 0.551272 0.551272 0.551272
4700 5.186961 5.186961 5.186961 0.551272 0.551272 0.551272
4710 5.186961 5.186961 5.186961 0.551272 0.551272 0.551272
4720 5.186961 5.186961 5.186961 0.551272 0.551272 0.551272
4730 5.186961 5.186961 5.186961 0.551272 0.551272 0.551272
4740 5.186961 5.186961 5.186961 0.551272 0.551272 0.551272
4750 5.186961 5.186961 5.186961 0.551272 0.551272 0.551272
4760 5.186961 5.186961 5.186961 0.551272 0.551272 0.551272
4770 5.186961 5.186961 5.186961 0.551272 0.551272 0.551272
4780 5.186961 5.186961 5.186961 0.551272 0.551272 0.551272
4790 5.186961 5.186961 5.186961 0.551272 0.551272 0.551272
4800 5.186961 5.186961 5.186961 0.551272 0.551272 0.551272
4810 5.186961 5.186961 5.186961 0.551272 0.551272 0.551272
4820 5.186961 5.186961 5.186961 0.551272 0.551272 0.551272
4830 5.186961 5.186961 5.186961 0.551272 0.551272 0.551272
4840 5.186961 5.186961 5.186961 0.551272 0.551272 0.551272
4850 5.186961 5.186961 5.186961 0.551272 0.551272 0.551272
4860 5.186961 5.186961 5.186961 0.551272 0.551272 0.551272
4870 5.186961 5.186961 5.186961 0.551272 0.551272 0.551272
4880 5.186961 5.186961 5.186961 0.551272 0.551272 0.551272
4890 5.186961 5.186961 5.186961 0.551272 0.551272 0.551272
4900 5.186961 5.186961 5.186961 0.551272 0.551272 0.551272
4910 5.186961 5.186961 5.186961 0.551272 0.551272 0.551272
4920 5.186961 5.186961 5.186961 0.551272 0.551272 0.551272
4930 5.186961 5.186961 5.186961 0.551272 0.551272 0.551272
4940 5.186961 5.186961 5.186961 0.551272 0.551272 0.551272
4950 5.186961 5.186961 5.186961 0.551272 0.551272 0.551272
4960 5.186961 5.186961 5.186961 0.551272 0.551272 0.551272
4970 5.186961 5.186961 5.186961 0.551272 0.551272 0.551272
4980 5.186961 5.186961 5.186961 0.551272 0.551272 0.551272
4990 5.186961 5.186961 5.186961 0.551272 0.551272 0.551272
5000 5.186961 5.186961 5.186961 0.551272 0.551272 0.551272
5010 5.186961 5.186961 5.186961 0.551272 0.551272 0.551272
5020 5.186961 5.186961 5.186961 0.551272 0.551272 0.551272
5030 5.186961 5.186961 5.186961 0.551272 0.551272 0.551272
5040 5.186961 5.186961 5.186961 0.551272 0.551272 0.551272
5050 5.186961 5.186961 5.186961 0.551272 0.551272 0.551272
5060 5.186961 5.186961 5.186961 0.551272 0.551272 0.551272
5070 5.186961 5.186961 5.186961 0.551272 0.551272 0.551272
5080 5.186961 5.186961 5.186961 0.551272 0.551272 0.551272
5090 5.186961 5.186961 5.186961 0.551272 0.551272 0.551272
5100 5.186961 5.186961 5.186961 0.551272 0.551272 0.551272
5110 5.186961 5.186961 5.186961 0.551272 0.551272 0.551272
5120 5.186961 5.186961 5.186961 0.551272 0.551272 0.551272
5130 5.186961 5.186961 5.186961 0.551272 0.551272 0.551272
5140 5.186961 5.186961 5.186961 0.551272 0.551272 0.551272
5150 5.186961 5.186961 5.186961 0.551272 0.551272 0.551272
5160 5.186961 5.186961 5.186961 0.551272 0.551272 0.551272
5170 5.186961 5.186961 5.186961 0.551272 0.551272 0.551272
5180 5.186961 5.186961 5.186961 0.551272 0.551272 0.551272
5190 5.186961 5.186961 5.186961 0.551272 0.551272 0.551272
5200 5.186961 5.186961 5.186961 0.551272 0.551272 0.551272
5210 5.186961 5.186961 5.186961 0.551272 0.551272 0.551272
5220 5.186961 5.186961 5.186961 0.551272 0.551272 0.551272
5230 5.186961 5.186961 5.186961 0.551272 0.551272 0.551272
5240 5.186961 5.186961 5.186961 0.551272 0.551272 0.551272
5250 5.186961 5.186961 5.186961 0.551272 0.551272 0.551272
5260 5.186961 5.186961 5.186961 0.551272 0.551272 0.551272
5270 5.186961 5.186961 5.186961 0.551272 0.551272 0.551272
5280 5.186961 5.186961 5.186961 0.551272 0.551272 0.551272
5290 5.186961 5.186961 5.186961 0.551272 0.551272 0.551272
5300 5.186961 5.186961 5.186961 0.551272 0.551272 0.551272
5310 5.186961 5.186961 5.186961 0.551272 0.551272 0.551272
5320 5.186961 5.186961 5.186961 0.551272 0.551272 0.551272
5330 5.186961 5.186961 5.186961 0.551272 0.551272 0.551272
5340 5.186961 5.186961 5.186961 0.551272 0.551272 0.551272
5350 5.186961 5.186961 5.186961 0.551272 0.551272 0.551272
5360 5.186961 5.186961 5.186961 0.551272 0.551272 0.551272
5370 5.186961 5.186961 5.186961 0.551272 0.551272 0.551272
5380 5.186961 5.186961 5.186961 0.551272 0.551272 0.551272
5390 5.186961 5.186961 5.186961 0.551272 0.551272 0.551272
5400 5.186961 5.186961 5.186961 0.551272 0.551272 0.551272
5410 5.186961 5.186961 5.186961 0.551272 0.551272 0.551272
5420 5.186961 5.186961 5.186961 0.551272 0.551272 0.551272
5430 5.186961 5.186961 5.186961 0.551272 0.551272 0.551272
5440 5.186961 5.186961 5.186961 0.551272 0.551272 0.551272
5450 5.186961 5.186961 5.186961 0.551272 0.551272 0.551272
5460 5.186961 5.186961 5.186961 0.551272 0.551272 0.551272
5470 5.186961 5.186961 5.186961 0.551272 0.551272 0.551272
5480 5.186961 5.186961 5.186961 0.551272 0.551272 0.551272
5490 5.186961 5.186961 5.186961 0.551272 0.551272 0.551272
5500 5.186961 5.186961 5.186961 0.551272 0.551272 0.551272
5510 5.186961 5.186961 5.186961 0.551272 0.551272 0.551272
5520 5.186961 5.186961 5.186961 0.551272 0.551272 0.551272
5530 5.186961 5.186961 5.186961 0.551272 0.551272 0.551272
5540 5.186961 5.186961 5.186961 0.551272 0.551272 0.551272
5550 5.186961 5.186961 5.186961 0.551272 0.551272 0.551272
5560 5.186961 5.186961 5.186961 0.551272 0.551272 0.551272
5570 5.186961 5.186961 5.186961 0.551272 0.551272 0.551272
5580 5.186961 5.186961 5.186961 0.551272 0.551272 0.551272
5590 5.186961 5.186961 5.186961 0.551272 0.551272 0.551272
5600 5.186961 5.186961 5.186961 0.551272 0.551272 0.551272
5610 5.186961 5.186961 5.186961 0.551272 0.551272 0.551272
5620 5.186961 5.186961 5.186961 0.551272 0.551272 0.551272
5630 5.186961 5.186961 5.186961 0.551272 0.551272 0.551272
5640 5.186961 5.186961 5.186961 0.551272 0.551272 0.551272
5650 5.186961 5.186961 5.186961 0.551272 0.551272 0.551272
5660 5.186961 5.186961 5.186961 0.551272 0.551272 0.551272
5670 5.186961 5.186961 5.186961 0.551272 0.551272 0.551272
5680 5.186961 5.186961 5.186961 0.551272 0.551272 0.551272
5690 5.186961 5.186961 5.186961 0.551272 0.551272 0.551272
5700 5.186961 5.186961 5.186961 0.551272 0.551272 0.551272
5710 5.186961 5.186961 5.186961 0.551272 0.551272 0.551272
5720 5.186961 5.186961 5.186961 0.551272 0.551272 0.551272
5730 5.186961 5.186961 5.186961 0.551272 0.551272 0.551272
5740 5.186961 5.186961 5.186961 0.551272 0.551272 0.551272
5750 5.186961 5.186961 5.186961 0.551272 0.551272 0.551272
5760 5.186961 5.186961 5.186961 0.551272 0.551272 0.551272
5770 5.186961 5.186961 5.186961 0.551272 0.551272 0.551272
5780 5.186961 5.186961 5.186961 0.551272 0.551272 0.551272
5790 5.186961 5.186961 5.186961 0.551272 0.551272 0.551272
5800 5.186961 5.186961 5.186961 0.551272 0.551272 0.551272
5810 5.186961 5.186961 5.186961 0.551272 0.551272 0.551272
5820 5.186961 5.186961 5.186961 0.551272 0.551272 0.551272
5830 5.186961 5.186961 5.186961 0.551272 0.551272 0.551272
5840 5.186961 5.186961 5.186961 0.551272 0.551272 0.551272
5850 5.186961 5.186961 5.186961 0.551272 0.551272 0.551272
5860 5.186961 5.186961 5.186961 0.551272 0.551272 0.551272
5870 5.186961 5.186961 5.186961 0.551272 0.551272 0.551272
5880 5.186961 5.186961 5.186961 0.551272 0.551272 0.551272
5890 5.186961 5.186961 5.186961 0.551272 0.551272 0.551272
5900 5.186961 5.186961 5.186961 0.551272 0.551272 0.551272
5910 5.186961 5.186961 5.186961 0.551272 0.551272 0.551272
5920 5.186961 5.186961 5.186961 0.551272 0.551272 0.551272
5930 5.186961 5.186961 5.186961 0.551272 0.551272 0.551272
5940 5.186961 5.186961 5.186961 0.551272 0.551272 0.551272
5950 5.186961 5.186961 5.186961 0.551272 0.551272 0.551272
5960 5.186961 5.186961 5.186961 0.551272 0.551272 0.551272
5970 5.186961 5.186961 5.186961 0.551272 0.551272 0.551272
5980 5.186961 5.186961 5.186961 0.551272 0.551272 0.551272
5990 5.186961 5.186961 5.186961 0.551272 0.551272 0.551272
6000 5.186961 5.186961 5.186961 0.551272 0.551272 0.551272
6010 5.186961 5.186961 5.186961 0.551272 0.551272 0.551272
6020 5.186961 5.186961 5.186961 0.551272 0.551272 0.551272
6030 5.186961 5.186961 5.186961 0.551272 0.551272 0.551272
6040 5.186961 5.186961 5.186961 0.551272 0.551272 0.551272
6050 5.186961 5.186961 5.186961 0.551272 0.551272 0.551272
6060 5.186961 5.186961 5.186961 0.551272 0.551272 0.551272
6070 5.186961 5.186961 5.186961 0.551272 0.551272 0.551272
6080 5.186961 5.186961 5.186961 0.551272 0.551272 0.551272
6090 5.186961 5.186961 5.186961 0.551272 0.551272 0.551272
6100 5.186961 5.186961 5.186961 0.551272 0.551272 0.551272
6110 5.186961 5.186961 5.186961 0.551272 0.551272 0.551272
6120 5.186961 5.186961 5.186961 0.551272 0.551272 0.551272
6130 5.186961 5.186961 5.186961 0.551272 0.551272 0.551272
6140 5.186961 5.186961 5.186961 0.551272 0.551272 0.551272
6150 5.186961 5.186961 5.186961 0.551272 0.551272 0.551272
6160 5.186961 5.186961 5.186961 0.551272 0.551272 0.551272
6170 5.186961 5.186961 5.186961 0.551272 0.551272 0.551272
6180 5.186961 5.186961 5.186961 0.551272 0.551272 0.551272
6190 5.186961 5.186961 5.186961 0.551272 0.551272 0.551272
6200 5.186961 5.186961 5.186961 0.551272 0.551272 0.551272
6210 5.186961 5.186961 5.186961 0.551272 0.551272 0.551272
6220 5.186961 5.186961 5.186961 0.551272 0.551272 0.551272
6230 5.186961 5.186961 5.186961 0.551272 0.551272 0.551272
6240 5.186961 5.186961 5.186961 0.551272 0.551272 0.551272
6250 5.186961 5.186961 5.186961 0.551272 0.551272 0.551272
6260 5.186961 5.186961 5.186961 0.551272 0.551272 0.551272
6270 5.186961 5.186961 5.186961 0.551272 0.551272 0.551272
6280 5.186961 5.186961 5.186961 0.551272 0.551272 0.551272
6290 5.186961 5.186961 5.186961 0.551272 0.551272 0.551272
6300 5.186961 5.186961 5.186961 0.551272 0.551272 0.551272
6310 5.186961 5.186961 5.186961 0.551272 0.551272 0.551272
6320 5.186961 5.186961 5.186961 0.551272 0.551272 0.551272
6330 5.186961 5.186961 5.186961 0.551272 0.551272 0.551272
6340 5.186961 5.186961 5.186961 0.551272 0.551272 0.551272
6350 5.186961 5.186961 5.186961 0.551272 0.551272 0.551272
6360 5.186961 5.186961 5.186961 0.551272 0.551272 0.551272
6370 5.186961 5.186961 5.186961 0.551272 0.551272 0.551272
6380 5.186961 5.186961 5.186961 0.551272 0.551272 0.551272
6390 5.186961 5.186961 5.186961 0.551272 0.551272 0.551272
6400 5.186961 5.186961 5.186961 0.551272 0.551272 0.551272
6410 5.186961 5.186961 5.186961 0.551272 0.551272 0.551272
6420 5.186961 5.186961 5.186961 0.551272 0.551272 0.551272
6430 5.186961 5.186961 5.186961 0.551272 0.551272 0.551272
6440 5.186961 5.186961 5.186961 0.551272 0.551272 0.551272
6450 5.186961 5.186961 5.186961 0.551272 0.551272 0.551272
6460 5.186961 5.186961 5.186961 0.551272 0.551272 0.551272
6470 5.186961 5.186961 5.186961 0.551272 0.551272 0.551272
6480 5.186961 5.186961 5.186961 0.551272 0.551272 0.551272
6490 5.186961 5.186961 5.186961 0.551272 0.551272 0.551272
6500 5.186961 5.186961 5.186961 0.551272 0.551272 0.551272
6510 5.186961 5.186961 5.186961 0.551272 0.551272 0.551272
6520 5.186961 5.186961 5.186961 0.551272 0.551272 0.551272
6530 5.186961 5.186961 5.186961 0.551272 0.551272 0.551272
6540 5.186961 5.186961 5.186961 0.551272 0.551272 0.551272
6550 5.186961 5.186961 5.186961 0.551272 0.551272 0.551272
6560 5.186961 5.186961 5.186961 0.551272 0.551272 0.551272
6570 5.186961 5.186961 5.186961 0.551272 0.551272 0.551272
6580 5.186961 5.186961 5.186961 0.551272 0.551272 0.551272
6590 5.186961 5.186961 5.186961 0.551272 0.551272 0.551272
6600 5.186961 5.186961 5.186961 0.551272 0.551272 0.551272
6610 5.186961 5.186961 5.186961 0.551272 0.551272 0.551272
6620 5.186961 5.186961 5.186961 0.551272 0.551272 0.551272
6630 5.186961 5.186961 5.186961 0.551272 0.551272 0.551272
6640 5.186961 5.186961 5.186961 0.551272 0.551272 0.551272
6650 5.186961 5.186961 5.186961 0.551272 0.551272 0.551272
6660 5.186961 5.186961 5.186961 0.551272 0.551272 0.551272
6670 5.186961 5.186961 5.186961 0.551272 0.551272 0.551272
6680 5.186961 5.186961 5.186961 0.551272 0.551272 0.551272
6690 5.186961 5.186961 5.186961 0.551272 0.551272 0.551272
6700 5.186961 5.186961 5.186961 0.551272 0.551272 0.551272
6710 5.186961 5.186961 5.186961 0.551272 0.551272 0.551272
6720 5.186961 5.186961 5.186961 0.551272 0.551272 0.551272
6730 5.186961 5.186961 5.186961 0.551272 0.551272 0.551272
6740 5.186961 5.186961 5.186961 0.551272 0.551272 0.551272
6750 5.186961 5.186961 5.186961 0.551272 0.551272 0.551272
6760 5.186961 5.186961 5.186961 0.551272 0.551272 0.551272
6770 5.186961 5.186961 5.186961 0.551272 0.551272 0.551272
6780 5.186961 5.186961 5.186961 0.551272 0.551272 0.551272
6790 5.186961 5.186961 5.186961 0.551272 0.551272 0.551272
6800 5.186961 5.186961 5.186961 0.551272 0.551272 0.551272
6810 5.186961 5.186961 5.186961 0.551272 0.551272 0.551272
6820 5.186961 5.186961 5.186961 0.551272 0.551272 0.551272
6830 5.186961 5.186961 5.186961 0.551272 0.551272 0.551272
6840 5.186961 5.186961 5.186961 0.551272 0.551272 0.551272
6850 5.186961 5.186961 5.186961 0.551272 0.551272 0.551272
6860 5.186961 5.186961 5.186961 0.551272 0.551272 0.551272
6870 5.186961 5.186961 5.186961 0.551272 0.551272 0.551272
6880 5.186961 5.186961 5.186961 0.551272 0.551272 0.551272
6890 5.186961 5.186961 5.186961 0.551272 0.551272 0.551272
6900 5.186961 5.186961 5.186961 0.551272 0.551272 0.551272
6910 5.186961 5.186961 5.186961 0.551272 0.551272 0.551272
6920 5.186961 5.186961 5.186961 0.551272 0.551272 0.551272
6930 5.186961 5.186961 5.186961 0.551272 0.551272 0.551272
6940 5.186961 5.186961 5.186961 0.551272 0.551272 0.551272
6950 5.186961 5.186961 5.186961 0.551272 0.551272 0.551272
6960 5.186961 5.186961 5.186961 0.551272 0.551272 0.551272
6970 5.186961 5.186961 5.186961 0.551272 0.551272 0.551272
6980 5.186961 5.186961 5.186961 0.551272 0.551272 0.551272
6990 5.186961 5.186961 5.186961 0.551272 0.551272 0.551272
7000 5.186961 5.186961 5.186961 0.551272 0.551272 0.551272
7010 5.186961 5.186961 5.186961 0.551272 0.551272 0.551272
7020 5.186961 5.186961 5.186961 0.551272 0.551272 0.551272
7030 5.186961 5.186961 5.186961 0.551272 0.551272 0.551272
7040 5.186961 5.186961 5.186961 0.551272 0.551272 0.551272
7050 5.186961 5.186961 5.186961 0.551272 0.551272 0.551272
7060 5.186961 5.186961 5.186961 0.551272 0.551272 0.551272
7070 5.186961 5.186961 5.186961 0.551272 0.551272 0.551272
7080 5.186961 5.186961 5.186961 0.551272 0.551272 0.551272
7090 5.186961 5.186961 5.186961 0.551272 0.551272 0.551272
7100 5.186961 5.186961 5.186961 0.551272 0.551272 0.551272
7110 5.186961 5.186961 5.186961 0.551272 0.551272 0.551272
7120 5.186961 5.186961 5.186961 0.551272 0.551272 0.551272
7130 5.186961 5.186961 5.186961 0.551272 0.551272 0.551272
7140 5.186961 5.186961 5.186961 0.551272 0.551272 0.551272
7150 5.186961 5.186961 5.186961 0.551272 0.551272 0.551272
7160 5.186961 5.186961 5.186961 0.551272 0.551272 0.551272
7170 5.186961 5.186961 5.186961 0.551272 0.551272 0.551272
7180 5.186961 5.186961 5.186961 0.551272 0.551272 0.551272
7190 5.186961 5.186961 5.186961 0.551272 0.551272 0.551272
7200 5.186961 5.186961 5.186961 0.551272 0.551272 0.551272
7210 5.186961 5.186961 5.186961 0.551272 0.551272 0.551272
7220 5.186961 5.186961 5.186961 0.551272 0.551272 0.551272
7230 5.186961 5.186961 5.186961 0.551272 0.551272 0.551272
7240 5.186961 5.186961 5.186961 0.551272 0.551272 0.551272
7250 5.186961 5.186961 5.186961 0.551272 0.551272 0.551272
7260 5.186961 5.186961 5.186961 0.551272 0.551272 0.551272
7270 5.186961 5.186961 5.186961 0.551272 0.551272 0.551272
7280 5.186961 5.186961 5.186961 0.551272 0.551272 0.551272
7290 5.186961 5.186961 5.186961 0.551272 0.551272 0.551272
7300 5.186961 5.186961 5.186961 0.551272 0.551272 0.551272
7310 5.186961 5.186961 5.186961 0.551272 0.551272 0.551272
7320 5.186961 5.186961 5.186961 0.551272 0.551272 0.551272
7330 5.186961 5.186961 5.186961 0.551272 0.551272 0.551272
7340 5.186961 5.186961 5.186961 0.551272 0.551272 0.551272
7350 5.186961 5.186961 5.186961 0.551272 0.551272 0.551272
7360 5.186961 5.186961 5.186961 0.551272 0.551272 0.551272
7370 5.186961 5.186961 5.186961 0.551272 0.551272 0.551272
7380 5.186961 5.186961 5.186961 0.551272 0.551272 0.551272
7390 5.186961 5.186961 5.186961 0.551272 0.551272 0.551272
7400 5.186961 5.186961 5.186961 0.551272 0.551272 0.551272
7410 5.186961 5.186961 5.186961 0.551272 0.551272 0.551272
7420 5.186961 5.186961 5.186961 0.551272 0.551272 0.551272
7430 5.186961 5.186961 5.186961 0.551272 0.551272 0.551272
7440 5.186961 5.186961 5.186961 0.551272 0.551272 0.551272
7450 5.186961 5.186961 5.186961 0.551272 0.551272 0.551272
7460 5.186961 5.186961 5.186961 0.551272 0.551272 0.551272
7470 5.186961 5.186961 5.186961 0.551272 0.551272 0.551272
7480 5.186961 5.186961 5.186961 0.551272 0.551272 0.551272
7490 5.186961 5.186961 5.186961 0.551272 0.551272 0.551272
7500 5.186961 5.186961 5.186961 0.551272 0.551272 0.551272
7510 5.186961 5.186961 5.186961 0.551272 0.551272 0.551272
7520 5.186961 5.186961 5.186961 0.551272 0.551272 0.551272
7530 5.186961 5.186961 5.186961 0.551272 0.551272 0.551272
7540 5.186961 5.186961 5.186961 0.551272 0.551272 0.551272
7550 5.186961 5.186961 5.186961 0.551272 0.551272 0.551272
7560 5.186961 5.186961 5.186961 0.551272 0.551272 0.551272
7570 5.186961 5.186961 5.186961 0.551272 0.551272 0.551272
7580 5.186961 5.186961 5.186961 0.551272 0.551272 0.551272
7590 5.186961 5.186961 5.186961 0.551272 0.551272 0.551272
7600 5.186961 5.186961 5.186961 0.551272 0.551272 0.551272
7610 5.186961 5.186961 5.186961 0.551272 0.551272 0.551272
7620 5.186961 5.186961 5.186961 0.551272 0.551272 0.551272
7630 5.186961 5.186961 5.186961 0.551272 0.551272 0.551272
7640 5.186961 5.186961 5.186961 0.551272 0.551272 0.551272
7650 5.186961 5.186961 5.186961 0.551272 0.551272 0.551272
7660 5.186961 5.186961 5.186961 0.551272 0.551272 0.551272
7670 5.186961 5.186961 5.186961 0.551272 0.551272 0.551272
7680 5.186961 5.186961 5.186961 0.551272 0.551272 0.551272
7690 5.186961 5.186961 5.186961 0.551272 0.551272 0.551272
7700 5.186961 5.186961 5.186961 0.551272 0.551272 0.551272
7710 5.186961 5.186961 5.186961 0.551272 0.551272 0.551272
7720 5.186961 5.186961 5.186961 0.551272 0.551272 0.551272
7730 5.186961 5.186961 5.186961 0.551272 0.551272 0.551272
7740 5.186961 5.186961 5.186961 0.551272 0.551272 0.551272
7750 5.186961 5.186961 5.186961 0.551272 0.551272 0.551272
7760 5.186961 5.186961 5.186961 0.551272 0.551272 0.551272
7770 5.186961 5.186961 5.186961 0.551272 0.551272 0.551272
7780 5.186961 5.186961 5.186961 0.551272 0.551272 0.551272
7790 5.186961 5.186961 5.186961 0.551272 0.551272 0.551272
7800 5.186961 5.186961 5.186961 0.551272 0.551272 0.551272
7810 5.186961 5.186961 5.186961 0.551272 0.551272 0.551272
7820 5.186961 5.186961 5.186961 0.551272 0.551272 0.551272
7830 5.186961 5.186961 5.186961 0.551272 0.551272 0.551272
7840 5.186961 5.186961 5.186961 0.551272 0.551272 0.551272
7850 5.186961 5.186961 5.186961 0.551272 0.551272 0.551272
7860 5.186961 5.186961 5.186961 0.551272 0.551272 0.551272
7870 5.186961 5.186961 5.186961 0.551272 0.551272 0.551272
7880 5.186961 5.186961 5.186961 0.551272 0.551272 0.551272
7890 5.186961 5.186961 5.186961 0.551272 0.551272 0.551272
7900 5.186961 5.186961 5.186961 0.551272 0.551272 0.551272
7910 5.186961 5.186961 5.186961 0.551272 0.551272 0.551272
7920 5.186961 5.186961 5.186961 0.551272 0.551272 0.551272
7930 5.186961 5.186961 5.186961 0.551272 0.551272 0.551272
7940 5.186961 5.186961 5.186961 0.551272 0.551272 0.551272
7950 5.186961 5.186961 5.186961 0.551272 0.551272 0.551272
7960 5.186961 5.186961 5.186961 0.551272 0.551272 0.551272
7970 5.186961 5.186961 5.186961 0.551272 0.551272 0.551272
7980 5.186961 5.186961 5.186961 0.551272 0.551272 0.551272
7990 5.186961 5.186961 5.186961 0.551272 0.551272 0.551272
8000 5.186961 5.186961 5.186961 0.551272 0.551272 0.551272
8010 5.186961 5.186961 5.186961 0.551272 0.551272 0.551272
8020 5.186961 5.186961 5.186961 0.551272 0.551272 0.551272
8030 5.186961 5.186961 5.186961 0.551272 0.551272 0.551272
8040 5.186961 5.186961 5.186961 0.551272 0.551272 0.551272
8050 5.186961 5.186961 5.186961 0.551272 0.551272 0.551272
8060 5.186961 5.186961 5.186961 0.551272 0.551272 0.551272
8070 5.186961 5.186961 5.186961 0.551272 0.551272 0.551272
8080 5.186961 5.186961 5.186961 0.551272 0.551272 0.551272
8090 5.186961 5.186961 5.186961 0.551272 0.551272 0.551272
8100 5.186961 5.186961 5.186961 0.551272 0.551272 0.551272
8110 5.186961 5.186961 5.186961 0.551272 0.551272 0.551272
8120 5.186961 5.186961 5.186961 0.551272 0.551272 0.551272
8130 5.186961 5.186961 5.186961 0.551272 0.551272 0.551272
8140 5.186961 5.186961 5.186961 0.551272 0.551272 0.551272
8150 5.186961 5.186961 5.186961 0.551272 0.551272 0.551272
8160 5.186961 5.186961 5.186961 0.551272 0.551272 0.551272
8170 5.186961 5.186961 5.186961 0.551272 0.551272 0.551272
8180 5.186961 5.186961 5.186961 0.551272 0.551272 0.551272
8190 5.186961 5.186961 5.186961 0.551272 0.551272 0.551272
8200 5.186961 5.186961 5.186961 0.551272 0.551272 0.551272
8210 5.186961 5.186961 5.186961 0.551272 0.551272 0.551272
8220 5.186961 5.186961 5.186961 0.551272 0.551272 0.551272
8230 5.186961 5.186961 5.186961 0.551272 0.551272 0.551272
8240 5.186961 5.186961 5.186961 0.551272 0.551272 0.551272
8250 5.186961 5.186961 5.186961 0.551272 0.551272 0.551272
8260 5.186961 5.186961 5.186961 0.551272 0.551272 0.551272
8270 5.186961 5.186961 5.186961 0.551272 0.551272 0.551272
8280 5.186961 5.186961 5.186961 0.551272 0.551272 0.551272
8290 5.186961 5.186961 5.186961 0.551272 0.551272 0.551272
8300 5.186961 5.186961 5.186961 0.551272 0.551272 0.551272
8310 5.186961 5.186961 5.186961 0.551272 0.551272 0.551272
8320 5.186961 5.186961 5.186961 0.551272 0.551272 0.551272
8330 5.186961 5.186961 5.186961 0.551272 0.551272 0.551272
8340 5.186961 5.186961 5.186961 0.551272 0.551272 0.551272
8350 5.186961 5.186961 5.186961 0.551272 0.551272 0.551272
8360 5.186961 5.186961 5.186961 0.551272 0.551272 0.551272
8370 5.186961 5.186961 5.186961 0.551272 0.551272 0.551272
8380 5.186961 5.186961 5.186961 0.551272 0.551272 0.551272
8390 5.186961 5.186961 5.186961 0.551272 0.551272 0.551272
8400 5.186961 5.186961 5.186961 0.551272 0.551272 0.551272
8410 5.186961 5.186961 5.186961 0.551272 0.551272 0.551272
8420 5.186961 5.186961 5.186961 0.551272 0.551272 0.551272
8430 5.186961 5.186961 5.186961 0.551272 0.551272 0.551272
8440 5.186961 5.186961 5.186961 0.551272 0.551272 0.551272
8450 5.186961 5.186961 5.186961 0.551272 0.551272 0.551272
8460 5.186961 5.186961 5.186961 0.551272 0.551272 0.551272
8470 5.186961 5.186961 5.186961 0.551272 0.551272 0.551272
8480 5.186961 5.186961 5.186961 0.551272 0.551272 0.551272
8490 5.186961 5.186961 5.186961 0.551272 0.551272 0.551272
8500 5.186961 5.186961 5.186961 0.551272 0.551272 0.551272
8510 5.186961 5.186961 5.186961 0.551272 0.551272 0.551272
8520 5.186961 5.186961 5.186961 0.551272 0.551272 0.551272
8530 5.186961 5.186961 5.186961 0.551272 0.551272 0.551272
8540 5.186961 5.186961 5.186961 0.551272 0.551272 0.551272
8550 5.186961 5.186961 5.186961 0.551272 0.551272 0.551272
8560 5.186961 5.186961 5.186961 0.551272 0.551272 0.551272
8570 5.186961 5.186961 5.186961 0.551272 0.551272 0.551272
8580 5.186961 5.186961 5.186961 0.551272 0.551272 0.551272
8590 5.186961 5.186961 5.186961 0.551272 0.551272 0.551272
8600 5.186961 5.186961 5.186961 0.551272 0.551272 0.551272
8610 5.186961 5.186961 5.186961 0.551272 0.551272 0.551272
8620 5.186961 5.186961 5.186961 0.551272 0.551272 0.551272
8630 5.186961 5.186961 5.186961 0.551272 0.551272 0.551272
8640 5.186961 5.186961 5.186961 0.551272 0.551272 0.551272
8650 5.186961 5.186961 5.186961 0.551272 0.551272 0.551272
8660 5.186961 5.186961 5.186961 0.551272 0.551272 0.551272
8670 5.186961 5.186961 5.186961 0.551272 0.551272 0.551272
8680 5.186961 5.186961 5.186961 0.551272 0.551272 0.551272
8690 5.186961 5.186961 5.186961 0.551272 0.551272 0.551272
8700 5.186961 5.186961 5.186961 0.551272 0.551272 0.551272
8710 5.186961 5.186961 5.186961 0.551272 0.551272 0.551272
8720 5.186961 5.186961 5.186961 0.551272 0.551272 0.551272
8730 5.186961 5.186961 5.186961 0.551272 0.551272 0.551272
8740 5.186961 5.186961 5.186961 0.551272 0.551272 0.551272
8750 5.186961 5.186961 5.186961 0.551272 0.551272 0.551272
8760 5.186961 5.186961 5.186961 0.551272 0.551272 0.551272
8770 5.186961 5.186961 5.186961 0.551272 0.551272 0.551272
8780 5.186961 5.186961 5.186961 0.551272 0.551272 0.551272
8790 5.186961 5.186961 5.186961 0.551272 0.551272 0.551272
8800 5.186961 5.186961 5.186961 0.551272 0.551272 0.551272
8810 5.186961 5.186961 5.186961 0.551272 0.551272 0.551272
8820 5.186961 5.186961 5.186961 0.551272 0.551272 0.551272
8830 5.186961 5.186961 5.186961 0.551272 0.551272 0.551272
8840 5.186961 5.186961 5.186961 0.551272 0.551272 0.551272
8850 5.186961 5.186961 5.186961 0.551272 0.551272 0.551272
8860 5.186961 5.186961 5.186961 0.551272 0.551272 0.551272
8870 5.186961 5.186961 5.186961 0.551272 0.551272 0.551272
8880 5.186961 5.186961 5.186961 0.551272 0.551272 0.551272
8890 5.186961 5.186961 5.186961 0.551272 0.551272 0.551272
8900 5.186961 5.186961 5.186961 0.551272 0.551272 0.551272
8910 5.186961 5.186961 5.186961 0.551272 0.551272 0.551272
8920 5.186961 5.186961 5.186961 0.551272 0.551272 0.551272
8930 5.186961 5.186961 5.186961 0.551272 0.551272 0.551272
8940 5.186961 5.186961 5.186961 0.551272 0.551272 0.551272
8950 5.186961 5.186961 5.186961 0.551272 0.551272 0.551272
8960 5.186961 5.186961 5.186961 0.551272 0.551272 0.551272
8970 5.186961 5.186961 5.186961 0.551272 0.551272 0.551272
8980 5.186961 5.186961 5.186961 0.551272 0.551272 0.551272
8990 5.186961 5.186961 5.186961 0.551272 0.551272 0.551272
9000 5.186961 5.186961 5.186961 0.551272 0.551272 0.551272
9010 5.186961 5.186961 5.186961 0.551272 0.551272 0.551272
9020 5.186961 5.186961 5.186961 0.551272 0.551272 0.551272
9030 5.186961 5.186961 5.186961 0.551272 0.551272 0.551272
9040 5.186961 5.186961 5.186961 0.551272 0.551272 0.551272
9050 5.186961 5.186961 5.186961 0.551272 0.551272 0.551272
9060 5.186961 5.186961 5.186961 0.551272 0.551272 0.551272
9070 5.186961 5.186961 5.186961 0.551272 0.551272 0.551272
9080 5.186961 5.186961 5.186961 0.551272 0.551272 0.551272
9090 5.186961 5.186961 5.186961 0.551272 0.551272 0.551272
9100 5.186961 5.186961 5.186961 0.551272 0.551272 0.551272
9110 5.186961 5.186961 5.186961 0.551272 0.551272 0.551272
9120 5.186961 5.186961 5.186961 0.551272 0.551272 0.551272
9130 5.186961 5.186961 5.186961 0.551272 0.551272 0.551272
9140 5.186961 5.186961 5.186961 0.551272 0.551272 0.551272
9150 5.186961 5.186961 5.186961 0.551272 0.551272 0.551272
9160 5.186961 5.186961 5.186961 0.551272 0.551272 0.551272
9170 5.186961 5.186961 5.186961 0.551272 0.551272 0.551272
9180 5.186961 5.186961 5.186961 0.551272 0.551272 0.551272
9190 5.186961 5.186961 5.186961 0.551272 0.551272 0.551272
9200 5.186961 5.186961 5.186961 0.551272 0.551272 0.551272
9210 5.186961 5.186961 5.186961 0.551272 0.551272 0.551272
9220 5.186961 5.186961 5.186961 0.551272 0.551272 0.551272
9230 5.186961 5.186961 5.186961 0.551272 0.551272 0.551272
9240 5.186961 5.186961 5.186961 0.551272 0.551272 0.551272
9250 5.186961 5.186961 5.186961 0.551272 0.551272 0.551272
9260 5.186961 5.186961 5.186961 0.551272 0.551272 0.551272
9270 5.186961 5.186961 5.186961 0.551272 0.551272 0.551272
9280 5.186961 5.186961 5.186961 0.551272 0.551272 0.551272
9290 5.186961 5.186961 5.186961 0.551272 0.551272 0.551272
9300 5.186961 5.186961 5.186961 0.551272 0.551272 0.551272
9310 5.186961 5.186961 5.186961 0.551272 0.551272 0.551272
9320 5.186961 5.186961 5.186961 0.551272 0.551272 0.551272
9330 5.186961 5.186961 5.186961 0.551272 0.551272 0.551272
9340 5.186961 5.186961 5.186961 0.551272 0.551272 0.551272
9350 5.186961 5.186961 5.186961 0.551272 0.551272 0.551272
9360 5.186961 5.186961 5.186961 0.551272 0.551272 0.551272
9370 5.186961 5.186961 5.186961 0.551272 0.551272 0.551272
9380 5.186961 5.186961 5.186961 0.551272 0.551272 0.551272
9390 5.186961 5.186961 5.186961 0.551272 0.551272 0.551272
9400 5.186961 5.186961 5.186961 0.551272 0.551272 0.551272
9410 5.186961 5.186961 5.186961 0.551272 0.551272 0.551272
9420 5.186961 5.186961 5.186961 0.551272 0.551272 0.551272
9430 5.186961 5.186961 5.186961 0.551272 0.551272 0.551272
9440 5.186961 5.186961 5.186961 0.551272 0.551272 0.551272
9450 5.186961 5.186961 5.186961 0.551272 0.551272 0.551272
9460 5.186961 5.186961 5.186961 0.551272 0.551272 0.551272
9470 5.186961 5.186961 5.186961 0.551272 0.551272 0.551272
9480 5.186961 5.186961 5.186961 0.551272 0.551272 0.551272
9490 5.186961 5.186961 5.186961 0.551272 0.551272 0.551272
9500 5.186961 5.186961 5.186961 0.551272 0.551272 0.551272
9510 5.186961 5.186961 5.186961 0.551272 0.551272 0.551272
9520 5.186961 5.186961 5.186961 0.551272 0.551272 0.551272
9530 5.186961 5.186961 5.186961 0.551272 0.551272 0.551272
9540 5.186961 5.186961 5.186961 0.551272 0.551272 0.551272
9550 5.186961 5.186961 5.186961 0.551272 0.551272 0.551272
9560 5.186961 5.186961 5.186961 0.551272 0.551272 0.551272
9570 5.186961 5.186961 5.186961 0.551272 0.551272 0.551272
9580 5.186961 5.186961 5.186961 0.551272 0.551272 0.551272
9590 5.186961 5.186961 5.186961 0.551272 0.551272 0.551272
9600 5.186961 5.186961 5.186961 0.551272 0.551272 0.551272
9610 5.186961 5.186961 5.186961 0.551272 0.551272 0.551272
9620 5.186961 5.186961 5.186961 0.551272 0.551272 0.551272
9630 5.186961 5.186961 5.186961 0.551272 0.551272 0.551272
9640 5.186961 5.186961 5.186961 0.551272 0.551272 0.551272
9650 5.186961 5.186961 5.186961 0.551272 0.551272 0.551272
9660 5.186961 5.186961 5.186961 0.551272 0.551272 0.551272
9670 5.186961 5.186961 5.186961 0.551272 0.551272 0.551272
9680 5.186961 5.186961 5.186961 0.551272 0.551272 0.551272
9690 5.186961 5.186961 5.186961 0.551272 0.551272 0.551272
9700 5.186961 5.186961 5.186961 0.551272 0.551272 0.551272
9710 5.186961 5.186961 5.186961 0.551272 0.551272 0.551272
9720 5.186961 5.186961 5.186961 0.551272 0.551272 0.551272
9730 5.186961 5.186961 5.186961 0.551272 0.551272 0.551272
9740 5.186961 5.186961 5.186961 0.551272 0.551272 0.551272
9750 5.186961 5.186961 5.186961 0.551272 0.551272 0.551272
9760 5.186961 5.186961 5.186961 0.551272 0.551272 0.551272
9770 5.186961 5.186961 5.186961 0.551272 0.551272 0.551272
9780 5.186961 5.186961 5.186961 0.551272 0.551272 0.551272
9790 5.186961 5.186961 5.186961 0.551272 0.551272 0.551272
9800 5.186961 5.186961 5.186961 0.551272 0.551272 0.551272
9810 5.186961 5.186961 5.186961 0.551272 0.551272 0.551272
9820 5.186961 5.186961 5.186961 0.551272 0.551272 0.551272
9830 5.186961 5.186961 5.186961 0.551272 0.551272 0.551272
9840 5.186961 5.186961 5.186961 0.551272 0.551272 0.551272
9850 5.186961 5.186961 5.186961 0.551272 0.551272 0.551272
9860 5.186961 5.186961 5.186961 0.551272 0.551272 0.551272
9870 5.186961 5.186961 5.186961 0.551272 0.551272 0.551272
9880 5.186961 5.186961 5.186961 0.551272 0.551272 0.551272
9890 5.186961 5.186961 5.186961 0.551272 0.551272 0.551272
9900 5.186961 5.186961 5.186961 0.551272 0.551272 0.551272
9910 5.186961 5.186961 5.186961 0.551272 0.551272 0.551272
9920 5.186961 5.186961 5.186961 0.551272 0.551272 0.551272
9930 5.186961 5.186961 5.186961 0.551272 0.551272 0.551272
9940 5.186961 5.186961 5.186961 0.551272 0.551272 0.551272
9950 5.186961 5.186961 5.186961 0.551272 0.551272 0.551272
9960 5.186961 5.186961 5.186961 0.551272 0.551272 0.551272
9970 5.186961 5.186961 5.186961 0.551272 0.551272 0.551272
9980 5.186961 5.186961 5.186961 0.551272 0.551272 0.551272
9990 5.186961 5.186961 5.186961 0.551272 0.551272 0.551272
10000 5.608159 5.608159 5.608159 0.699582 0.699582 0.699582
