389 302123 11 0.086500 4672 3525 2020 1
874 871755 9 0.146900 4155 3571 2766 1
963 1200005 9 0.127900 5567 2957 2449 1
285 326041 8 0.104000 5327 3544 3102 1
311 389623 11 0.034500 4180 2796 2457 1
736 632732 11 0.075700 4293 3910 2798 1
711 914225 13 0.074000 4738 3392 3958 1
681 706999 10 0.073900 4932 2523 3086 1
707 778193 8 0.153500 4977 3471 2087 1
754 801788 9 0.067700 5726 3183 2361 1
985 1184816 9 0.019900 5847 2748 3459 1
904 1031616 9 0.084900 4150 3713 2687 1
237 330297 9 0.066200 4918 2610 2261 0
678 689760 10 0.077600 5823 3359 2729 1
891 983418 9 0.047300 5102 3659 3328 1
965 1080195 10 0.099000 4052 3909 3297 1
770 885674 12 0.162000 4448 2083 2024 1
957 840724 10 0.090000 5417 3975 2995 1
343 414482 11 0.027100 5811 2144 2687 1
404 565541 9 0.141700 5392 3018 3713 1
938 1015136 10 0.107100 5358 3853 3248 1
532 570042 11 0.108400 4719 2615 3038 1
951 822431 8 0.077200 5834 3171 2653 1
270 294916 12 0.076400 5377 2455 3584 1
651 680609 11 0.099000 5174 3955 3284 1
992 1042480 7 0.089200 5620 3716 3327 1
256 266346 7 0.099800 5845 2063 2458 1
399 379862 13 0.081600 4777 2277 3027 1
605 638386 7 0.128000 5023 2661 2222 1
716 612176 10 0.076700 5400 2557 2127 1
295 314403 10 0.113500 4450 2372 2734 1
454 355241 9 0.154900 4678 3783 3796 1
822 1077608 8 0.081600 4687 2196 3439 1
856 903071 11 0.067400 4749 2366 3827 1
823 1049863 13 0.100300 5070 2224 3921 1
249 191341 10 0.191000 4176 2920 3260 1
648 704289 11 0.068000 5047 3027 3550 0
667 726999 10 0.034800 5140 3513 2016 1
392 400782 12 0.137200 4822 3282 3378 1
802 1125791 12 0.082900 5789 3309 3373 1
191 187531 7 0.164200 5334 2696 3800 0
934 1031063 8 0.075000 5997 3430 3106 1
262 291343 9 0.031900 5482 3068 3171 1
425 431792 10 0.168000 4537 3342 3660 1
107 127059 10 0.067600 4792 2064 3221 1
933 966629 8 0.094500 4459 3579 3803 1
375 409067 10 0.174300 4361 2108 2560 1
397 563057 7 0.061200 4978 3683 3796 1
486 475721 10 0.087800 4885 2961 3278 1
395 400969 10 0.021000 4576 2138 2131 0
674 784912 7 0.037000 5112 3411 2748 1
751 950870 9 0.149300 4025 2920 2275 1
557 455090 9 0.093000 5195 3472 3600 1
632 490236 12 0.086500 5405 2922 2418 1
185 235003 10 0.126000 5515 3936 2993 1
834 791672 13 0.069400 5496 2080 2136 1
183 142241 11 0.078500 4101 2717 3372 1
391 339657 13 0.116300 4095 2030 3063 1
579 677314 8 0.028900 5370 3389 3767 1
283 346058 10 0.160800 5572 3040 2952 1
222 273318 13 0.092000 5463 3054 3361 1
613 699692 12 0.061800 5301 2370 3221 1
835 959444 13 0.089300 4590 3513 2447 1
228 191151 9 0.107900 5045 2474 2047 1
801 939722 8 0.127700 4329 2219 3629 1
897 951356 10 0.100700 5604 2006 2937 1
310 195831 10 0.106900 4132 2824 3329 1
882 969649 11 0.110100 5861 2712 2177 1
141 144154 13 0.102000 5613 3936 2645 1
212 216168 8 0.054300 4683 2579 2101 1
942 898492 9 0.176600 4871 2465 2991 1
482 541555 10 0.111500 4257 2167 2334 1
254 224534 7 0.085600 5051 3503 2793 1
578 556700 12 0.095100 5691 2450 3783 1
312 451263 14 0.083500 4637 2284 3329 1
430 468616 9 0.175200 5168 3984 2285 1
921 876772 10 0.043400 4722 2457 3771 1
809 986982 12 0.159000 4462 3259 3223 1
823 813058 8 0.133200 5648 3202 2751 1
103 106256 12 0.166800 5781 3129 3626 1
919 888909 10 0.113100 5927 3198 2929 1
749 797155 9 0.071700 4705 2342 3465 1
457 476470 9 0.148700 5846 3983 3108 1
826 807345 10 0.154500 4252 2327 3955 1
184 186994 9 0.109300 5970 3586 3605 1
299 452882 13 0.089400 4150 2629 2916 1
212 249969 9 0.034800 4877 2841 3399 1
801 679330 9 0.044400 4967 2779 3354 1
568 745101 9 0.127600 5436 3388 2534 1
882 964399 10 0.142400 5945 2302 3343 1
209 257963 13 0.090900 5790 2264 2478 0
185 207261 11 0.109500 4978 3300 3949 1
423 402501 9 0.043200 4066 3640 2988 1
961 874372 10 0.169100 4687 2602 2564 1
782 876504 13 0.081300 5629 3680 2134 1
592 785183 9 0.111600 4252 2972 3062 1
181 214542 6 0.142100 4798 2391 3448 1
695 915705 13 0.049700 4919 3003 3373 1
615 897766 10 0.189900 4844 3499 2272 1
355 468258 6 0.104900 4730 3507 2275 1
