936 106691 9 0.164900 5194 2231 3967 1
241 39361 14 0.090400 5718 3870 3353 1
491 60266 11 0.105400 5675 3655 3617 1
271 47734 11 0.086500 5871 2014 3148 1
355 32273 8 0.058200 5757 3706 2188 1
900 75341 8 0.043800 4445 3155 2027 1
997 134896 13 0.110000 4252 3059 3595 1
485 62420 11 0.086600 5911 2099 2399 1
186 24639 9 0.114100 4002 2175 3075 1
451 60843 12 0.110000 4577 3356 2946 1
157 12537 9 0.167800 5269 2456 3227 1
727 75149 10 0.148100 5586 2737 3587 1
753 120202 8 0.081700 4910 3626 2446 1
989 83043 8 0.028200 5267 2601 2927 1
407 50944 12 0.139900 5362 3847 3516 1
864 88081 8 0.177700 4255 2886 2118 1
129 13691 9 0.115300 5135 2435 2507 1
519 94045 12 0.109600 4864 2759 2321 1
202 34209 10 0.076300 5200 3363 2637 1
243 18762 9 0.102700 4100 3850 3507 1
561 57214 10 0.156700 4599 2943 2212 0
400 38482 11 0.106600 5964 2055 2449 1
888 102147 7 0.068600 4349 3478 3214 1
785 98083 10 0.086500 4707 2519 2870 0
738 91131 11 0.159700 4061 3039 2421 1
968 117149 11 0.121100 4325 2535 2106 1
927 135882 12 0.094700 5725 2825 2216 1
876 135306 12 0.100800 4290 3364 3571 1
985 129206 8 0.105400 4868 2053 3899 1
857 135402 11 0.083300 4180 3811 3894 1
365 40532 13 0.124300 5508 2524 3392 1
472 58461 11 0.156200 4890 3486 2296 1
784 99271 10 0.060900 4923 3667 3646 1
241 28408 11 0.116700 4372 2762 3884 1
610 72445 7 0.075200 4155 2207 2247 1
537 73944 10 0.056100 4578 2155 3721 1
338 24886 11 0.120100 5014 2058 2962 1
372 56705 6 0.068300 4283 3983 3770 1
602 76394 9 0.106100 4615 2757 3739 1
958 117167 8 0.172700 4798 2494 2977 1
172 22532 14 0.067600 5200 3718 2599 1
548 81353 9 0.050500 4181 3323 2898 1
781 78174 12 0.053500 5811 2390 3719 1
540 90372 7 0.061600 5555 3733 3410 1
442 40088 12 0.086400 4804 3552 3889 1
748 68066 10 0.127800 4441 3805 3349 0
217 29783 7 0.063900 5656 2663 2649 1
713 87678 6 0.099100 4798 3490 2315 1
597 83482 10 0.182700 4403 3444 2701 1
684 92296 10 0.098300 5134 3140 3694 1
788 120545 9 0.162700 5920 2211 3980 1
365 60494 9 0.137000 4254 3248 3138 1
258 44184 10 0.078700 5953 3650 3987 1
624 93555 9 0.097600 4843 3494 2010 1
761 80341 7 0.077300 4556 2748 2313 1
545 75171 9 0.066300 4141 2858 3273 1
808 112307 9 0.097200 4244 2572 2057 1
269 28814 12 0.075300 5797 3433 2188 1
775 119355 9 0.079100 5415 2441 3416 1
659 100866 9 0.145700 4793 2839 3924 1
766 67509 7 0.095100 5925 3632 3616 1
898 146689 7 0.169800 5951 3062 3418 1
895 138110 11 0.082100 4279 3679 3391 1
972 134636 14 0.159400 5576 3120 3215 1
320 34793 13 0.074000 4441 2971 3313 1
850 142209 11 0.070100 4404 2940 2637 0
949 142919 12 0.015600 5590 2806 3264 1
857 120030 12 0.143900 4410 3073 2423 1
331 49059 14 0.116400 4634 2131 2613 1
915 100222 9 0.143700 5019 2464 3588 1
398 54357 8 0.144100 4710 2825 3598 1
552 71678 7 0.155200 4791 3953 2866 1
168 15631 14 0.122400 4227 3799 3171 1
980 111898 13 0.081000 4055 3078 2868 1
827 139686 9 0.107500 5068 3996 3681 1
241 23354 10 0.046700 5938 2134 2417 1
698 100948 10 0.070400 5179 3198 2106 1
391 65404 13 0.032700 4546 2832 3777 1
365 30847 9 0.092200 4339 3016 2957 1
405 36968 9 0.121300 5813 3892 2265 1
635 75088 9 0.142300 5852 3594 3059 1
145 13037 12 0.070500 5561 3440 3570 1
494 60488 8 0.132700 5190 3403 2256 1
521 73354 8 0.026500 4453 3231 2326 1
688 98094 13 0.049700 4001 3559 2105 1
244 31426 11 0.169200 4092 2284 3813 1
316 23268 6 0.082800 4827 2041 2708 1
213 22811 13 0.096600 4226 2130 2642 1
549 64161 6 0.103500 4931 3209 3126 1
949 101994 9 0.011400 4248 3344 3293 1
571 74211 8 0.070300 5109 2862 3010 1
193 26852 10 0.053400 5784 3277 2350 1
432 46731 12 0.115000 4934 3598 2306 1
932 110819 7 0.130500 5744 3051 3684 1
640 89732 9 0.079100 5081 2272 3087 1
983 143969 9 0.089500 4146 3954 2513 0
161 20830 10 0.024200 4302 2345 2476 1
360 47557 9 0.038700 5487 3411 2295 1
110 9883 7 0.036600 4880 3478 3324 1
102 15362 14 0.121000 5281 2399 2080 1
