170 44412 10 0.113700 5523 2477 2399 0
631 207896 9 0.147200 5684 2218 3794 1
701 163941 13 0.107700 4108 3782 2720 1
439 132341 8 0.084100 4219 2947 2643 1
196 36526 10 0.124500 4364 2738 2142 1
361 124227 12 0.116100 5207 3678 2538 1
240 63958 9 0.138600 5721 3615 3342 1
677 214572 13 0.123000 5877 3615 3424 1
298 54405 10 0.170900 4938 3082 2673 1
276 72142 13 0.150900 5487 2262 2663 0
534 166780 13 0.099100 4942 2954 3591 1
638 184619 9 0.119300 4507 3597 2433 1
877 129058 14 0.081800 4218 2692 2972 1
543 165193 10 0.043700 4220 3468 2037 1
758 237115 8 0.189100 4658 2143 2100 1
189 46162 9 0.046400 5758 3231 2657 1
203 49310 12 0.118800 4758 3314 3434 1
784 187881 10 0.012900 5473 3904 2255 1
339 91430 9 0.073300 4163 3056 3661 1
504 176276 9 0.040400 5864 2876 3634 1
930 222867 9 0.126700 4258 2313 2825 1
191 36799 10 0.131300 5289 3294 3118 1
142 42526 12 0.029900 4545 3777 2387 1
503 89503 8 0.083300 4787 3134 3205 1
951 174536 8 0.099000 4031 3910 2970 1
553 88617 10 0.017000 5318 2969 3970 1
369 98868 11 0.168000 5645 3694 2443 1
755 136324 7 0.164100 4641 3206 2255 1
967 159834 9 0.126600 4386 2909 3645 0
158 36813 11 0.089700 5472 3862 2671 1
644 197541 9 0.136000 5896 3140 2615 1
673 225002 10 0.085600 5680 2221 2435 1
104 27218 14 0.075500 4066 2911 2864 1
279 81391 10 0.076700 4025 3692 3023 1
288 66894 9 0.088900 5974 2012 3895 1
828 137329 10 0.082900 4683 2299 2478 1
435 123802 12 0.007300 5190 2617 3952 1
800 212871 13 0.053100 4327 3329 3446 1
155 35055 8 0.180700 4991 3374 3454 1
877 295846 10 0.178400 5204 2542 2653 1
960 150920 9 0.085400 5287 3563 3862 1
735 163080 9 0.130300 5419 2240 3364 1
412 73592 7 0.029700 4303 3103 2370 1
706 182078 9 0.003100 5525 2936 3221 0
965 328482 7 0.085500 4071 3360 3589 1
281 91303 10 0.024000 4534 3425 3395 0
555 192590 10 0.078300 5133 3726 2844 1
955 155875 10 0.170100 5229 2893 2889 1
365 115373 10 0.096200 5012 2589 3333 1
453 103183 13 0.167100 4101 3878 2657 1
708 207541 10 0.137300 4906 3992 3400 1
828 282474 6 0.078500 5944 3017 2672 1
627 142292 11 0.094000 4641 2689 2282 1
551 132811 8 0.041100 4941 3469 3605 1
879 179465 8 0.081200 4046 3507 2205 1
732 173236 11 0.101200 4847 2650 2831 1
101 31990 10 0.102000 4412 2511 2345 1
281 63591 10 0.021700 4780 3175 3056 1
437 119948 10 0.133200 5146 3799 3946 1
913 245902 13 0.073500 5235 2661 3196 1
553 150483 10 0.180000 5771 3534 3277 1
106 23535 11 0.146300 4656 2432 2528 1
301 79368 9 0.055200 5764 2162 3632 1
922 190881 9 0.086700 5262 3859 3522 1
104 27909 11 0.125800 5865 2729 2541 1
111 33125 7 0.074400 5467 2464 2053 1
568 170734 12 0.164500 4646 2888 2026 1
372 120161 13 0.061800 4356 2824 3682 1
167 56503 11 0.132300 4742 3646 3683 1
636 213133 9 0.120100 4991 3082 3334 1
369 108904 9 0.078600 5524 2920 3740 1
898 260436 12 0.085200 4224 3220 2269 1
341 86572 11 0.087400 4837 3943 2759 1
695 246363 11 0.082800 4275 2775 3085 1
859 243474 12 0.049300 5491 2802 2224 1
497 127831 10 0.061500 5184 3697 2339 1
726 162788 11 0.034500 5633 3604 2206 1
234 68116 6 0.127900 5823 2771 2111 1
700 168517 9 0.118500 5930 2182 3070 1
235 51022 8 0.141600 5295 2708 2728 1
259 76509 13 0.155200 4582 2099 3525 1
767 186236 10 0.127600 5148 2631 3365 1
862 223715 10 0.181300 5376 2875 3166 1
279 61694 11 0.070400 4158 3560 3941 1
526 160890 11 0.101500 5620 2123 3300 1
844 250086 10 0.148400 4180 2054 3158 1
484 166209 9 0.169000 4233 3326 2031 1
973 345782 11 0.116200 4086 2569 3586 1
100 20500 10 0.162000 4536 2501 2548 1
194 27638 9 0.074200 4929 2888 3950 1
570 95023 9 0.093000 5011 3134 3434 1
771 159478 8 0.128300 4384 2891 2015 1
648 202410 12 0.012500 4220 2362 3852 1
943 216201 10 0.088700 4774 2142 2422 1
375 71636 13 0.115000 4563 3889 3554 1
921 272401 12 0.105800 4093 2627 3351 1
106 18037 8 0.110800 5884 2470 3244 1
509 126415 14 0.105500 5649 3151 3754 1
249 65491 10 0.168100 5831 2468 2601 1
495 97263 13 0.166600 4155 2990 3805 1
