# generation power_min power_avg power_max util_min util_avg util_max
1 22.464986 26.252715 30.837408 0.319699 0.418885 0.525745
10 20.762175 25.672225 28.870774 0.319590 0.406926 0.477717
20 20.762175 25.243329 27.733749 0.319590 0.398887 0.477717
30 20.762175 24.855308 26.831412 0.315812 0.390920 0.454299
40 20.660776 24.418804 26.535496 0.302378 0.382014 0.445801
50 20.597373 24.005911 26.168599 0.302378 0.374095 0.434978
60 20.353733 23.600358 25.825623 0.302378 0.366535 0.429813
70 20.309482 23.142634 25.595454 0.276136 0.356833 0.422746
80 19.136479 22.676358 25.089253 0.248964 0.347633 0.406138
90 19.136479 22.234061 24.658886 0.248964 0.338394 0.401775
100 19.136479 21.801869 24.166231 0.248964 0.330444 0.395062
110 19.136479 21.403074 23.768953 0.248964 0.322739 0.395062
120 18.731508 21.027925 23.395404 0.248964 0.315301 0.365367
130 18.495378 20.659191 22.650730 0.246888 0.309363 0.359400
140 18.495378 20.341502 22.293766 0.246888 0.303792 0.359400
150 17.871005 20.016477 21.815957 0.235823 0.297505 0.350707
160 17.858608 19.730981 21.260733 0.235823 0.292145 0.324368
170 17.520751 19.474056 20.660776 0.235823 0.286100 0.322911
180 17.520751 19.265555 20.404258 0.235823 0.281811 0.322911
190 17.388894 19.043164 20.233611 0.235823 0.276904 0.320779
200 17.144319 18.787947 20.075461 0.231013 0.271377 0.320779
210 17.096117 18.565897 19.913777 0.231013 0.266242 0.320779
220 16.308033 18.341856 19.604164 0.214073 0.261493 0.311759
230 16.273188 18.162503 19.199800 0.214073 0.257769 0.292520
240 16.273188 17.991547 19.091316 0.214073 0.254787 0.292520
250 16.273188 17.825464 18.742249 0.214073 0.251282 0.284219
260 16.161064 17.618143 18.563778 0.209355 0.248173 0.284219
270 15.418240 17.434203 18.443431 0.208412 0.244446 0.279756
280 15.418240 17.251948 18.205835 0.205445 0.240510 0.279756
290 15.379251 17.097001 18.047692 0.205445 0.237353 0.279756
300 15.379251 16.961254 17.814339 0.205445 0.233972 0.261110
310 15.235343 16.841564 17.607894 0.204521 0.231542 0.258407
320 14.954998 16.686603 17.456859 0.203790 0.229023 0.258407
330 14.954998 16.547512 17.322173 0.200190 0.226222 0.258407
340 14.687640 16.399352 17.247620 0.185471 0.223599 0.252122
350 14.687640 16.217778 17.096117 0.185471 0.220314 0.252122
360 13.276016 16.023470 17.011155 0.167334 0.216826 0.243330
370 13.276016 15.853465 16.824247 0.167334 0.213513 0.239512
380 13.276016 15.647808 16.715139 0.167334 0.209695 0.237506
390 13.276016 15.420372 16.578874 0.167334 0.205627 0.232250
400 13.276016 15.212742 16.273188 0.167334 0.201438 0.232108
410 13.276016 14.996746 16.169960 0.167334 0.197634 0.231488
420 13.276016 14.777582 15.991692 0.161711 0.193398 0.219037
430 13.276016 14.584500 15.590670 0.161711 0.189958 0.217136
440 12.826739 14.397285 15.383497 0.151630 0.186476 0.217136
450 12.729315 14.178074 15.235343 0.149122 0.182076 0.210346
460 12.627759 13.995894 15.038517 0.149122 0.178603 0.210346
470 12.536555 13.803644 14.826563 0.149122 0.174548 0.210346
480 12.536555 13.650126 14.676235 0.149122 0.171839 0.204326
490 12.449420 13.492545 14.467294 0.148248 0.169071 0.198746
500 12.357872 13.338208 14.277461 0.148248 0.166102 0.194213
510 12.311624 13.207834 13.907983 0.148248 0.163763 0.177471
520 12.298718 13.088778 13.760572 0.147786 0.161763 0.176089
530 12.171467 12.979701 13.573184 0.147786 0.159948 0.176089
540 12.126693 12.890620 13.449837 0.147786 0.158555 0.176089
550 12.055948 12.792405 13.307551 0.144939 0.156993 0.168635
560 11.753821 12.693956 13.205995 0.137010 0.155659 0.168635
570 11.753821 12.611186 13.134535 0.137010 0.154596 0.168635
580 11.713756 12.518237 13.052458 0.137010 0.153024 0.167334
590 11.465700 12.425165 12.908943 0.137010 0.151936 0.165586
600 11.465700 12.341058 12.826739 0.137010 0.151089 0.162923
610 11.465700 12.277393 12.729315 0.137010 0.150814 0.161550
620 11.406225 12.192753 12.598334 0.131956 0.149894 0.155800
630 11.406225 12.119012 12.481925 0.131956 0.149452 0.155800
640 11.375572 12.049658 12.417699 0.131956 0.148603 0.155800
650 11.108570 11.966482 12.360226 0.129450 0.147201 0.155800
660 11.108570 11.909488 12.245553 0.129450 0.146658 0.155800
670 11.108570 11.854009 12.210346 0.129450 0.146056 0.155800
680 10.907259 11.779889 12.171467 0.129450 0.144939 0.155800
690 10.907259 11.712155 12.143489 0.129450 0.143382 0.153674
700 10.907259 11.642786 12.082795 0.129450 0.142129 0.153519
710 10.807158 11.555206 12.003332 0.129450 0.140812 0.153519
720 10.807158 11.485745 11.883167 0.129178 0.139445 0.153034
730 10.807158 11.408308 11.775596 0.129178 0.138342 0.153034
740 10.807158 11.342179 11.753005 0.129178 0.137669 0.153034
750 10.798132 11.269957 11.659014 0.129178 0.137013 0.153034
760 10.798132 11.201522 11.596448 0.129178 0.135926 0.153034
770 10.798132 11.130344 11.548962 0.129178 0.135462 0.153034
780 10.798132 11.066967 11.444619 0.129178 0.134564 0.144310
790 10.798132 11.017743 11.315903 0.129450 0.134357 0.142817
800 10.688080 10.972636 11.205852 0.129450 0.134378 0.142817
810 10.688080 10.934159 11.147197 0.131239 0.134565 0.142817
820 10.618712 10.896732 11.138171 0.131239 0.134726 0.142817
830 10.618712 10.865384 11.085967 0.131239 0.134480 0.136654
840 10.618712 10.836573 11.036686 0.131239 0.134655 0.136654
850 10.618712 10.808750 10.954476 0.131239 0.134742 0.136654
860 10.618712 10.788084 10.907259 0.131802 0.134856 0.136654
870 10.618712 10.772304 10.846694 0.132711 0.135071 0.136654
880 10.618712 10.757563 10.817778 0.132711 0.135120 0.136654
890 10.590199 10.742127 10.817778 0.132711 0.135073 0.136654
900 10.528149 10.730820 10.807158 0.132711 0.135043 0.136654
910 10.528149 10.713935 10.807158 0.132711 0.135013 0.136654
920 10.499635 10.698469 10.807158 0.132711 0.134991 0.136654
930 10.499635 10.678629 10.798132 0.132711 0.134923 0.136654
940 10.499635 10.657809 10.798132 0.132711 0.134946 0.136654
950 10.499635 10.642021 10.716997 0.132711 0.135040 0.136654
960 10.499635 10.628500 10.688080 0.133093 0.135132 0.136654
970 10.499635 10.614505 10.688080 0.133093 0.135160 0.136654
980 10.499635 10.601044 10.688080 0.133093 0.135146 0.136654
990 10.499635 10.589629 10.688080 0.133093 0.135185 0.136654
1000 10.499635 10.575108 10.618712 0.133093 0.135170 0.136654
1010 10.499635 10.565295 10.618712 0.133093 0.135123 0.136654
1020 10.499635 10.553387 10.618712 0.133093 0.135085 0.136654
1030 10.499635 10.541479 10.618712 0.133093 0.135047 0.136654
1040 10.499635 10.529572 10.618712 0.133093 0.135008 0.136654
1050 10.499635 10.517664 10.598793 0.133093 0.134970 0.136654
1060 10.499635 10.508436 10.590199 0.133093 0.135073 0.136654
1070 10.499635 10.501916 10.528149 0.134992 0.135125 0.136654
1080 10.499635 10.499635 10.499635 0.134992 0.134992 0.134992
1090 10.499635 10.499635 10.499635 0.134992 0.134992 0.134992
1100 10.499635 10.499635 10.499635 0.134992 0.134992 0.134992
1110 10.499635 10.499635 10.499635 0.134992 0.134992 0.134992
1120 10.499635 10.499635 10.499635 0.134992 0.134992 0.134992
1130 10.499635 10.499635 10.499635 0.134992 0.134992 0.134992
1140 10.499635 10.499635 10.499635 0.134992 0.134992 0.134992
1150 10.499635 10.499635 10.499635 0.134992 0.134992 0.134992
1160 10.499635 10.499635 10.499635 0.134992 0.134992 0.134992
1170 10.499635 10.499635 10.499635 0.134992 0.134992 0.134992
1180 10.499635 10.499635 10.499635 0.134992 0.134992 0.134992
1190 10.499635 10.499635 10.499635 0.134992 0.134992 0.134992
1200 10.499635 10.499635 10.499635 0.134992 0.134992 0.134992
1210 10.499635 10.499635 10.499635 0.134992 0.134992 0.134992
1220 10.499635 10.499635 10.499635 0.134992 0.134992 0.134992
1230 10.499635 10.499635 10.499635 0.134992 0.134992 0.134992
1240 10.499635 10.499635 10.499635 0.134992 0.134992 0.134992
1250 10.499635 10.499635 10.499635 0.134992 0.134992 0.134992
1260 10.499635 10.499635 10.499635 0.134992 0.134992 0.134992
1270 10.499635 10.499635 10.499635 0.134992 0.134992 0.134992
1280 10.499635 10.499635 10.499635 0.134992 0.134992 0.134992
1290 10.499635 10.499635 10.499635 0.134992 0.134992 0.134992
1300 10.499635 10.499635 10.499635 0.134992 0.134992 0.134992
1310 10.499635 10.499635 10.499635 0.134992 0.134992 0.134992
1320 10.499635 10.499635 10.499635 0.134992 0.134992 0.134992
1330 10.499635 10.499635 10.499635 0.134992 0.134992 0.134992
1340 10.499635 10.499635 10.499635 0.134992 0.134992 0.134992
1350 10.499635 10.499635 10.499635 0.134992 0.134992 0.134992
1360 10.499635 10.499635 10.499635 0.134992 0.134992 0.134992
1370 10.499635 10.499635 10.499635 0.134992 0.134992 0.134992
1380 10.499635 10.499635 10.499635 0.134992 0.134992 0.134992
1390 10.499635 10.499635 10.499635 0.134992 0.134992 0.134992
1400 10.499635 10.499635 10.499635 0.134992 0.134992 0.134992
1410 10.499635 10.499635 10.499635 0.134992 0.134992 0.134992
1420 10.499635 10.499635 10.499635 0.134992 0.134992 0.134992
1430 10.499635 10.499635 10.499635 0.134992 0.134992 0.134992
1440 10.499635 10.499635 10.499635 0.134992 0.134992 0.134992
1450 10.499635 10.499635 10.499635 0.134992 0.134992 0.134992
1460 10.499635 10.499635 10.499635 0.134992 0.134992 0.134992
1470 10.499635 10.499635 10.499635 0.134992 0.134992 0.134992
1480 10.499635 10.499635 10.499635 0.134992 0.134992 0.134992
1490 10.499635 10.499635 10.499635 0.134992 0.134992 0.134992
1500 10.499635 10.499635 10.499635 0.134992 0.134992 0.134992
1510 10.499635 10.499635 10.499635 0.134992 0.134992 0.134992
1520 10.499635 10.499635 10.499635 0.134992 0.134992 0.134992
1530 10.499635 10.499635 10.499635 0.134992 0.134992 0.134992
1540 10.499635 10.499635 10.499635 0.134992 0.134992 0.134992
1550 10.499635 10.499635 10.499635 0.134992 0.134992 0.134992
1560 10.499635 10.499635 10.499635 0.134992 0.134992 0.134992
1570 10.499635 10.499635 10.499635 0.134992 0.134992 0.134992
1580 10.499635 10.499635 10.499635 0.134992 0.134992 0.134992
1590 10.499635 10.499635 10.499635 0.134992 0.134992 0.134992
1600 10.499635 10.499635 10.499635 0.134992 0.134992 0.134992
1610 10.499635 10.499635 10.499635 0.134992 0.134992 0.134992
1620 10.499635 10.499635 10.499635 0.134992 0.134992 0.134992
1630 10.499635 10.499635 10.499635 0.134992 0.134992 0.134992
1640 10.499635 10.499635 10.499635 0.134992 0.134992 0.134992
1650 10.499635 10.499635 10.499635 0.134992 0.134992 0.134992
1660 10.499635 10.499635 10.499635 0.134992 0.134992 0.134992
1670 10.499635 10.499635 10.499635 0.134992 0.134992 0.134992
1680 10.499635 10.499635 10.499635 0.134992 0.134992 0.134992
1690 10.499635 10.499635 10.499635 0.134992 0.134992 0.134992
1700 10.499635 10.499635 10.499635 0.134992 0.134992 0.134992
1710 10.499635 10.499635 10.499635 0.134992 0.134992 0.134992
1720 10.499635 10.499635 10.499635 0.134992 0.134992 0.134992
1730 10.499635 10.499635 10.499635 0.134992 0.134992 0.134992
1740 10.499635 10.499635 10.499635 0.134992 0.134992 0.134992
1750 10.499635 10.499635 10.499635 0.134992 0.134992 0.134992
1760 10.499635 10.499635 10.499635 0.134992 0.134992 0.134992
1770 10.499635 10.499635 10.499635 0.134992 0.134992 0.134992
1780 10.499635 10.499635 10.499635 0.134992 0.134992 0.134992
1790 10.499635 10.499635 10.499635 0.134992 0.134992 0.134992
1800 10.499635 10.499635 10.499635 0.134992 0.134992 0.134992
1810 10.499635 10.499635 10.499635 0.134992 0.134992 0.134992
1820 10.499635 10.499635 10.499635 0.134992 0.134992 0.134992
1830 10.499635 10.499635 10.499635 0.134992 0.134992 0.134992
1840 10.499635 10.499635 10.499635 0.134992 0.134992 0.134992
1850 10.499635 10.499635 10.499635 0.134992 0.134992 0.134992
1860 10.499635 10.499635 10.499635 0.134992 0.134992 0.134992
1870 10.499635 10.499635 10.499635 0.134992 0.134992 0.134992
1880 10.499635 10.499635 10.499635 0.134992 0.134992 0.134992
1890 10.499635 10.499635 10.499635 0.134992 0.134992 0.134992
1900 10.499635 10.499635 10.499635 0.134992 0.134992 0.134992
1910 10.499635 10.499635 10.499635 0.134992 0.134992 0.134992
1920 10.499635 10.499635 10.499635 0.134992 0.134992 0.134992
1930 10.499635 10.499635 10.499635 0.134992 0.134992 0.134992
1940 10.499635 10.499635 10.499635 0.134992 0.134992 0.134992
1950 10.499635 10.499635 10.499635 0.134992 0.134992 0.134992
1960 10.499635 10.499635 10.499635 0.134992 0.134992 0.134992
1970 10.499635 10.499635 10.499635 0.134992 0.134992 0.134992
1980 10.499635 10.499635 10.499635 0.134992 0.134992 0.134992
1990 10.499635 10.499635 10.499635 0.134992 0.134992 0.134992
2000 10.499635 10.499635 10.499635 0.134992 0.134992 0.134992
2010 10.499635 10.499635 10.499635 0.134992 0.134992 0.134992
2020 10.499635 10.499635 10.499635 0.134992 0.134992 0.134992
2030 10.499635 10.499635 10.499635 0.134992 0.134992 0.134992
2040 10.499635 10.499635 10.499635 0.134992 0.134992 0.134992
2050 10.499635 10.499635 10.499635 0.134992 0.134992 0.134992
2060 10.499635 10.499635 10.499635 0.134992 0.134992 0.134992
2070 10.499635 10.499635 10.499635 0.134992 0.134992 0.134992
2080 10.499635 10.499635 10.499635 0.134992 0.134992 0.134992
2090 10.499635 10.499635 10.499635 0.134992 0.134992 0.134992
2100 10.499635 10.499635 10.499635 0.134992 0.134992 0.134992
2110 10.499635 10.499635 10.499635 0.134992 0.134992 0.134992
2120 10.499635 10.499635 10.499635 0.134992 0.134992 0.134992
2130 10.499635 10.499635 10.499635 0.134992 0.134992 0.134992
2140 10.499635 10.499635 10.499635 0.134992 0.134992 0.134992
2150 10.499635 10.499635 10.499635 0.134992 0.134992 0.134992
2160 10.499635 10.499635 10.499635 0.134992 0.134992 0.134992
2170 10.499635 10.499635 10.499635 0.134992 0.134992 0.134992
2180 10.499635 10.499635 10.499635 0.134992 0.134992 0.134992
2190 10.499635 10.499635 10.499635 0.134992 0.134992 0.134992
2200 10.499635 10.499635 10.499635 0.134992 0.134992 0.134992
2210 10.499635 10.499635 10.499635 0.134992 0.134992 0.134992
2220 10.499635 10.499635 10.499635 0.134992 0.134992 0.134992
2230 10.499635 10.499635 10.499635 0.134992 0.134992 0.134992
2240 10.499635 10.499635 10.499635 0.134992 0.134992 0.134992
2250 10.499635 10.499635 10.499635 0.134992 0.134992 0.134992
2260 10.499635 10.499635 10.499635 0.134992 0.134992 0.134992
2270 10.499635 10.499635 10.499635 0.134992 0.134992 0.134992
2280 10.499635 10.499635 10.499635 0.134992 0.134992 0.134992
2290 10.499635 10.499635 10.499635 0.134992 0.134992 0.134992
2300 10.499635 10.499635 10.499635 0.134992 0.134992 0.134992
2310 10.499635 10.499635 10.499635 0.134992 0.134992 0.134992
2320 10.499635 10.499635 10.499635 0.134992 0.134992 0.134992
2330 10.499635 10.499635 10.499635 0.134992 0.134992 0.134992
2340 10.499635 10.499635 10.499635 0.134992 0.134992 0.134992
2350 10.499635 10.499635 10.499635 0.134992 0.134992 0.134992
2360 10.499635 10.499635 10.499635 0.134992 0.134992 0.134992
2370 10.499635 10.499635 10.499635 0.134992 0.134992 0.134992
2380 10.499635 10.499635 10.499635 0.134992 0.134992 0.134992
2390 10.499635 10.499635 10.499635 0.134992 0.134992 0.134992
2400 10.499635 10.499635 10.499635 0.134992 0.134992 0.134992
2410 10.499635 10.499635 10.499635 0.134992 0.134992 0.134992
2420 10.499635 10.499635 10.499635 0.134992 0.134992 0.134992
2430 10.499635 10.499635 10.499635 0.134992 0.134992 0.134992
2440 10.499635 10.499635 10.499635 0.134992 0.134992 0.134992
2450 10.499635 10.499635 10.499635 0.134992 0.134992 0.134992
2460 10.499635 10.499635 10.499635 0.134992 0.134992 0.134992
2470 10.499635 10.499635 10.499635 0.134992 0.134992 0.134992
2480 10.499635 10.499635 10.499635 0.134992 0.134992 0.134992
2490 10.499635 10.499635 10.499635 0.134992 0.134992 0.134992
2500 10.499635 10.499635 10.499635 0.134992 0.134992 0.134992
2510 10.499635 10.499635 10.499635 0.134992 0.134992 0.134992
2520 10.499635 10.499635 10.499635 0.134992 0.134992 0.134992
2530 10.499635 10.499635 10.499635 0.134992 0.134992 0.134992
2540 10.499635 10.499635 10.499635 0.134992 0.134992 0.134992
2550 10.499635 10.499635 10.499635 0.134992 0.134992 0.134992
2560 10.499635 10.499635 10.499635 0.134992 0.134992 0.134992
2570 10.499635 10.499635 10.499635 0.134992 0.134992 0.134992
2580 10.499635 10.499635 10.499635 0.134992 0.134992 0.134992
2590 10.499635 10.499635 10.499635 0.134992 0.134992 0.134992
2600 10.499635 10.499635 10.499635 0.134992 0.134992 0.134992
2610 10.499635 10.499635 10.499635 0.134992 0.134992 0.134992
2620 10.499635 10.499635 10.499635 0.134992 0.134992 0.134992
2630 10.499635 10.499635 10.499635 0.134992 0.134992 0.134992
2640 10.499635 10.499635 10.499635 0.134992 0.134992 0.134992
2650 10.499635 10.499635 10.499635 0.134992 0.134992 0.134992
2660 10.499635 10.499635 10.499635 0.134992 0.134992 0.134992
2670 10.499635 10.499635 10.499635 0.134992 0.134992 0.134992
2680 10.499635 10.499635 10.499635 0.134992 0.134992 0.134992
2690 10.499635 10.499635 10.499635 0.134992 0.134992 0.134992
2700 10.499635 10.499635 10.499635 0.134992 0.134992 0.134992
2710 10.499635 10.499635 10.499635 0.134992 0.134992 0.134992
2720 10.499635 10.499635 10.499635 0.134992 0.134992 0.134992
2730 10.499635 10.499635 10.499635 0.134992 0.134992 0.134992
2740 10.499635 10.499635 10.499635 0.134992 0.134992 0.134992
2750 10.499635 10.499635 10.499635 0.134992 0.134992 0.134992
2760 10.499635 10.499635 10.499635 0.134992 0.134992 0.134992
2770 10.499635 10.499635 10.499635 0.134992 0.134992 0.134992
2780 10.499635 10.499635 10.499635 0.134992 0.134992 0.134992
2790 10.499635 10.499635 10.499635 0.134992 0.134992 0.134992
2800 10.499635 10.499635 10.499635 0.134992 0.134992 0.134992
2810 10.499635 10.499635 10.499635 0.134992 0.134992 0.134992
2820 10.499635 10.499635 10.499635 0.134992 0.134992 0.134992
2830 10.499635 10.499635 10.499635 0.134992 0.134992 0.134992
2840 10.499635 10.499635 10.499635 0.134992 0.134992 0.134992
2850 10.499635 10.499635 10.499635 0.134992 0.134992 0.134992
2860 10.499635 10.499635 10.499635 0.134992 0.134992 0.134992
2870 10.499635 10.499635 10.499635 0.134992 0.134992 0.134992
2880 10.499635 10.499635 10.499635 0.134992 0.134992 0.134992
2890 10.499635 10.499635 10.499635 0.134992 0.134992 0.134992
2900 10.499635 10.499635 10.499635 0.134992 0.134992 0.134992
2910 10.499635 10.499635 10.499635 0.134992 0.134992 0.134992
2920 10.499635 10.499635 10.499635 0.134992 0.134992 0.134992
2930 10.499635 10.499635 10.499635 0.134992 0.134992 0.134992
2940 10.499635 10.499635 10.499635 0.134992 0.134992 0.134992
2950 10.499635 10.499635 10.499635 0.134992 0.134992 0.134992
2960 10.499635 10.499635 10.499635 0.134992 0.134992 0.134992
2970 10.499635 10.499635 10.499635 0.134992 0.134992 0.134992
2980 10.499635 10.499635 10.499635 0.134992 0.134992 0.134992
2990 10.499635 10.499635 10.499635 0.134992 0.134992 0.134992
3000 10.499635 10.499635 10.499635 0.134992 0.134992 0.134992
3010 10.499635 10.499635 10.499635 0.134992 0.134992 0.134992
3020 10.499635 10.499635 10.499635 0.134992 0.134992 0.134992
3030 10.499635 10.499635 10.499635 0.134992 0.134992 0.134992
3040 10.499635 10.499635 10.499635 0.134992 0.134992 0.134992
3050 10.499635 10.499635 10.499635 0.134992 0.134992 0.134992
3060 10.499635 10.499635 10.499635 0.134992 0.134992 0.134992
3070 10.499635 10.499635 10.499635 0.134992 0.134992 0.134992
3080 10.499635 10.499635 10.499635 0.134992 0.134992 0.134992
3090 10.499635 10.499635 10.499635 0.134992 0.134992 0.134992
3100 10.499635 10.499635 10.499635 0.134992 0.134992 0.134992
3110 10.499635 10.499635 10.499635 0.134992 0.134992 0.134992
3120 10.499635 10.499635 10.499635 0.134992 0.134992 0.134992
3130 10.499635 10.499635 10.499635 0.134992 0.134992 0.134992
3140 10.499635 10.499635 10.499635 0.134992 0.134992 0.134992
3150 10.499635 10.499635 10.499635 0.134992 0.134992 0.134992
3160 10.499635 10.499635 10.499635 0.134992 0.134992 0.134992
3170 10.499635 10.499635 10.499635 0.134992 0.134992 0.134992
3180 10.499635 10.499635 10.499635 0.134992 0.134992 0.134992
3190 10.499635 10.499635 10.499635 0.134992 0.134992 0.134992
3200 10.499635 10.499635 10.499635 0.134992 0.134992 0.134992
3210 10.499635 10.499635 10.499635 0.134992 0.134992 0.134992
3220 10.499635 10.499635 10.499635 0.134992 0.134992 0.134992
3230 10.499635 10.499635 10.499635 0.134992 0.134992 0.134992
3240 10.499635 10.499635 10.499635 0.134992 0.134992 0.134992
3250 10.499635 10.499635 10.499635 0.134992 0.134992 0.134992
3260 10.499635 10.499635 10.499635 0.134992 0.134992 0.134992
3270 10.499635 10.499635 10.499635 0.134992 0.134992 0.134992
3280 10.499635 10.499635 10.499635 0.134992 0.134992 0.134992
3290 10.499635 10.499635 10.499635 0.134992 0.134992 0.134992
3300 10.499635 10.499635 10.499635 0.134992 0.134992 0.134992
3310 10.499635 10.499635 10.499635 0.134992 0.134992 0.134992
3320 10.499635 10.499635 10.499635 0.134992 0.134992 0.134992
3330 10.499635 10.499635 10.499635 0.134992 0.134992 0.134992
3340 10.499635 10.499635 10.499635 0.134992 0.134992 0.134992
3350 10.499635 10.499635 10.499635 0.134992 0.134992 0.134992
3360 10.499635 10.499635 10.499635 0.134992 0.134992 0.134992
3370 10.499635 10.499635 10.499635 0.134992 0.134992 0.134992
3380 10.499635 10.499635 10.499635 0.134992 0.134992 0.134992
3390 10.499635 10.499635 10.499635 0.134992 0.134992 0.134992
3400 10.499635 10.499635 10.499635 0.134992 0.134992 0.134992
3410 10.499635 10.499635 10.499635 0.134992 0.134992 0.134992
3420 10.499635 10.499635 10.499635 0.134992 0.134992 0.134992
3430 10.499635 10.499635 10.499635 0.134992 0.134992 0.134992
3440 10.499635 10.499635 10.499635 0.134992 0.134992 0.134992
3450 10.499635 10.499635 10.499635 0.134992 0.134992 0.134992
3460 10.499635 10.499635 10.499635 0.134992 0.134992 0.134992
3470 10.499635 10.499635 10.499635 0.134992 0.134992 0.134992
3480 10.499635 10.499635 10.499635 0.134992 0.134992 0.134992
3490 10.499635 10.499635 10.499635 0.134992 0.134992 0.134992
3500 10.499635 10.499635 10.499635 0.134992 0.134992 0.134992
3510 10.499635 10.499635 10.499635 0.134992 0.134992 0.134992
3520 10.499635 10.499635 10.499635 0.134992 0.134992 0.134992
3530 10.499635 10.499635 10.499635 0.134992 0.134992 0.134992
3540 10.499635 10.499635 10.499635 0.134992 0.134992 0.134992
3550 10.499635 10.499635 10.499635 0.134992 0.134992 0.134992
3560 10.499635 10.499635 10.499635 0.134992 0.134992 0.134992
3570 10.499635 10.499635 10.499635 0.134992 0.134992 0.134992
3580 10.499635 10.499635 10.499635 0.134992 0.134992 0.134992
3590 10.499635 10.499635 10.499635 0.134992 0.134992 0.134992
3600 10.499635 10.499635 10.499635 0.134992 0.134992 0.134992
3610 10.499635 10.499635 10.499635 0.134992 0.134992 0.134992
3620 10.499635 10.499635 10.499635 0.134992 0.134992 0.134992
3630 10.499635 10.499635 10.499635 0.134992 0.134992 0.134992
3640 10.499635 10.499635 10.499635 0.134992 0.134992 0.134992
3650 10.499635 10.499635 10.499635 0.134992 0.134992 0.134992
3660 10.499635 10.499635 10.499635 0.134992 0.134992 0.134992
3670 10.499635 10.499635 10.499635 0.134992 0.134992 0.134992
3680 10.499635 10.499635 10.499635 0.134992 0.134992 0.134992
3690 10.499635 10.499635 10.499635 0.134992 0.134992 0.134992
3700 10.499635 10.499635 10.499635 0.134992 0.134992 0.134992
3710 10.499635 10.499635 10.499635 0.134992 0.134992 0.134992
3720 10.499635 10.499635 10.499635 0.134992 0.134992 0.134992
3730 10.499635 10.499635 10.499635 0.134992 0.134992 0.134992
3740 10.499635 10.499635 10.499635 0.134992 0.134992 0.134992
3750 10.499635 10.499635 10.499635 0.134992 0.134992 0.134992
3760 10.499635 10.499635 10.499635 0.134992 0.134992 0.134992
3770 10.499635 10.499635 10.499635 0.134992 0.134992 0.134992
3780 10.499635 10.499635 10.499635 0.134992 0.134992 0.134992
3790 10.499635 10.499635 10.499635 0.134992 0.134992 0.134992
3800 10.499635 10.499635 10.499635 0.134992 0.134992 0.134992
3810 10.499635 10.499635 10.499635 0.134992 0.134992 0.134992
3820 10.499635 10.499635 10.499635 0.134992 0.134992 0.134992
3830 10.499635 10.499635 10.499635 0.134992 0.134992 0.134992
3840 10.499635 10.499635 10.499635 0.134992 0.134992 0.134992
3850 10.499635 10.499635 10.499635 0.134992 0.134992 0.134992
3860 10.499635 10.499635 10.499635 0.134992 0.134992 0.134992
3870 10.499635 10.499635 10.499635 0.134992 0.134992 0.134992
3880 10.499635 10.499635 10.499635 0.134992 0.134992 0.134992
3890 10.499635 10.499635 10.499635 0.134992 0.134992 0.134992
3900 10.499635 10.499635 10.499635 0.134992 0.134992 0.134992
3910 10.499635 10.499635 10.499635 0.134992 0.134992 0.134992
3920 10.499635 10.499635 10.499635 0.134992 0.134992 0.134992
3930 10.499635 10.499635 10.499635 0.134992 0.134992 0.134992
3940 10.499635 10.499635 10.499635 0.134992 0.134992 0.134992
3950 10.499635 10.499635 10.499635 0.134992 0.134992 0.134992
3960 10.499635 10.499635 10.499635 0.134992 0.134992 0.134992
3970 10.499635 10.499635 10.499635 0.134992 0.134992 0.134992
3980 10.499635 10.499635 10.499635 0.134992 0.134992 0.134992
3990 10.499635 10.499635 10.499635 0.134992 0.134992 0.134992
4000 10.499635 10.499635 10.499635 0.134992 0.134992 0.134992
4010 10.499635 10.499635 10.499635 0.134992 0.134992 0.134992
4020 10.499635 10.499635 10.499635 0.134992 0.134992 0.134992
4030 10.499635 10.499635 10.499635 0.134992 0.134992 0.134992
4040 10.499635 10.499635 10.499635 0.134992 0.134992 0.134992
4050 10.499635 10.499635 10.499635 0.134992 0.134992 0.134992
4060 10.499635 10.499635 10.499635 0.134992 0.134992 0.134992
4070 10.499635 10.499635 10.499635 0.134992 0.134992 0.134992
4080 10.499635 10.499635 10.499635 0.134992 0.134992 0.134992
4090 10.499635 10.499635 10.499635 0.134992 0.134992 0.134992
4100 10.499635 10.499635 10.499635 0.134992 0.134992 0.134992
4110 10.499635 10.499635 10.499635 0.134992 0.134992 0.134992
4120 10.499635 10.499635 10.499635 0.134992 0.134992 0.134992
4130 10.499635 10.499635 10.499635 0.134992 0.134992 0.134992
4140 10.499635 10.499635 10.499635 0.134992 0.134992 0.134992
4150 10.499635 10.499635 10.499635 0.134992 0.134992 0.134992
4160 10.499635 10.499635 10.499635 0.134992 0.134992 0.134992
4170 10.499635 10.499635 10.499635 0.134992 0.134992 0.134992
4180 10.499635 10.499635 10.499635 0.134992 0.134992 0.134992
4190 10.499635 10.499635 10.499635 0.134992 0.134992 0.134992
4200 10.499635 10.499635 10.499635 0.134992 0.134992 0.134992
4210 10.499635 10.499635 10.499635 0.134992 0.134992 0.134992
4220 10.499635 10.499635 10.499635 0.134992 0.134992 0.134992
4230 10.499635 10.499635 10.499635 0.134992 0.134992 0.134992
4240 10.499635 10.499635 10.499635 0.134992 0.134992 0.134992
4250 10.499635 10.499635 10.499635 0.134992 0.134992 0.134992
4260 10.499635 10.499635 10.499635 0.134992 0.134992 0.134992
4270 10.499635 10.499635 10.499635 0.134992 0.134992 0.134992
4280 10.499635 10.499635 10.499635 0.134992 0.134992 0.134992
4290 10.499635 10.499635 10.499635 0.134992 0.134992 0.134992
4300 10.499635 10.499635 10.499635 0.134992 0.134992 0.134992
4310 10.499635 10.499635 10.499635 0.134992 0.134992 0.134992
4320 10.499635 10.499635 10.499635 0.134992 0.134992 0.134992
4330 10.499635 10.499635 10.499635 0.134992 0.134992 0.134992
4340 10.499635 10.499635 10.499635 0.134992 0.134992 0.134992
4350 10.499635 10.499635 10.499635 0.134992 0.134992 0.134992
4360 10.499635 10.499635 10.499635 0.134992 0.134992 0.134992
4370 10.499635 10.499635 10.499635 0.134992 0.134992 0.134992
4380 10.499635 10.499635 10.499635 0.134992 0.134992 0.134992
4390 10.499635 10.499635 10.499635 0.134992 0.134992 0.134992
4400 10.499635 10.499635 10.499635 0.134992 0.134992 0.134992
4410 10.499635 10.499635 10.499635 0.134992 0.134992 0.134992
4420 10.499635 10.499635 10.499635 0.134992 0.134992 0.134992
4430 10.499635 10.499635 10.499635 0.134992 0.134992 0.134992
4440 10.499635 10.499635 10.499635 0.134992 0.134992 0.134992
4450 10.499635 10.499635 10.499635 0.134992 0.134992 0.134992
4460 10.499635 10.499635 10.499635 0.134992 0.134992 0.134992
4470 10.499635 10.499635 10.499635 0.134992 0.134992 0.134992
4480 10.499635 10.499635 10.499635 0.134992 0.134992 0.134992
4490 10.499635 10.499635 10.499635 0.134992 0.134992 0.134992
4500 10.499635 10.499635 10.499635 0.134992 0.134992 0.134992
4510 10.499635 10.499635 10.499635 0.134992 0.134992 0.134992
4520 10.499635 10.499635 10.499635 0.134992 0.134992 0.134992
4530 10.499635 10.499635 10.499635 0.134992 0.134992 0.134992
4540 10.499635 10.499635 10.499635 0.134992 0.134992 0.134992
4550 10.499635 10.499635 10.499635 0.134992 0.134992 0.134992
4560 10.499635 10.499635 10.499635 0.134992 0.134992 0.134992
4570 10.499635 10.499635 10.499635 0.134992 0.134992 0.134992
4580 10.499635 10.499635 10.499635 0.134992 0.134992 0.134992
4590 10.499635 10.499635 10.499635 0.134992 0.134992 0.134992
4600 10.499635 10.499635 10.499635 0.134992 0.134992 0.134992
4610 10.499635 10.499635 10.499635 0.134992 0.134992 0.134992
4620 10.499635 10.499635 10.499635 0.134992 0.134992 0.134992
4630 10.499635 10.499635 10.499635 0.134992 0.134992 0.134992
4640 10.499635 10.499635 10.499635 0.134992 0.134992 0.134992
4650 10.499635 10.499635 10.499635 0.134992 0.134992 0.134992
4660 10.499635 10.499635 10.499635 0.134992 0.134992 0.134992
4670 10.499635 10.499635 10.499635 0.134992 0.134992 0.134992
4680 10.499635 10.499635 10.499635 0.134992 0.134992 0.134992
4690 10.499635 10.499635 10.499635 0.134992 0.134992 0.134992
4700 10.499635 10.499635 10.499635 0.134992 0.134992 0.134992
4710 10.499635 10.499635 10.499635 0.134992 0.134992 0.134992
4720 10.499635 10.499635 10.499635 0.134992 0.134992 0.134992
4730 10.499635 10.499635 10.499635 0.134992 0.134992 0.134992
4740 10.499635 10.499635 10.499635 0.134992 0.134992 0.134992
4750 10.499635 10.499635 10.499635 0.134992 0.134992 0.134992
4760 10.499635 10.499635 10.499635 0.134992 0.134992 0.134992
4770 10.499635 10.499635 10.499635 0.134992 0.134992 0.134992
4780 10.499635 10.499635 10.499635 0.134992 0.134992 0.134992
4790 10.499635 10.499635 10.499635 0.134992 0.134992 0.134992
4800 10.499635 10.499635 10.499635 0.134992 0.134992 0.134992
4810 10.499635 10.499635 10.499635 0.134992 0.134992 0.134992
4820 10.499635 10.499635 10.499635 0.134992 0.134992 0.134992
4830 10.499635 10.499635 10.499635 0.134992 0.134992 0.134992
4840 10.499635 10.499635 10.499635 0.134992 0.134992 0.134992
4850 10.499635 10.499635 10.499635 0.134992 0.134992 0.134992
4860 10.499635 10.499635 10.499635 0.134992 0.134992 0.134992
4870 10.499635 10.499635 10.499635 0.134992 0.134992 0.134992
4880 10.499635 10.499635 10.499635 0.134992 0.134992 0.134992
4890 10.499635 10.499635 10.499635 0.134992 0.134992 0.134992
4900 10.499635 10.499635 10.499635 0.134992 0.134992 0.134992
4910 10.499635 10.499635 10.499635 0.134992 0.134992 0.134992
4920 10.499635 10.499635 10.499635 0.134992 0.134992 0.134992
4930 10.499635 10.499635 10.499635 0.134992 0.134992 0.134992
4940 10.499635 10.499635 10.499635 0.134992 0.134992 0.134992
4950 10.499635 10.499635 10.499635 0.134992 0.134992 0.134992
4960 10.499635 10.499635 10.499635 0.134992 0.134992 0.134992
4970 10.499635 10.499635 10.499635 0.134992 0.134992 0.134992
4980 10.499635 10.499635 10.499635 0.134992 0.134992 0.134992
4990 10.499635 10.499635 10.499635 0.134992 0.134992 0.134992
5000 10.499635 10.499635 10.499635 0.134992 0.134992 0.134992
5010 10.499635 10.499635 10.499635 0.134992 0.134992 0.134992
5020 10.499635 10.499635 10.499635 0.134992 0.134992 0.134992
5030 10.499635 10.499635 10.499635 0.134992 0.134992 0.134992
5040 10.499635 10.499635 10.499635 0.134992 0.134992 0.134992
5050 10.499635 10.499635 10.499635 0.134992 0.134992 0.134992
5060 10.499635 10.499635 10.499635 0.134992 0.134992 0.134992
5070 10.499635 10.499635 10.499635 0.134992 0.134992 0.134992
5080 10.499635 10.499635 10.499635 0.134992 0.134992 0.134992
5090 10.499635 10.499635 10.499635 0.134992 0.134992 0.134992
5100 10.499635 10.499635 10.499635 0.134992 0.134992 0.134992
5110 10.499635 10.499635 10.499635 0.134992 0.134992 0.134992
5120 10.499635 10.499635 10.499635 0.134992 0.134992 0.134992
5130 10.499635 10.499635 10.499635 0.134992 0.134992 0.134992
5140 10.499635 10.499635 10.499635 0.134992 0.134992 0.134992
5150 10.499635 10.499635 10.499635 0.134992 0.134992 0.134992
5160 10.499635 10.499635 10.499635 0.134992 0.134992 0.134992
5170 10.499635 10.499635 10.499635 0.134992 0.134992 0.134992
5180 10.499635 10.499635 10.499635 0.134992 0.134992 0.134992
5190 10.499635 10.499635 10.499635 0.134992 0.134992 0.134992
5200 10.499635 10.499635 10.499635 0.134992 0.134992 0.134992
5210 10.499635 10.499635 10.499635 0.134992 0.134992 0.134992
5220 10.499635 10.499635 10.499635 0.134992 0.134992 0.134992
5230 10.499635 10.499635 10.499635 0.134992 0.134992 0.134992
5240 10.499635 10.499635 10.499635 0.134992 0.134992 0.134992
5250 10.499635 10.499635 10.499635 0.134992 0.134992 0.134992
5260 10.499635 10.499635 10.499635 0.134992 0.134992 0.134992
5270 10.499635 10.499635 10.499635 0.134992 0.134992 0.134992
5280 10.499635 10.499635 10.499635 0.134992 0.134992 0.134992
5290 10.499635 10.499635 10.499635 0.134992 0.134992 0.134992
5300 10.499635 10.499635 10.499635 0.134992 0.134992 0.134992
5310 10.499635 10.499635 10.499635 0.134992 0.134992 0.134992
5320 10.499635 10.499635 10.499635 0.134992 0.134992 0.134992
5330 10.499635 10.499635 10.499635 0.134992 0.134992 0.134992
5340 10.499635 10.499635 10.499635 0.134992 0.134992 0.134992
5350 10.499635 10.499635 10.499635 0.134992 0.134992 0.134992
5360 10.499635 10.499635 10.499635 0.134992 0.134992 0.134992
5370 10.499635 10.499635 10.499635 0.134992 0.134992 0.134992
5380 10.499635 10.499635 10.499635 0.134992 0.134992 0.134992
5390 10.499635 10.499635 10.499635 0.134992 0.134992 0.134992
5400 10.499635 10.499635 10.499635 0.134992 0.134992 0.134992
5410 10.499635 10.499635 10.499635 0.134992 0.134992 0.134992
5420 10.499635 10.499635 10.499635 0.134992 0.134992 0.134992
5430 10.499635 10.499635 10.499635 0.134992 0.134992 0.134992
5440 10.499635 10.499635 10.499635 0.134992 0.134992 0.134992
5450 10.499635 10.499635 10.499635 0.134992 0.134992 0.134992
5460 10.499635 10.499635 10.499635 0.134992 0.134992 0.134992
5470 10.499635 10.499635 10.499635 0.134992 0.134992 0.134992
5480 10.499635 10.499635 10.499635 0.134992 0.134992 0.134992
5490 10.499635 10.499635 10.499635 0.134992 0.134992 0.134992
5500 10.499635 10.499635 10.499635 0.134992 0.134992 0.134992
5510 10.499635 10.499635 10.499635 0.134992 0.134992 0.134992
5520 10.499635 10.499635 10.499635 0.134992 0.134992 0.134992
5530 10.499635 10.499635 10.499635 0.134992 0.134992 0.134992
5540 10.499635 10.499635 10.499635 0.134992 0.134992 0.134992
5550 10.499635 10.499635 10.499635 0.134992 0.134992 0.134992
5560 10.499635 10.499635 10.499635 0.134992 0.134992 0.134992
5570 10.499635 10.499635 10.499635 0.134992 0.134992 0.134992
5580 10.499635 10.499635 10.499635 0.134992 0.134992 0.134992
5590 10.499635 10.499635 10.499635 0.134992 0.134992 0.134992
5600 10.499635 10.499635 10.499635 0.134992 0.134992 0.134992
5610 10.499635 10.499635 10.499635 0.134992 0.134992 0.134992
5620 10.499635 10.499635 10.499635 0.134992 0.134992 0.134992
5630 10.499635 10.499635 10.499635 0.134992 0.134992 0.134992
5640 10.499635 10.499635 10.499635 0.134992 0.134992 0.134992
5650 10.499635 10.499635 10.499635 0.134992 0.134992 0.134992
5660 10.499635 10.499635 10.499635 0.134992 0.134992 0.134992
5670 10.499635 10.499635 10.499635 0.134992 0.134992 0.134992
5680 10.499635 10.499635 10.499635 0.134992 0.134992 0.134992
5690 10.499635 10.499635 10.499635 0.134992 0.134992 0.134992
5700 10.499635 10.499635 10.499635 0.134992 0.134992 0.134992
5710 10.499635 10.499635 10.499635 0.134992 0.134992 0.134992
5720 10.499635 10.499635 10.499635 0.134992 0.134992 0.134992
5730 10.499635 10.499635 10.499635 0.134992 0.134992 0.134992
5740 10.499635 10.499635 10.499635 0.134992 0.134992 0.134992
5750 10.499635 10.499635 10.499635 0.134992 0.134992 0.134992
5760 10.499635 10.499635 10.499635 0.134992 0.134992 0.134992
5770 10.499635 10.499635 10.499635 0.134992 0.134992 0.134992
5780 10.499635 10.499635 10.499635 0.134992 0.134992 0.134992
5790 10.499635 10.499635 10.499635 0.134992 0.134992 0.134992
5800 10.499635 10.499635 10.499635 0.134992 0.134992 0.134992
5810 10.499635 10.499635 10.499635 0.134992 0.134992 0.134992
5820 10.499635 10.499635 10.499635 0.134992 0.134992 0.134992
5830 10.499635 10.499635 10.499635 0.134992 0.134992 0.134992
5840 10.499635 10.499635 10.499635 0.134992 0.134992 0.134992
5850 10.499635 10.499635 10.499635 0.134992 0.134992 0.134992
5860 10.499635 10.499635 10.499635 0.134992 0.134992 0.134992
5870 10.499635 10.499635 10.499635 0.134992 0.134992 0.134992
5880 10.499635 10.499635 10.499635 0.134992 0.134992 0.134992
5890 10.499635 10.499635 10.499635 0.134992 0.134992 0.134992
5900 10.499635 10.499635 10.499635 0.134992 0.134992 0.134992
5910 10.499635 10.499635 10.499635 0.134992 0.134992 0.134992
5920 10.499635 10.499635 10.499635 0.134992 0.134992 0.134992
5930 10.499635 10.499635 10.499635 0.134992 0.134992 0.134992
5940 10.499635 10.499635 10.499635 0.134992 0.134992 0.134992
5950 10.499635 10.499635 10.499635 0.134992 0.134992 0.134992
5960 10.499635 10.499635 10.499635 0.134992 0.134992 0.134992
5970 10.499635 10.499635 10.499635 0.134992 0.134992 0.134992
5980 10.499635 10.499635 10.499635 0.134992 0.134992 0.134992
5990 10.499635 10.499635 10.499635 0.134992 0.134992 0.134992
6000 10.499635 10.499635 10.499635 0.134992 0.134992 0.134992
6010 10.499635 10.499635 10.499635 0.134992 0.134992 0.134992
6020 10.499635 10.499635 10.499635 0.134992 0.134992 0.134992
6030 10.499635 10.499635 10.499635 0.134992 0.134992 0.134992
6040 10.499635 10.499635 10.499635 0.134992 0.134992 0.134992
6050 10.499635 10.499635 10.499635 0.134992 0.134992 0.134992
6060 10.499635 10.499635 10.499635 0.134992 0.134992 0.134992
6070 10.499635 10.499635 10.499635 0.134992 0.134992 0.134992
6080 10.499635 10.499635 10.499635 0.134992 0.134992 0.134992
6090 10.499635 10.499635 10.499635 0.134992 0.134992 0.134992
6100 10.499635 10.499635 10.499635 0.134992 0.134992 0.134992
6110 10.499635 10.499635 10.499635 0.134992 0.134992 0.134992
6120 10.499635 10.499635 10.499635 0.134992 0.134992 0.134992
6130 10.499635 10.499635 10.499635 0.134992 0.134992 0.134992
6140 10.499635 10.499635 10.499635 0.134992 0.134992 0.134992
6150 10.499635 10.499635 10.499635 0.134992 0.134992 0.134992
6160 10.499635 10.499635 10.499635 0.134992 0.134992 0.134992
6170 10.499635 10.499635 10.499635 0.134992 0.134992 0.134992
6180 10.499635 10.499635 10.499635 0.134992 0.134992 0.134992
6190 10.499635 10.499635 10.499635 0.134992 0.134992 0.134992
6200 10.499635 10.499635 10.499635 0.134992 0.134992 0.134992
6210 10.499635 10.499635 10.499635 0.134992 0.134992 0.134992
6220 10.499635 10.499635 10.499635 0.134992 0.134992 0.134992
6230 10.499635 10.499635 10.499635 0.134992 0.134992 0.134992
6240 10.499635 10.499635 10.499635 0.134992 0.134992 0.134992
6250 10.499635 10.499635 10.499635 0.134992 0.134992 0.134992
6260 10.499635 10.499635 10.499635 0.134992 0.134992 0.134992
6270 10.499635 10.499635 10.499635 0.134992 0.134992 0.134992
6280 10.499635 10.499635 10.499635 0.134992 0.134992 0.134992
6290 10.499635 10.499635 10.499635 0.134992 0.134992 0.134992
6300 10.499635 10.499635 10.499635 0.134992 0.134992 0.134992
6310 10.499635 10.499635 10.499635 0.134992 0.134992 0.134992
6320 10.499635 10.499635 10.499635 0.134992 0.134992 0.134992
6330 10.499635 10.499635 10.499635 0.134992 0.134992 0.134992
6340 10.499635 10.499635 10.499635 0.134992 0.134992 0.134992
6350 10.499635 10.499635 10.499635 0.134992 0.134992 0.134992
6360 10.499635 10.499635 10.499635 0.134992 0.134992 0.134992
6370 10.499635 10.499635 10.499635 0.134992 0.134992 0.134992
6380 10.499635 10.499635 10.499635 0.134992 0.134992 0.134992
6390 10.499635 10.499635 10.499635 0.134992 0.134992 0.134992
6400 10.499635 10.499635 10.499635 0.134992 0.134992 0.134992
6410 10.499635 10.499635 10.499635 0.134992 0.134992 0.134992
6420 10.499635 10.499635 10.499635 0.134992 0.134992 0.134992
6430 10.499635 10.499635 10.499635 0.134992 0.134992 0.134992
6440 10.499635 10.499635 10.499635 0.134992 0.134992 0.134992
6450 10.499635 10.499635 10.499635 0.134992 0.134992 0.134992
6460 10.499635 10.499635 10.499635 0.134992 0.134992 0.134992
6470 10.499635 10.499635 10.499635 0.134992 0.134992 0.134992
6480 10.499635 10.499635 10.499635 0.134992 0.134992 0.134992
6490 10.499635 10.499635 10.499635 0.134992 0.134992 0.134992
6500 10.499635 10.499635 10.499635 0.134992 0.134992 0.134992
6510 10.499635 10.499635 10.499635 0.134992 0.134992 0.134992
6520 10.499635 10.499635 10.499635 0.134992 0.134992 0.134992
6530 10.499635 10.499635 10.499635 0.134992 0.134992 0.134992
6540 10.499635 10.499635 10.499635 0.134992 0.134992 0.134992
6550 10.499635 10.499635 10.499635 0.134992 0.134992 0.134992
6560 10.499635 10.499635 10.499635 0.134992 0.134992 0.134992
6570 10.499635 10.499635 10.499635 0.134992 0.134992 0.134992
6580 10.499635 10.499635 10.499635 0.134992 0.134992 0.134992
6590 10.499635 10.499635 10.499635 0.134992 0.134992 0.134992
6600 10.499635 10.499635 10.499635 0.134992 0.134992 0.134992
6610 10.499635 10.499635 10.499635 0.134992 0.134992 0.134992
6620 10.499635 10.499635 10.499635 0.134992 0.134992 0.134992
6630 10.499635 10.499635 10.499635 0.134992 0.134992 0.134992
6640 10.499635 10.499635 10.499635 0.134992 0.134992 0.134992
6650 10.499635 10.499635 10.499635 0.134992 0.134992 0.134992
6660 10.499635 10.499635 10.499635 0.134992 0.134992 0.134992
6670 10.499635 10.499635 10.499635 0.134992 0.134992 0.134992
6680 10.499635 10.499635 10.499635 0.134992 0.134992 0.134992
6690 10.499635 10.499635 10.499635 0.134992 0.134992 0.134992
6700 10.499635 10.499635 10.499635 0.134992 0.134992 0.134992
6710 10.499635 10.499635 10.499635 0.134992 0.134992 0.134992
6720 10.499635 10.499635 10.499635 0.134992 0.134992 0.134992
6730 10.499635 10.499635 10.499635 0.134992 0.134992 0.134992
6740 10.499635 10.499635 10.499635 0.134992 0.134992 0.134992
6750 10.499635 10.499635 10.499635 0.134992 0.134992 0.134992
6760 10.499635 10.499635 10.499635 0.134992 0.134992 0.134992
6770 10.499635 10.499635 10.499635 0.134992 0.134992 0.134992
6780 10.499635 10.499635 10.499635 0.134992 0.134992 0.134992
6790 10.499635 10.499635 10.499635 0.134992 0.134992 0.134992
6800 10.499635 10.499635 10.499635 0.134992 0.134992 0.134992
6810 10.499635 10.499635 10.499635 0.134992 0.134992 0.134992
6820 10.499635 10.499635 10.499635 0.134992 0.134992 0.134992
6830 10.499635 10.499635 10.499635 0.134992 0.134992 0.134992
6840 10.499635 10.499635 10.499635 0.134992 0.134992 0.134992
6850 10.499635 10.499635 10.499635 0.134992 0.134992 0.134992
6860 10.499635 10.499635 10.499635 0.134992 0.134992 0.134992
6870 10.499635 10.499635 10.499635 0.134992 0.134992 0.134992
6880 10.499635 10.499635 10.499635 0.134992 0.134992 0.134992
6890 10.499635 10.499635 10.499635 0.134992 0.134992 0.134992
6900 10.499635 10.499635 10.499635 0.134992 0.134992 0.134992
6910 10.499635 10.499635 10.499635 0.134992 0.134992 0.134992
6920 10.499635 10.499635 10.499635 0.134992 0.134992 0.134992
6930 10.499635 10.499635 10.499635 0.134992 0.134992 0.134992
6940 10.499635 10.499635 10.499635 0.134992 0.134992 0.134992
6950 10.499635 10.499635 10.499635 0.134992 0.134992 0.134992
6960 10.499635 10.499635 10.499635 0.134992 0.134992 0.134992
6970 10.499635 10.499635 10.499635 0.134992 0.134992 0.134992
6980 10.499635 10.499635 10.499635 0.134992 0.134992 0.134992
6990 10.499635 10.499635 10.499635 0.134992 0.134992 0.134992
7000 10.499635 10.499635 10.499635 0.134992 0.134992 0.134992
7010 10.499635 10.499635 10.499635 0.134992 0.134992 0.134992
7020 10.499635 10.499635 10.499635 0.134992 0.134992 0.134992
7030 10.499635 10.499635 10.499635 0.134992 0.134992 0.134992
7040 10.499635 10.499635 10.499635 0.134992 0.134992 0.134992
7050 10.499635 10.499635 10.499635 0.134992 0.134992 0.134992
7060 10.499635 10.499635 10.499635 0.134992 0.134992 0.134992
7070 10.499635 10.499635 10.499635 0.134992 0.134992 0.134992
7080 10.499635 10.499635 10.499635 0.134992 0.134992 0.134992
7090 10.499635 10.499635 10.499635 0.134992 0.134992 0.134992
7100 10.499635 10.499635 10.499635 0.134992 0.134992 0.134992
7110 10.499635 10.499635 10.499635 0.134992 0.134992 0.134992
7120 10.499635 10.499635 10.499635 0.134992 0.134992 0.134992
7130 10.499635 10.499635 10.499635 0.134992 0.134992 0.134992
7140 10.499635 10.499635 10.499635 0.134992 0.134992 0.134992
7150 10.499635 10.499635 10.499635 0.134992 0.134992 0.134992
7160 10.499635 10.499635 10.499635 0.134992 0.134992 0.134992
7170 10.499635 10.499635 10.499635 0.134992 0.134992 0.134992
7180 10.499635 10.499635 10.499635 0.134992 0.134992 0.134992
7190 10.499635 10.499635 10.499635 0.134992 0.134992 0.134992
7200 10.499635 10.499635 10.499635 0.134992 0.134992 0.134992
7210 10.499635 10.499635 10.499635 0.134992 0.134992 0.134992
7220 10.499635 10.499635 10.499635 0.134992 0.134992 0.134992
7230 10.499635 10.499635 10.499635 0.134992 0.134992 0.134992
7240 10.499635 10.499635 10.499635 0.134992 0.134992 0.134992
7250 10.499635 10.499635 10.499635 0.134992 0.134992 0.134992
7260 10.499635 10.499635 10.499635 0.134992 0.134992 0.134992
7270 10.499635 10.499635 10.499635 0.134992 0.134992 0.134992
7280 10.499635 10.499635 10.499635 0.134992 0.134992 0.134992
7290 10.499635 10.499635 10.499635 0.134992 0.134992 0.134992
7300 10.499635 10.499635 10.499635 0.134992 0.134992 0.134992
7310 10.499635 10.499635 10.499635 0.134992 0.134992 0.134992
7320 10.499635 10.499635 10.499635 0.134992 0.134992 0.134992
7330 10.499635 10.499635 10.499635 0.134992 0.134992 0.134992
7340 10.499635 10.499635 10.499635 0.134992 0.134992 0.134992
7350 10.499635 10.499635 10.499635 0.134992 0.134992 0.134992
7360 10.499635 10.499635 10.499635 0.134992 0.134992 0.134992
7370 10.499635 10.499635 10.499635 0.134992 0.134992 0.134992
7380 10.499635 10.499635 10.499635 0.134992 0.134992 0.134992
7390 10.499635 10.499635 10.499635 0.134992 0.134992 0.134992
7400 10.499635 10.499635 10.499635 0.134992 0.134992 0.134992
7410 10.499635 10.499635 10.499635 0.134992 0.134992 0.134992
7420 10.499635 10.499635 10.499635 0.134992 0.134992 0.134992
7430 10.499635 10.499635 10.499635 0.134992 0.134992 0.134992
7440 10.499635 10.499635 10.499635 0.134992 0.134992 0.134992
7450 10.499635 10.499635 10.499635 0.134992 0.134992 0.134992
7460 10.499635 10.499635 10.499635 0.134992 0.134992 0.134992
7470 10.499635 10.499635 10.499635 0.134992 0.134992 0.134992
7480 10.499635 10.499635 10.499635 0.134992 0.134992 0.134992
7490 10.499635 10.499635 10.499635 0.134992 0.134992 0.134992
7500 10.499635 10.499635 10.499635 0.134992 0.134992 0.134992
7510 10.499635 10.499635 10.499635 0.134992 0.134992 0.134992
7520 10.499635 10.499635 10.499635 0.134992 0.134992 0.134992
7530 10.499635 10.499635 10.499635 0.134992 0.134992 0.134992
7540 10.499635 10.499635 10.499635 0.134992 0.134992 0.134992
7550 10.499635 10.499635 10.499635 0.134992 0.134992 0.134992
7560 10.499635 10.499635 10.499635 0.134992 0.134992 0.134992
7570 10.499635 10.499635 10.499635 0.134992 0.134992 0.134992
7580 10.499635 10.499635 10.499635 0.134992 0.134992 0.134992
7590 10.499635 10.499635 10.499635 0.134992 0.134992 0.134992
7600 10.499635 10.499635 10.499635 0.134992 0.134992 0.134992
7610 10.499635 10.499635 10.499635 0.134992 0.134992 0.134992
7620 10.499635 10.499635 10.499635 0.134992 0.134992 0.134992
7630 10.499635 10.499635 10.499635 0.134992 0.134992 0.134992
7640 10.499635 10.499635 10.499635 0.134992 0.134992 0.134992
7650 10.499635 10.499635 10.499635 0.134992 0.134992 0.134992
7660 10.499635 10.499635 10.499635 0.134992 0.134992 0.134992
7670 10.499635 10.499635 10.499635 0.134992 0.134992 0.134992
7680 10.499635 10.499635 10.499635 0.134992 0.134992 0.134992
7690 10.499635 10.499635 10.499635 0.134992 0.134992 0.134992
7700 10.499635 10.499635 10.499635 0.134992 0.134992 0.134992
7710 10.499635 10.499635 10.499635 0.134992 0.134992 0.134992
7720 10.499635 10.499635 10.499635 0.134992 0.134992 0.134992
7730 10.499635 10.499635 10.499635 0.134992 0.134992 0.134992
7740 10.499635 10.499635 10.499635 0.134992 0.134992 0.134992
7750 10.499635 10.499635 10.499635 0.134992 0.134992 0.134992
7760 10.499635 10.499635 10.499635 0.134992 0.134992 0.134992
7770 10.499635 10.499635 10.499635 0.134992 0.134992 0.134992
7780 10.499635 10.499635 10.499635 0.134992 0.134992 0.134992
7790 10.499635 10.499635 10.499635 0.134992 0.134992 0.134992
7800 10.499635 10.499635 10.499635 0.134992 0.134992 0.134992
7810 10.499635 10.499635 10.499635 0.134992 0.134992 0.134992
7820 10.499635 10.499635 10.499635 0.134992 0.134992 0.134992
7830 10.499635 10.499635 10.499635 0.134992 0.134992 0.134992
7840 10.499635 10.499635 10.499635 0.134992 0.134992 0.134992
7850 10.499635 10.499635 10.499635 0.134992 0.134992 0.134992
7860 10.499635 10.499635 10.499635 0.134992 0.134992 0.134992
7870 10.499635 10.499635 10.499635 0.134992 0.134992 0.134992
7880 10.499635 10.499635 10.499635 0.134992 0.134992 0.134992
7890 10.499635 10.499635 10.499635 0.134992 0.134992 0.134992
7900 10.499635 10.499635 10.499635 0.134992 0.134992 0.134992
7910 10.499635 10.499635 10.499635 0.134992 0.134992 0.134992
7920 10.499635 10.499635 10.499635 0.134992 0.134992 0.134992
7930 10.499635 10.499635 10.499635 0.134992 0.134992 0.134992
7940 10.499635 10.499635 10.499635 0.134992 0.134992 0.134992
7950 10.499635 10.499635 10.499635 0.134992 0.134992 0.134992
7960 10.499635 10.499635 10.499635 0.134992 0.134992 0.134992
7970 10.499635 10.499635 10.499635 0.134992 0.134992 0.134992
7980 10.499635 10.499635 10.499635 0.134992 0.134992 0.134992
7990 10.499635 10.499635 10.499635 0.134992 0.134992 0.134992
8000 10.499635 10.499635 10.499635 0.134992 0.134992 0.134992
8010 10.499635 10.499635 10.499635 0.134992 0.134992 0.134992
8020 10.499635 10.499635 10.499635 0.134992 0.134992 0.134992
8030 10.499635 10.499635 10.499635 0.134992 0.134992 0.134992
8040 10.499635 10.499635 10.499635 0.134992 0.134992 0.134992
8050 10.499635 10.499635 10.499635 0.134992 0.134992 0.134992
8060 10.499635 10.499635 10.499635 0.134992 0.134992 0.134992
8070 10.499635 10.499635 10.499635 0.134992 0.134992 0.134992
8080 10.499635 10.499635 10.499635 0.134992 0.134992 0.134992
8090 10.499635 10.499635 10.499635 0.134992 0.134992 0.134992
8100 10.499635 10.499635 10.499635 0.134992 0.134992 0.134992
8110 10.499635 10.499635 10.499635 0.134992 0.134992 0.134992
8120 10.499635 10.499635 10.499635 0.134992 0.134992 0.134992
8130 10.499635 10.499635 10.499635 0.134992 0.134992 0.134992
8140 10.499635 10.499635 10.499635 0.134992 0.134992 0.134992
8150 10.499635 10.499635 10.499635 0.134992 0.134992 0.134992
8160 10.499635 10.499635 10.499635 0.134992 0.134992 0.134992
8170 10.499635 10.499635 10.499635 0.134992 0.134992 0.134992
8180 10.499635 10.499635 10.499635 0.134992 0.134992 0.134992
8190 10.499635 10.499635 10.499635 0.134992 0.134992 0.134992
8200 10.499635 10.499635 10.499635 0.134992 0.134992 0.134992
8210 10.499635 10.499635 10.499635 0.134992 0.134992 0.134992
8220 10.499635 10.499635 10.499635 0.134992 0.134992 0.134992
8230 10.499635 10.499635 10.499635 0.134992 0.134992 0.134992
8240 10.499635 10.499635 10.499635 0.134992 0.134992 0.134992
8250 10.499635 10.499635 10.499635 0.134992 0.134992 0.134992
8260 10.499635 10.499635 10.499635 0.134992 0.134992 0.134992
8270 10.499635 10.499635 10.499635 0.134992 0.134992 0.134992
8280 10.499635 10.499635 10.499635 0.134992 0.134992 0.134992
8290 10.499635 10.499635 10.499635 0.134992 0.134992 0.134992
8300 10.499635 10.499635 10.499635 0.134992 0.134992 0.134992
8310 10.499635 10.499635 10.499635 0.134992 0.134992 0.134992
8320 10.499635 10.499635 10.499635 0.134992 0.134992 0.134992
8330 10.499635 10.499635 10.499635 0.134992 0.134992 0.134992
8340 10.499635 10.499635 10.499635 0.134992 0.134992 0.134992
8350 10.499635 10.499635 10.499635 0.134992 0.134992 0.134992
8360 10.499635 10.499635 10.499635 0.134992 0.134992 0.134992
8370 10.499635 10.499635 10.499635 0.134992 0.134992 0.134992
8380 10.499635 10.499635 10.499635 0.134992 0.134992 0.134992
8390 10.499635 10.499635 10.499635 0.134992 0.134992 0.134992
8400 10.499635 10.499635 10.499635 0.134992 0.134992 0.134992
8410 10.499635 10.499635 10.499635 0.134992 0.134992 0.134992
8420 10.499635 10.499635 10.499635 0.134992 0.134992 0.134992
8430 10.499635 10.499635 10.499635 0.134992 0.134992 0.134992
8440 10.499635 10.499635 10.499635 0.134992 0.134992 0.134992
8450 10.499635 10.499635 10.499635 0.134992 0.134992 0.134992
8460 10.499635 10.499635 10.499635 0.134992 0.134992 0.134992
8470 10.499635 10.499635 10.499635 0.134992 0.134992 0.134992
8480 10.499635 10.499635 10.499635 0.134992 0.134992 0.134992
8490 10.499635 10.499635 10.499635 0.134992 0.134992 0.134992
8500 10.499635 10.499635 10.499635 0.134992 0.134992 0.134992
8510 10.499635 10.499635 10.499635 0.134992 0.134992 0.134992
8520 10.499635 10.499635 10.499635 0.134992 0.134992 0.134992
8530 10.499635 10.499635 10.499635 0.134992 0.134992 0.134992
8540 10.499635 10.499635 10.499635 0.134992 0.134992 0.134992
8550 10.499635 10.499635 10.499635 0.134992 0.134992 0.134992
8560 10.499635 10.499635 10.499635 0.134992 0.134992 0.134992
8570 10.499635 10.499635 10.499635 0.134992 0.134992 0.134992
8580 10.499635 10.499635 10.499635 0.134992 0.134992 0.134992
8590 10.499635 10.499635 10.499635 0.134992 0.134992 0.134992
8600 10.499635 10.499635 10.499635 0.134992 0.134992 0.134992
8610 10.499635 10.499635 10.499635 0.134992 0.134992 0.134992
8620 10.499635 10.499635 10.499635 0.134992 0.134992 0.134992
8630 10.499635 10.499635 10.499635 0.134992 0.134992 0.134992
8640 10.499635 10.499635 10.499635 0.134992 0.134992 0.134992
8650 10.499635 10.499635 10.499635 0.134992 0.134992 0.134992
8660 10.499635 10.499635 10.499635 0.134992 0.134992 0.134992
8670 10.499635 10.499635 10.499635 0.134992 0.134992 0.134992
8680 10.499635 10.499635 10.499635 0.134992 0.134992 0.134992
8690 10.499635 10.499635 10.499635 0.134992 0.134992 0.134992
8700 10.499635 10.499635 10.499635 0.134992 0.134992 0.134992
8710 10.499635 10.499635 10.499635 0.134992 0.134992 0.134992
8720 10.499635 10.499635 10.499635 0.134992 0.134992 0.134992
8730 10.499635 10.499635 10.499635 0.134992 0.134992 0.134992
8740 10.499635 10.499635 10.499635 0.134992 0.134992 0.134992
8750 10.499635 10.499635 10.499635 0.134992 0.134992 0.134992
8760 10.499635 10.499635 10.499635 0.134992 0.134992 0.134992
8770 10.499635 10.499635 10.499635 0.134992 0.134992 0.134992
8780 10.499635 10.499635 10.499635 0.134992 0.134992 0.134992
8790 10.499635 10.499635 10.499635 0.134992 0.134992 0.134992
8800 10.499635 10.499635 10.499635 0.134992 0.134992 0.134992
8810 10.499635 10.499635 10.499635 0.134992 0.134992 0.134992
8820 10.499635 10.499635 10.499635 0.134992 0.134992 0.134992
8830 10.499635 10.499635 10.499635 0.134992 0.134992 0.134992
8840 10.499635 10.499635 10.499635 0.134992 0.134992 0.134992
8850 10.499635 10.499635 10.499635 0.134992 0.134992 0.134992
8860 10.499635 10.499635 10.499635 0.134992 0.134992 0.134992
8870 10.499635 10.499635 10.499635 0.134992 0.134992 0.134992
8880 10.499635 10.499635 10.499635 0.134992 0.134992 0.134992
8890 10.499635 10.499635 10.499635 0.134992 0.134992 0.134992
8900 10.499635 10.499635 10.499635 0.134992 0.134992 0.134992
8910 10.499635 10.499635 10.499635 0.134992 0.134992 0.134992
8920 10.499635 10.499635 10.499635 0.134992 0.134992 0.134992
8930 10.499635 10.499635 10.499635 0.134992 0.134992 0.134992
8940 10.499635 10.499635 10.499635 0.134992 0.134992 0.134992
8950 10.499635 10.499635 10.499635 0.134992 0.134992 0.134992
8960 10.499635 10.499635 10.499635 0.134992 0.134992 0.134992
8970 10.499635 10.499635 10.499635 0.134992 0.134992 0.134992
8980 10.499635 10.499635 10.499635 0.134992 0.134992 0.134992
8990 10.499635 10.499635 10.499635 0.134992 0.134992 0.134992
9000 10.499635 10.499635 10.499635 0.134992 0.134992 0.134992
9010 10.499635 10.499635 10.499635 0.134992 0.134992 0.134992
9020 10.499635 10.499635 10.499635 0.134992 0.134992 0.134992
9030 10.499635 10.499635 10.499635 0.134992 0.134992 0.134992
9040 10.499635 10.499635 10.499635 0.134992 0.134992 0.134992
9050 10.499635 10.499635 10.499635 0.134992 0.134992 0.134992
9060 10.499635 10.499635 10.499635 0.134992 0.134992 0.134992
9070 10.499635 10.499635 10.499635 0.134992 0.134992 0.134992
9080 10.499635 10.499635 10.499635 0.134992 0.134992 0.134992
9090 10.499635 10.499635 10.499635 0.134992 0.134992 0.134992
9100 10.499635 10.499635 10.499635 0.134992 0.134992 0.134992
9110 10.499635 10.499635 10.499635 0.134992 0.134992 0.134992
9120 10.499635 10.499635 10.499635 0.134992 0.134992 0.134992
9130 10.499635 10.499635 10.499635 0.134992 0.134992 0.134992
9140 10.499635 10.499635 10.499635 0.134992 0.134992 0.134992
9150 10.499635 10.499635 10.499635 0.134992 0.134992 0.134992
9160 10.499635 10.499635 10.499635 0.134992 0.134992 0.134992
9170 10.499635 10.499635 10.499635 0.134992 0.134992 0.134992
9180 10.499635 10.499635 10.499635 0.134992 0.134992 0.134992
9190 10.499635 10.499635 10.499635 0.134992 0.134992 0.134992
9200 10.499635 10.499635 10.499635 0.134992 0.134992 0.134992
9210 10.499635 10.499635 10.499635 0.134992 0.134992 0.134992
9220 10.499635 10.499635 10.499635 0.134992 0.134992 0.134992
9230 10.499635 10.499635 10.499635 0.134992 0.134992 0.134992
9240 10.499635 10.499635 10.499635 0.134992 0.134992 0.134992
9250 10.499635 10.499635 10.499635 0.134992 0.134992 0.134992
9260 10.499635 10.499635 10.499635 0.134992 0.134992 0.134992
9270 10.499635 10.499635 10.499635 0.134992 0.134992 0.134992
9280 10.499635 10.499635 10.499635 0.134992 0.134992 0.134992
9290 10.499635 10.499635 10.499635 0.134992 0.134992 0.134992
9300 10.499635 10.499635 10.499635 0.134992 0.134992 0.134992
9310 10.499635 10.499635 10.499635 0.134992 0.134992 0.134992
9320 10.499635 10.499635 10.499635 0.134992 0.134992 0.134992
9330 10.499635 10.499635 10.499635 0.134992 0.134992 0.134992
9340 10.499635 10.499635 10.499635 0.134992 0.134992 0.134992
9350 10.499635 10.499635 10.499635 0.134992 0.134992 0.134992
9360 10.499635 10.499635 10.499635 0.134992 0.134992 0.134992
9370 10.499635 10.499635 10.499635 0.134992 0.134992 0.134992
9380 10.499635 10.499635 10.499635 0.134992 0.134992 0.134992
9390 10.499635 10.499635 10.499635 0.134992 0.134992 0.134992
9400 10.499635 10.499635 10.499635 0.134992 0.134992 0.134992
9410 10.499635 10.499635 10.499635 0.134992 0.134992 0.134992
9420 10.499635 10.499635 10.499635 0.134992 0.134992 0.134992
9430 10.499635 10.499635 10.499635 0.134992 0.134992 0.134992
9440 10.499635 10.499635 10.499635 0.134992 0.134992 0.134992
9450 10.499635 10.499635 10.499635 0.134992 0.134992 0.134992
9460 10.499635 10.499635 10.499635 0.134992 0.134992 0.134992
9470 10.499635 10.499635 10.499635 0.134992 0.134992 0.134992
9480 10.499635 10.499635 10.499635 0.134992 0.134992 0.134992
9490 10.499635 10.499635 10.499635 0.134992 0.134992 0.134992
9500 10.499635 10.499635 10.499635 0.134992 0.134992 0.134992
9510 10.499635 10.499635 10.499635 0.134992 0.134992 0.134992
9520 10.499635 10.499635 10.499635 0.134992 0.134992 0.134992
9530 10.499635 10.499635 10.499635 0.134992 0.134992 0.134992
9540 10.499635 10.499635 10.499635 0.134992 0.134992 0.134992
9550 10.499635 10.499635 10.499635 0.134992 0.134992 0.134992
9560 10.499635 10.499635 10.499635 0.134992 0.134992 0.134992
9570 10.499635 10.499635 10.499635 0.134992 0.134992 0.134992
9580 10.499635 10.499635 10.499635 0.134992 0.134992 0.134992
9590 10.499635 10.499635 10.499635 0.134992 0.134992 0.134992
9600 10.499635 10.499635 10.499635 0.134992 0.134992 0.134992
9610 10.499635 10.499635 10.499635 0.134992 0.134992 0.134992
9620 10.499635 10.499635 10.499635 0.134992 0.134992 0.134992
9630 10.499635 10.499635 10.499635 0.134992 0.134992 0.134992
9640 10.499635 10.499635 10.499635 0.134992 0.134992 0.134992
9650 10.499635 10.499635 10.499635 0.134992 0.134992 0.134992
9660 10.499635 10.499635 10.499635 0.134992 0.134992 0.134992
9670 10.499635 10.499635 10.499635 0.134992 0.134992 0.134992
9680 10.499635 10.499635 10.499635 0.134992 0.134992 0.134992
9690 10.499635 10.499635 10.499635 0.134992 0.134992 0.134992
9700 10.499635 10.499635 10.499635 0.134992 0.134992 0.134992
9710 10.499635 10.499635 10.499635 0.134992 0.134992 0.134992
9720 10.499635 10.499635 10.499635 0.134992 0.134992 0.134992
9730 10.499635 10.499635 10.499635 0.134992 0.134992 0.134992
9740 10.499635 10.499635 10.499635 0.134992 0.134992 0.134992
9750 10.499635 10.499635 10.499635 0.134992 0.134992 0.134992
9760 10.499635 10.499635 10.499635 0.134992 0.134992 0.134992
9770 10.499635 10.499635 10.499635 0.134992 0.134992 0.134992
9780 10.499635 10.499635 10.499635 0.134992 0.134992 0.134992
9790 10.499635 10.499635 10.499635 0.134992 0.134992 0.134992
9800 10.499635 10.499635 10.499635 0.134992 0.134992 0.134992
9810 10.499635 10.499635 10.499635 0.134992 0.134992 0.134992
9820 10.499635 10.499635 10.499635 0.134992 0.134992 0.134992
9830 10.499635 10.499635 10.499635 0.134992 0.134992 0.134992
9840 10.499635 10.499635 10.499635 0.134992 0.134992 0.134992
9850 10.499635 10.499635 10.499635 0.134992 0.134992 0.134992
9860 10.499635 10.499635 10.499635 0.134992 0.134992 0.134992
9870 10.499635 10.499635 10.499635 0.134992 0.134992 0.134992
9880 10.499635 10.499635 10.499635 0.134992 0.134992 0.134992
9890 10.499635 10.499635 10.499635 0.134992 0.134992 0.134992
9900 10.499635 10.499635 10.499635 0.134992 0.134992 0.134992
9910 10.499635 10.499635 10.499635 0.134992 0.134992 0.134992
9920 10.499635 10.499635 10.499635 0.134992 0.134992 0.134992
9930 10.499635 10.499635 10.499635 0.134992 0.134992 0.134992
9940 10.499635 10.499635 10.499635 0.134992 0.134992 0.134992
9950 10.499635 10.499635 10.499635 0.134992 0.134992 0.134992
9960 10.499635 10.499635 10.499635 0.134992 0.134992 0.134992
9970 10.499635 10.499635 10.499635 0.134992 0.134992 0.134992
9980 10.499635 10.499635 10.499635 0.134992 0.134992 0.134992
9990 10.499635 10.499635 10.499635 0.134992 0.134992 0.134992
10000 12.259108 12.259108 12.259108 0.174032 0.174032 0.174032
