# generation power_min power_avg power_max util_min util_avg util_max
1 39.058109 39.058109 39.058109 1.182468 1.475485 1.499870
10 38.468848 38.468848 38.468848 1.015833 1.456213 1.499864
20 38.433537 38.433537 38.433537 1.015833 1.435493 1.499864
30 38.433537 23.185303 38.433537 0.798126 1.404966 1.499864
40 38.433537 23.749284 38.433537 0.798126 1.371910 1.499864
50 38.433537 23.379919 38.433537 0.798126 1.331865 1.499864
60 35.817016 22.922230 35.817016 0.798126 1.277411 1.499864
70 33.872706 22.203138 33.872706 0.798126 1.229188 1.499864
80 31.980570 21.743226 31.980570 0.739978 1.181102 1.499864
90 28.624013 21.383195 28.624013 0.739978 1.134443 1.499864
100 28.624013 20.596606 28.624013 0.739978 1.079731 1.498302
110 27.151119 20.155553 27.151119 0.739978 1.039692 1.498302
120 27.151119 19.883437 27.151119 0.739554 0.999794 1.456867
130 26.256839 19.463135 26.256839 0.739554 0.968761 1.363386
140 23.609004 18.917614 23.609004 0.739554 0.956890 1.256446
150 14.914401 18.411496 21.877298 0.739554 0.948726 1.198722
160 14.914401 18.042687 21.276841 0.658329 0.939553 1.198722
170 14.914401 17.554449 20.536319 0.658329 0.931988 1.198722
180 19.695060 17.262603 19.695060 0.658329 0.921965 1.198722
190 19.362146 17.024859 19.362146 0.658329 0.912950 1.105353
200 14.236984 16.674568 18.639436 0.658329 0.917975 1.076327
210 13.793973 16.402076 17.965860 0.658329 0.918341 1.059766
220 13.793973 16.152958 17.691003 0.658329 0.910940 1.046732
230 13.774223 15.869524 17.380633 0.684389 0.916915 1.046732
240 13.687222 15.610574 16.874375 0.684389 0.916503 1.027280
250 16.636134 15.418514 16.636134 0.684389 0.914694 1.043298
260 16.216329 15.182363 16.216329 0.684389 0.915303 1.043298
270 16.137978 15.003920 16.137978 0.684389 0.911463 1.043298
280 15.900595 14.768737 15.900595 0.684389 0.906999 1.043298
290 15.762095 14.556129 15.762095 0.684389 0.908259 1.043298
300 12.395509 14.268857 15.586955 0.684389 0.913856 1.043298
310 12.395509 14.021548 15.364328 0.684389 0.911933 1.043298
320 11.978915 13.795500 15.137850 0.684389 0.916699 1.043298
330 11.978915 13.547811 14.868891 0.684389 0.920571 1.043298
340 11.978915 13.318722 14.635064 0.684389 0.925550 1.043298
350 11.713158 13.101724 14.311825 0.684389 0.930434 1.043298
360 11.689650 12.913591 13.962634 0.752328 0.933634 1.043298
370 11.431499 12.747448 13.778947 0.752328 0.929253 1.019377
380 11.329406 12.559914 13.673459 0.752328 0.930272 1.023059
390 11.329406 12.404317 13.329024 0.783135 0.933676 1.023059
400 11.329406 12.289762 13.002680 0.783135 0.931531 1.023059
410 11.231283 12.181158 12.918954 0.783135 0.926787 1.023059
420 11.169215 12.052413 12.754360 0.773557 0.922196 1.023059
430 11.169215 11.952315 12.557246 0.773557 0.917916 0.988983
440 11.169215 11.852432 12.464985 0.773557 0.914202 0.988983
450 10.907841 11.744323 12.297136 0.773557 0.909916 0.980456
460 10.907841 11.651989 12.192968 0.773557 0.909207 0.980456
470 10.903109 11.551566 12.146781 0.773557 0.908392 0.980456
480 10.216837 11.447175 11.978915 0.773557 0.908306 0.980456
490 10.216837 11.372616 11.824640 0.773557 0.907713 0.980456
500 10.216837 11.306235 11.716012 0.773557 0.906736 0.965795
510 10.216837 11.238454 11.607913 0.773557 0.908401 0.974188
520 10.216837 11.166262 11.539381 0.773557 0.909781 0.974188
530 10.152600 11.092257 11.466128 0.773557 0.908179 0.974188
540 10.152600 11.021610 11.405943 0.773557 0.909327 0.974188
550 10.152600 10.957971 11.352226 0.773557 0.909904 0.974188
560 10.152600 10.890199 11.261591 0.773557 0.911843 0.974188
570 10.152600 10.828681 11.169314 0.773557 0.909909 0.974188
580 10.152600 10.777076 11.109427 0.802702 0.912880 0.984167
590 9.976264 10.708766 11.079312 0.802702 0.909869 0.984167
600 9.976264 10.649394 10.994999 0.834213 0.913922 0.989236
610 9.976264 10.587051 10.941829 0.834213 0.912481 0.989236
620 9.976264 10.525534 10.894690 0.834213 0.911880 0.989236
630 10.839618 10.460208 10.839618 0.834213 0.914003 1.002221
640 10.740629 10.395856 10.740629 0.834213 0.912101 1.002221
650 9.800363 10.327497 10.693008 0.834213 0.911144 1.002221
660 9.608268 10.259778 10.636785 0.834213 0.912591 1.002221
670 9.329753 10.185400 10.559793 0.843083 0.913520 1.002221
680 9.329753 10.117642 10.450194 0.843083 0.914308 1.002221
690 9.140274 10.046116 10.387246 0.843083 0.917129 1.002221
700 9.140274 9.976846 10.316887 0.843083 0.915513 1.002221
710 9.140274 9.917157 10.246615 0.844055 0.915762 1.002221
720 9.140274 9.866097 10.173593 0.844055 0.917698 1.002221
730 9.140274 9.812807 10.152600 0.844055 0.924637 1.002221
740 9.127381 9.733140 10.152600 0.844055 0.931538 1.002221
750 9.127381 9.659616 10.064916 0.844055 0.936180 1.002221
760 9.976264 9.590464 9.976264 0.844055 0.941606 1.003733
770 9.890174 9.530699 9.890174 0.844055 0.946562 1.003733
780 9.800363 9.469239 9.800363 0.891537 0.951026 1.003733
790 9.737572 9.412433 9.737572 0.892964 0.954039 1.003733
800 9.658852 9.343888 9.658852 0.892964 0.956166 1.003733
810 8.780197 9.291145 9.606645 0.892964 0.956830 1.003733
820 8.751559 9.227684 9.550078 0.892964 0.958400 1.003733
830 8.751559 9.174447 9.497867 0.891678 0.959502 1.003733
840 8.751559 9.115503 9.446242 0.888401 0.958566 1.003733
850 8.680442 9.054990 9.373647 0.888401 0.958146 1.003733
860 8.671075 9.003400 9.303653 0.888401 0.959286 1.003733
870 8.559405 8.958828 9.208864 0.888401 0.958544 1.003733
880 8.559405 8.912258 9.140274 0.888401 0.958236 1.003733
890 8.559405 8.875630 9.093818 0.888401 0.959805 1.003733
900 8.511778 8.833954 9.030100 0.888401 0.959375 1.003733
910 8.472057 8.798582 8.983144 0.888401 0.958486 1.003733
920 8.472057 8.761818 8.979479 0.888401 0.955214 1.000811
930 8.464633 8.723264 8.937938 0.888401 0.955849 0.999574
940 8.464633 8.687207 8.897343 0.888401 0.953610 0.999574
950 8.450283 8.653954 8.867561 0.888401 0.951194 0.999574
960 8.264847 8.614872 8.823108 0.888401 0.947103 0.999574
970 8.264847 8.578602 8.780197 0.897587 0.948463 0.999574
980 8.264847 8.547930 8.751559 0.897587 0.946421 0.999574
990 8.264847 8.517854 8.698911 0.897587 0.945402 0.999574
1000 8.264847 8.493624 8.621625 0.897587 0.943274 0.999574
1010 8.264847 8.473414 8.578925 0.897587 0.942929 0.999574
1020 8.251285 8.452790 8.559405 0.897587 0.944617 0.999574
1030 8.251285 8.433176 8.551260 0.897587 0.946908 0.999574
1040 8.211733 8.409418 8.511778 0.906809 0.946049 0.999574
1050 8.211733 8.385594 8.497428 0.906809 0.947419 0.999574
1060 8.211733 8.363221 8.469011 0.906809 0.946718 0.999574
1070 8.207219 8.341477 8.464633 0.906809 0.944443 0.999574
1080 8.207219 8.319449 8.450283 0.916722 0.947234 0.999574
1090 8.207219 8.298645 8.421866 0.916722 0.946874 0.999574
1100 8.207219 8.279634 8.404098 0.916722 0.947567 0.999574
1110 8.207219 8.263143 8.373996 0.916722 0.944351 0.963082
1120 8.207219 8.249076 8.354315 0.916722 0.945113 0.963082
1130 8.207219 8.237878 8.326052 0.931805 0.946394 0.963082
1140 8.207219 8.229545 8.264847 0.931805 0.947637 0.963082
1150 8.207219 8.225389 8.251285 0.940107 0.949343 0.963082
1160 8.207219 8.221910 8.251285 0.940107 0.950634 0.963082
1170 8.207219 8.218282 8.251285 0.940107 0.952058 0.963082
1180 8.207219 8.216079 8.217691 0.950730 0.953207 0.963082
1190 8.207219 8.215481 8.217691 0.950730 0.954045 0.963082
1200 8.207219 8.215033 8.217691 0.950730 0.954750 0.963082
1210 8.207219 8.214436 8.217691 0.950730 0.955587 0.963082
1220 8.207219 8.213583 8.217691 0.950730 0.956681 0.963082
1230 8.207219 8.212672 8.217691 0.950730 0.957889 0.963082
1240 8.207219 8.211805 8.217691 0.950730 0.959088 0.963082
1250 8.207219 8.210848 8.217691 0.950730 0.960305 0.963082
1260 8.207219 8.209801 8.217691 0.950730 0.961541 0.963082
1270 8.207219 8.208754 8.211733 0.962181 0.962776 0.963082
1280 8.207219 8.208302 8.211733 0.962181 0.962866 0.963082
1290 8.207219 8.207851 8.211733 0.962181 0.962956 0.963082
1300 8.207219 8.207400 8.211733 0.962181 0.963046 0.963082
1310 8.207219 8.207219 8.207219 0.963082 0.963082 0.963082
1320 8.207219 8.207219 8.207219 0.963082 0.963082 0.963082
1330 8.207219 8.207219 8.207219 0.963082 0.963082 0.963082
1340 8.207219 8.207219 8.207219 0.963082 0.963082 0.963082
1350 8.207219 8.207219 8.207219 0.963082 0.963082 0.963082
1360 8.207219 8.207219 8.207219 0.963082 0.963082 0.963082
1370 8.207219 8.207219 8.207219 0.963082 0.963082 0.963082
1380 8.207219 8.207219 8.207219 0.963082 0.963082 0.963082
1390 8.207219 8.207219 8.207219 0.963082 0.963082 0.963082
1400 8.207219 8.207219 8.207219 0.963082 0.963082 0.963082
1410 8.207219 8.207219 8.207219 0.963082 0.963082 0.963082
1420 8.207219 8.207219 8.207219 0.963082 0.963082 0.963082
1430 8.207219 8.207219 8.207219 0.963082 0.963082 0.963082
1440 8.207219 8.207219 8.207219 0.963082 0.963082 0.963082
1450 8.207219 8.207219 8.207219 0.963082 0.963082 0.963082
1460 8.207219 8.207219 8.207219 0.963082 0.963082 0.963082
1470 8.207219 8.207219 8.207219 0.963082 0.963082 0.963082
1480 8.207219 8.207219 8.207219 0.963082 0.963082 0.963082
1490 8.207219 8.207219 8.207219 0.963082 0.963082 0.963082
1500 8.207219 8.207219 8.207219 0.963082 0.963082 0.963082
1510 8.207219 8.207219 8.207219 0.963082 0.963082 0.963082
1520 8.207219 8.207219 8.207219 0.963082 0.963082 0.963082
1530 8.207219 8.207219 8.207219 0.963082 0.963082 0.963082
1540 8.207219 8.207219 8.207219 0.963082 0.963082 0.963082
1550 8.207219 8.207219 8.207219 0.963082 0.963082 0.963082
1560 8.207219 8.207219 8.207219 0.963082 0.963082 0.963082
1570 8.207219 8.207219 8.207219 0.963082 0.963082 0.963082
1580 8.207219 8.207219 8.207219 0.963082 0.963082 0.963082
1590 8.207219 8.207219 8.207219 0.963082 0.963082 0.963082
1600 8.207219 8.207219 8.207219 0.963082 0.963082 0.963082
1610 8.207219 8.207219 8.207219 0.963082 0.963082 0.963082
1620 8.207219 8.207219 8.207219 0.963082 0.963082 0.963082
1630 8.207219 8.207219 8.207219 0.963082 0.963082 0.963082
1640 8.207219 8.207219 8.207219 0.963082 0.963082 0.963082
1650 8.207219 8.207219 8.207219 0.963082 0.963082 0.963082
1660 8.207219 8.207219 8.207219 0.963082 0.963082 0.963082
1670 8.207219 8.207219 8.207219 0.963082 0.963082 0.963082
1680 8.207219 8.207219 8.207219 0.963082 0.963082 0.963082
1690 8.207219 8.207219 8.207219 0.963082 0.963082 0.963082
1700 8.207219 8.207219 8.207219 0.963082 0.963082 0.963082
1710 8.207219 8.207219 8.207219 0.963082 0.963082 0.963082
1720 8.207219 8.207219 8.207219 0.963082 0.963082 0.963082
1730 8.207219 8.207219 8.207219 0.963082 0.963082 0.963082
1740 8.207219 8.207219 8.207219 0.963082 0.963082 0.963082
1750 8.207219 8.207219 8.207219 0.963082 0.963082 0.963082
1760 8.207219 8.207219 8.207219 0.963082 0.963082 0.963082
1770 8.207219 8.207219 8.207219 0.963082 0.963082 0.963082
1780 8.207219 8.207219 8.207219 0.963082 0.963082 0.963082
1790 8.207219 8.207219 8.207219 0.963082 0.963082 0.963082
1800 8.207219 8.207219 8.207219 0.963082 0.963082 0.963082
1810 8.207219 8.207219 8.207219 0.963082 0.963082 0.963082
1820 8.207219 8.207219 8.207219 0.963082 0.963082 0.963082
1830 8.207219 8.207219 8.207219 0.963082 0.963082 0.963082
1840 8.207219 8.207219 8.207219 0.963082 0.963082 0.963082
1850 8.207219 8.207219 8.207219 0.963082 0.963082 0.963082
1860 8.207219 8.207219 8.207219 0.963082 0.963082 0.963082
1870 8.207219 8.207219 8.207219 0.963082 0.963082 0.963082
1880 8.207219 8.207219 8.207219 0.963082 0.963082 0.963082
1890 8.207219 8.207219 8.207219 0.963082 0.963082 0.963082
1900 8.207219 8.207219 8.207219 0.963082 0.963082 0.963082
1910 8.207219 8.207219 8.207219 0.963082 0.963082 0.963082
1920 8.207219 8.207219 8.207219 0.963082 0.963082 0.963082
1930 8.207219 8.207219 8.207219 0.963082 0.963082 0.963082
1940 8.207219 8.207219 8.207219 0.963082 0.963082 0.963082
1950 8.207219 8.207219 8.207219 0.963082 0.963082 0.963082
1960 8.207219 8.207219 8.207219 0.963082 0.963082 0.963082
1970 8.207219 8.207219 8.207219 0.963082 0.963082 0.963082
1980 8.207219 8.207219 8.207219 0.963082 0.963082 0.963082
1990 8.207219 8.207219 8.207219 0.963082 0.963082 0.963082
2000 8.207219 8.207219 8.207219 0.963082 0.963082 0.963082
2010 8.207219 8.207219 8.207219 0.963082 0.963082 0.963082
2020 8.207219 8.207219 8.207219 0.963082 0.963082 0.963082
2030 8.207219 8.207219 8.207219 0.963082 0.963082 0.963082
2040 8.207219 8.207219 8.207219 0.963082 0.963082 0.963082
2050 8.207219 8.207219 8.207219 0.963082 0.963082 0.963082
2060 8.207219 8.207219 8.207219 0.963082 0.963082 0.963082
2070 8.207219 8.207219 8.207219 0.963082 0.963082 0.963082
2080 8.207219 8.207219 8.207219 0.963082 0.963082 0.963082
2090 8.207219 8.207219 8.207219 0.963082 0.963082 0.963082
2100 8.207219 8.207219 8.207219 0.963082 0.963082 0.963082
2110 8.207219 8.207219 8.207219 0.963082 0.963082 0.963082
2120 8.207219 8.207219 8.207219 0.963082 0.963082 0.963082
2130 8.207219 8.207219 8.207219 0.963082 0.963082 0.963082
2140 8.207219 8.207219 8.207219 0.963082 0.963082 0.963082
2150 8.207219 8.207219 8.207219 0.963082 0.963082 0.963082
2160 8.207219 8.207219 8.207219 0.963082 0.963082 0.963082
2170 8.207219 8.207219 8.207219 0.963082 0.963082 0.963082
2180 8.207219 8.207219 8.207219 0.963082 0.963082 0.963082
2190 8.207219 8.207219 8.207219 0.963082 0.963082 0.963082
2200 8.207219 8.207219 8.207219 0.963082 0.963082 0.963082
2210 8.207219 8.207219 8.207219 0.963082 0.963082 0.963082
2220 8.207219 8.207219 8.207219 0.963082 0.963082 0.963082
2230 8.207219 8.207219 8.207219 0.963082 0.963082 0.963082
2240 8.207219 8.207219 8.207219 0.963082 0.963082 0.963082
2250 8.207219 8.207219 8.207219 0.963082 0.963082 0.963082
2260 8.207219 8.207219 8.207219 0.963082 0.963082 0.963082
2270 8.207219 8.207219 8.207219 0.963082 0.963082 0.963082
2280 8.207219 8.207219 8.207219 0.963082 0.963082 0.963082
2290 8.207219 8.207219 8.207219 0.963082 0.963082 0.963082
2300 8.207219 8.207219 8.207219 0.963082 0.963082 0.963082
2310 8.207219 8.207219 8.207219 0.963082 0.963082 0.963082
2320 8.207219 8.207219 8.207219 0.963082 0.963082 0.963082
2330 8.207219 8.207219 8.207219 0.963082 0.963082 0.963082
2340 8.207219 8.207219 8.207219 0.963082 0.963082 0.963082
2350 8.207219 8.207219 8.207219 0.963082 0.963082 0.963082
2360 8.207219 8.207219 8.207219 0.963082 0.963082 0.963082
2370 8.207219 8.207219 8.207219 0.963082 0.963082 0.963082
2380 8.207219 8.207219 8.207219 0.963082 0.963082 0.963082
2390 8.207219 8.207219 8.207219 0.963082 0.963082 0.963082
2400 8.207219 8.207219 8.207219 0.963082 0.963082 0.963082
2410 8.207219 8.207219 8.207219 0.963082 0.963082 0.963082
2420 8.207219 8.207219 8.207219 0.963082 0.963082 0.963082
2430 8.207219 8.207219 8.207219 0.963082 0.963082 0.963082
2440 8.207219 8.207219 8.207219 0.963082 0.963082 0.963082
2450 8.207219 8.207219 8.207219 0.963082 0.963082 0.963082
2460 8.207219 8.207219 8.207219 0.963082 0.963082 0.963082
2470 8.207219 8.207219 8.207219 0.963082 0.963082 0.963082
2480 8.207219 8.207219 8.207219 0.963082 0.963082 0.963082
2490 8.207219 8.207219 8.207219 0.963082 0.963082 0.963082
2500 8.207219 8.207219 8.207219 0.963082 0.963082 0.963082
2510 8.207219 8.207219 8.207219 0.963082 0.963082 0.963082
2520 8.207219 8.207219 8.207219 0.963082 0.963082 0.963082
2530 8.207219 8.207219 8.207219 0.963082 0.963082 0.963082
2540 8.207219 8.207219 8.207219 0.963082 0.963082 0.963082
2550 8.207219 8.207219 8.207219 0.963082 0.963082 0.963082
2560 8.207219 8.207219 8.207219 0.963082 0.963082 0.963082
2570 8.207219 8.207219 8.207219 0.963082 0.963082 0.963082
2580 8.207219 8.207219 8.207219 0.963082 0.963082 0.963082
2590 8.207219 8.207219 8.207219 0.963082 0.963082 0.963082
2600 8.207219 8.207219 8.207219 0.963082 0.963082 0.963082
2610 8.207219 8.207219 8.207219 0.963082 0.963082 0.963082
2620 8.207219 8.207219 8.207219 0.963082 0.963082 0.963082
2630 8.207219 8.207219 8.207219 0.963082 0.963082 0.963082
2640 8.207219 8.207219 8.207219 0.963082 0.963082 0.963082
2650 8.207219 8.207219 8.207219 0.963082 0.963082 0.963082
2660 8.207219 8.207219 8.207219 0.963082 0.963082 0.963082
2670 8.207219 8.207219 8.207219 0.963082 0.963082 0.963082
2680 8.207219 8.207219 8.207219 0.963082 0.963082 0.963082
2690 8.207219 8.207219 8.207219 0.963082 0.963082 0.963082
2700 8.207219 8.207219 8.207219 0.963082 0.963082 0.963082
2710 8.207219 8.207219 8.207219 0.963082 0.963082 0.963082
2720 8.207219 8.207219 8.207219 0.963082 0.963082 0.963082
2730 8.207219 8.207219 8.207219 0.963082 0.963082 0.963082
2740 8.207219 8.207219 8.207219 0.963082 0.963082 0.963082
2750 8.207219 8.207219 8.207219 0.963082 0.963082 0.963082
2760 8.207219 8.207219 8.207219 0.963082 0.963082 0.963082
2770 8.207219 8.207219 8.207219 0.963082 0.963082 0.963082
2780 8.207219 8.207219 8.207219 0.963082 0.963082 0.963082
2790 8.207219 8.207219 8.207219 0.963082 0.963082 0.963082
2800 8.207219 8.207219 8.207219 0.963082 0.963082 0.963082
2810 8.207219 8.207219 8.207219 0.963082 0.963082 0.963082
2820 8.207219 8.207219 8.207219 0.963082 0.963082 0.963082
2830 8.207219 8.207219 8.207219 0.963082 0.963082 0.963082
2840 8.207219 8.207219 8.207219 0.963082 0.963082 0.963082
2850 8.207219 8.207219 8.207219 0.963082 0.963082 0.963082
2860 8.207219 8.207219 8.207219 0.963082 0.963082 0.963082
2870 8.207219 8.207219 8.207219 0.963082 0.963082 0.963082
2880 8.207219 8.207219 8.207219 0.963082 0.963082 0.963082
2890 8.207219 8.207219 8.207219 0.963082 0.963082 0.963082
2900 8.207219 8.207219 8.207219 0.963082 0.963082 0.963082
2910 8.207219 8.207219 8.207219 0.963082 0.963082 0.963082
2920 8.207219 8.207219 8.207219 0.963082 0.963082 0.963082
2930 8.207219 8.207219 8.207219 0.963082 0.963082 0.963082
2940 8.207219 8.207219 8.207219 0.963082 0.963082 0.963082
2950 8.207219 8.207219 8.207219 0.963082 0.963082 0.963082
2960 8.207219 8.207219 8.207219 0.963082 0.963082 0.963082
2970 8.207219 8.207219 8.207219 0.963082 0.963082 0.963082
2980 8.207219 8.207219 8.207219 0.963082 0.963082 0.963082
2990 8.207219 8.207219 8.207219 0.963082 0.963082 0.963082
3000 8.207219 8.207219 8.207219 0.963082 0.963082 0.963082
3010 8.207219 8.207219 8.207219 0.963082 0.963082 0.963082
3020 8.207219 8.207219 8.207219 0.963082 0.963082 0.963082
3030 8.207219 8.207219 8.207219 0.963082 0.963082 0.963082
3040 8.207219 8.207219 8.207219 0.963082 0.963082 0.963082
3050 8.207219 8.207219 8.207219 0.963082 0.963082 0.963082
3060 8.207219 8.207219 8.207219 0.963082 0.963082 0.963082
3070 8.207219 8.207219 8.207219 0.963082 0.963082 0.963082
3080 8.207219 8.207219 8.207219 0.963082 0.963082 0.963082
3090 8.207219 8.207219 8.207219 0.963082 0.963082 0.963082
3100 8.207219 8.207219 8.207219 0.963082 0.963082 0.963082
3110 8.207219 8.207219 8.207219 0.963082 0.963082 0.963082
3120 8.207219 8.207219 8.207219 0.963082 0.963082 0.963082
3130 8.207219 8.207219 8.207219 0.963082 0.963082 0.963082
3140 8.207219 8.207219 8.207219 0.963082 0.963082 0.963082
3150 8.207219 8.207219 8.207219 0.963082 0.963082 0.963082
3160 8.207219 8.207219 8.207219 0.963082 0.963082 0.963082
3170 8.207219 8.207219 8.207219 0.963082 0.963082 0.963082
3180 8.207219 8.207219 8.207219 0.963082 0.963082 0.963082
3190 8.207219 8.207219 8.207219 0.963082 0.963082 0.963082
3200 8.207219 8.207219 8.207219 0.963082 0.963082 0.963082
3210 8.207219 8.207219 8.207219 0.963082 0.963082 0.963082
3220 8.207219 8.207219 8.207219 0.963082 0.963082 0.963082
3230 8.207219 8.207219 8.207219 0.963082 0.963082 0.963082
3240 8.207219 8.207219 8.207219 0.963082 0.963082 0.963082
3250 8.207219 8.207219 8.207219 0.963082 0.963082 0.963082
3260 8.207219 8.207219 8.207219 0.963082 0.963082 0.963082
3270 8.207219 8.207219 8.207219 0.963082 0.963082 0.963082
3280 8.207219 8.207219 8.207219 0.963082 0.963082 0.963082
3290 8.207219 8.207219 8.207219 0.963082 0.963082 0.963082
3300 8.207219 8.207219 8.207219 0.963082 0.963082 0.963082
3310 8.207219 8.207219 8.207219 0.963082 0.963082 0.963082
3320 8.207219 8.207219 8.207219 0.963082 0.963082 0.963082
3330 8.207219 8.207219 8.207219 0.963082 0.963082 0.963082
3340 8.207219 8.207219 8.207219 0.963082 0.963082 0.963082
3350 8.207219 8.207219 8.207219 0.963082 0.963082 0.963082
3360 8.207219 8.207219 8.207219 0.963082 0.963082 0.963082
3370 8.207219 8.207219 8.207219 0.963082 0.963082 0.963082
3380 8.207219 8.207219 8.207219 0.963082 0.963082 0.963082
3390 8.207219 8.207219 8.207219 0.963082 0.963082 0.963082
3400 8.207219 8.207219 8.207219 0.963082 0.963082 0.963082
3410 8.207219 8.207219 8.207219 0.963082 0.963082 0.963082
3420 8.207219 8.207219 8.207219 0.963082 0.963082 0.963082
3430 8.207219 8.207219 8.207219 0.963082 0.963082 0.963082
3440 8.207219 8.207219 8.207219 0.963082 0.963082 0.963082
3450 8.207219 8.207219 8.207219 0.963082 0.963082 0.963082
3460 8.207219 8.207219 8.207219 0.963082 0.963082 0.963082
3470 8.207219 8.207219 8.207219 0.963082 0.963082 0.963082
3480 8.207219 8.207219 8.207219 0.963082 0.963082 0.963082
3490 8.207219 8.207219 8.207219 0.963082 0.963082 0.963082
3500 8.207219 8.207219 8.207219 0.963082 0.963082 0.963082
3510 8.207219 8.207219 8.207219 0.963082 0.963082 0.963082
3520 8.207219 8.207219 8.207219 0.963082 0.963082 0.963082
3530 8.207219 8.207219 8.207219 0.963082 0.963082 0.963082
3540 8.207219 8.207219 8.207219 0.963082 0.963082 0.963082
3550 8.207219 8.207219 8.207219 0.963082 0.963082 0.963082
3560 8.207219 8.207219 8.207219 0.963082 0.963082 0.963082
3570 8.207219 8.207219 8.207219 0.963082 0.963082 0.963082
3580 8.207219 8.207219 8.207219 0.963082 0.963082 0.963082
3590 8.207219 8.207219 8.207219 0.963082 0.963082 0.963082
3600 8.207219 8.207219 8.207219 0.963082 0.963082 0.963082
3610 8.207219 8.207219 8.207219 0.963082 0.963082 0.963082
3620 8.207219 8.207219 8.207219 0.963082 0.963082 0.963082
3630 8.207219 8.207219 8.207219 0.963082 0.963082 0.963082
3640 8.207219 8.207219 8.207219 0.963082 0.963082 0.963082
3650 8.207219 8.207219 8.207219 0.963082 0.963082 0.963082
3660 8.207219 8.207219 8.207219 0.963082 0.963082 0.963082
3670 8.207219 8.207219 8.207219 0.963082 0.963082 0.963082
3680 8.207219 8.207219 8.207219 0.963082 0.963082 0.963082
3690 8.207219 8.207219 8.207219 0.963082 0.963082 0.963082
3700 8.207219 8.207219 8.207219 0.963082 0.963082 0.963082
3710 8.207219 8.207219 8.207219 0.963082 0.963082 0.963082
3720 8.207219 8.207219 8.207219 0.963082 0.963082 0.963082
3730 8.207219 8.207219 8.207219 0.963082 0.963082 0.963082
3740 8.207219 8.207219 8.207219 0.963082 0.963082 0.963082
3750 8.207219 8.207219 8.207219 0.963082 0.963082 0.963082
3760 8.207219 8.207219 8.207219 0.963082 0.963082 0.963082
3770 8.207219 8.207219 8.207219 0.963082 0.963082 0.963082
3780 8.207219 8.207219 8.207219 0.963082 0.963082 0.963082
3790 8.207219 8.207219 8.207219 0.963082 0.963082 0.963082
3800 8.207219 8.207219 8.207219 0.963082 0.963082 0.963082
3810 8.207219 8.207219 8.207219 0.963082 0.963082 0.963082
3820 8.207219 8.207219 8.207219 0.963082 0.963082 0.963082
3830 8.207219 8.207219 8.207219 0.963082 0.963082 0.963082
3840 8.207219 8.207219 8.207219 0.963082 0.963082 0.963082
3850 8.207219 8.207219 8.207219 0.963082 0.963082 0.963082
3860 8.207219 8.207219 8.207219 0.963082 0.963082 0.963082
3870 8.207219 8.207219 8.207219 0.963082 0.963082 0.963082
3880 8.207219 8.207219 8.207219 0.963082 0.963082 0.963082
3890 8.207219 8.207219 8.207219 0.963082 0.963082 0.963082
3900 8.207219 8.207219 8.207219 0.963082 0.963082 0.963082
3910 8.207219 8.207219 8.207219 0.963082 0.963082 0.963082
3920 8.207219 8.207219 8.207219 0.963082 0.963082 0.963082
3930 8.207219 8.207219 8.207219 0.963082 0.963082 0.963082
3940 8.207219 8.207219 8.207219 0.963082 0.963082 0.963082
3950 8.207219 8.207219 8.207219 0.963082 0.963082 0.963082
3960 8.207219 8.207219 8.207219 0.963082 0.963082 0.963082
3970 8.207219 8.207219 8.207219 0.963082 0.963082 0.963082
3980 8.207219 8.207219 8.207219 0.963082 0.963082 0.963082
3990 8.207219 8.207219 8.207219 0.963082 0.963082 0.963082
4000 8.207219 8.207219 8.207219 0.963082 0.963082 0.963082
4010 8.207219 8.207219 8.207219 0.963082 0.963082 0.963082
4020 8.207219 8.207219 8.207219 0.963082 0.963082 0.963082
4030 8.207219 8.207219 8.207219 0.963082 0.963082 0.963082
4040 8.207219 8.207219 8.207219 0.963082 0.963082 0.963082
4050 8.207219 8.207219 8.207219 0.963082 0.963082 0.963082
4060 8.207219 8.207219 8.207219 0.963082 0.963082 0.963082
4070 8.207219 8.207219 8.207219 0.963082 0.963082 0.963082
4080 8.207219 8.207219 8.207219 0.963082 0.963082 0.963082
4090 8.207219 8.207219 8.207219 0.963082 0.963082 0.963082
4100 8.207219 8.207219 8.207219 0.963082 0.963082 0.963082
4110 8.207219 8.207219 8.207219 0.963082 0.963082 0.963082
4120 8.207219 8.207219 8.207219 0.963082 0.963082 0.963082
4130 8.207219 8.207219 8.207219 0.963082 0.963082 0.963082
4140 8.207219 8.207219 8.207219 0.963082 0.963082 0.963082
4150 8.207219 8.207219 8.207219 0.963082 0.963082 0.963082
4160 8.207219 8.207219 8.207219 0.963082 0.963082 0.963082
4170 8.207219 8.207219 8.207219 0.963082 0.963082 0.963082
4180 8.207219 8.207219 8.207219 0.963082 0.963082 0.963082
4190 8.207219 8.207219 8.207219 0.963082 0.963082 0.963082
4200 8.207219 8.207219 8.207219 0.963082 0.963082 0.963082
4210 8.207219 8.207219 8.207219 0.963082 0.963082 0.963082
4220 8.207219 8.207219 8.207219 0.963082 0.963082 0.963082
4230 8.207219 8.207219 8.207219 0.963082 0.963082 0.963082
4240 8.207219 8.207219 8.207219 0.963082 0.963082 0.963082
4250 8.207219 8.207219 8.207219 0.963082 0.963082 0.963082
4260 8.207219 8.207219 8.207219 0.963082 0.963082 0.963082
4270 8.207219 8.207219 8.207219 0.963082 0.963082 0.963082
4280 8.207219 8.207219 8.207219 0.963082 0.963082 0.963082
4290 8.207219 8.207219 8.207219 0.963082 0.963082 0.963082
4300 8.207219 8.207219 8.207219 0.963082 0.963082 0.963082
4310 8.207219 8.207219 8.207219 0.963082 0.963082 0.963082
4320 8.207219 8.207219 8.207219 0.963082 0.963082 0.963082
4330 8.207219 8.207219 8.207219 0.963082 0.963082 0.963082
4340 8.207219 8.207219 8.207219 0.963082 0.963082 0.963082
4350 8.207219 8.207219 8.207219 0.963082 0.963082 0.963082
4360 8.207219 8.207219 8.207219 0.963082 0.963082 0.963082
4370 8.207219 8.207219 8.207219 0.963082 0.963082 0.963082
4380 8.207219 8.207219 8.207219 0.963082 0.963082 0.963082
4390 8.207219 8.207219 8.207219 0.963082 0.963082 0.963082
4400 8.207219 8.207219 8.207219 0.963082 0.963082 0.963082
4410 8.207219 8.207219 8.207219 0.963082 0.963082 0.963082
4420 8.207219 8.207219 8.207219 0.963082 0.963082 0.963082
4430 8.207219 8.207219 8.207219 0.963082 0.963082 0.963082
4440 8.207219 8.207219 8.207219 0.963082 0.963082 0.963082
4450 8.207219 8.207219 8.207219 0.963082 0.963082 0.963082
4460 8.207219 8.207219 8.207219 0.963082 0.963082 0.963082
4470 8.207219 8.207219 8.207219 0.963082 0.963082 0.963082
4480 8.207219 8.207219 8.207219 0.963082 0.963082 0.963082
4490 8.207219 8.207219 8.207219 0.963082 0.963082 0.963082
4500 8.207219 8.207219 8.207219 0.963082 0.963082 0.963082
4510 8.207219 8.207219 8.207219 0.963082 0.963082 0.963082
4520 8.207219 8.207219 8.207219 0.963082 0.963082 0.963082
4530 8.207219 8.207219 8.207219 0.963082 0.963082 0.963082
4540 8.207219 8.207219 8.207219 0.963082 0.963082 0.963082
4550 8.207219 8.207219 8.207219 0.963082 0.963082 0.963082
4560 8.207219 8.207219 8.207219 0.963082 0.963082 0.963082
4570 8.207219 8.207219 8.207219 0.963082 0.963082 0.963082
4580 8.207219 8.207219 8.207219 0.963082 0.963082 0.963082
4590 8.207219 8.207219 8.207219 0.963082 0.963082 0.963082
4600 8.207219 8.207219 8.207219 0.963082 0.963082 0.963082
4610 8.207219 8.207219 8.207219 0.963082 0.963082 0.963082
4620 8.207219 8.207219 8.207219 0.963082 0.963082 0.963082
4630 8.207219 8.207219 8.207219 0.963082 0.963082 0.963082
4640 8.207219 8.207219 8.207219 0.963082 0.963082 0.963082
4650 8.207219 8.207219 8.207219 0.963082 0.963082 0.963082
4660 8.207219 8.207219 8.207219 0.963082 0.963082 0.963082
4670 8.207219 8.207219 8.207219 0.963082 0.963082 0.963082
4680 8.207219 8.207219 8.207219 0.963082 0.963082 0.963082
4690 8.207219 8.207219 8.207219 0.963082 0.963082 0.963082
4700 8.207219 8.207219 8.207219 0.963082 0.963082 0.963082
4710 8.207219 8.207219 8.207219 0.963082 0.963082 0.963082
4720 8.207219 8.207219 8.207219 0.963082 0.963082 0.963082
4730 8.207219 8.207219 8.207219 0.963082 0.963082 0.963082
4740 8.207219 8.207219 8.207219 0.963082 0.963082 0.963082
4750 8.207219 8.207219 8.207219 0.963082 0.963082 0.963082
4760 8.207219 8.207219 8.207219 0.963082 0.963082 0.963082
4770 8.207219 8.207219 8.207219 0.963082 0.963082 0.963082
4780 8.207219 8.207219 8.207219 0.963082 0.963082 0.963082
4790 8.207219 8.207219 8.207219 0.963082 0.963082 0.963082
4800 8.207219 8.207219 8.207219 0.963082 0.963082 0.963082
4810 8.207219 8.207219 8.207219 0.963082 0.963082 0.963082
4820 8.207219 8.207219 8.207219 0.963082 0.963082 0.963082
4830 8.207219 8.207219 8.207219 0.963082 0.963082 0.963082
4840 8.207219 8.207219 8.207219 0.963082 0.963082 0.963082
4850 8.207219 8.207219 8.207219 0.963082 0.963082 0.963082
4860 8.207219 8.207219 8.207219 0.963082 0.963082 0.963082
4870 8.207219 8.207219 8.207219 0.963082 0.963082 0.963082
4880 8.207219 8.207219 8.207219 0.963082 0.963082 0.963082
4890 8.207219 8.207219 8.207219 0.963082 0.963082 0.963082
4900 8.207219 8.207219 8.207219 0.963082 0.963082 0.963082
4910 8.207219 8.207219 8.207219 0.963082 0.963082 0.963082
4920 8.207219 8.207219 8.207219 0.963082 0.963082 0.963082
4930 8.207219 8.207219 8.207219 0.963082 0.963082 0.963082
4940 8.207219 8.207219 8.207219 0.963082 0.963082 0.963082
4950 8.207219 8.207219 8.207219 0.963082 0.963082 0.963082
4960 8.207219 8.207219 8.207219 0.963082 0.963082 0.963082
4970 8.207219 8.207219 8.207219 0.963082 0.963082 0.963082
4980 8.207219 8.207219 8.207219 0.963082 0.963082 0.963082
4990 8.207219 8.207219 8.207219 0.963082 0.963082 0.963082
5000 8.207219 8.207219 8.207219 0.963082 0.963082 0.963082
5010 8.207219 8.207219 8.207219 0.963082 0.963082 0.963082
5020 8.207219 8.207219 8.207219 0.963082 0.963082 0.963082
5030 8.207219 8.207219 8.207219 0.963082 0.963082 0.963082
5040 8.207219 8.207219 8.207219 0.963082 0.963082 0.963082
5050 8.207219 8.207219 8.207219 0.963082 0.963082 0.963082
5060 8.207219 8.207219 8.207219 0.963082 0.963082 0.963082
5070 8.207219 8.207219 8.207219 0.963082 0.963082 0.963082
5080 8.207219 8.207219 8.207219 0.963082 0.963082 0.963082
5090 8.207219 8.207219 8.207219 0.963082 0.963082 0.963082
5100 8.207219 8.207219 8.207219 0.963082 0.963082 0.963082
5110 8.207219 8.207219 8.207219 0.963082 0.963082 0.963082
5120 8.207219 8.207219 8.207219 0.963082 0.963082 0.963082
5130 8.207219 8.207219 8.207219 0.963082 0.963082 0.963082
5140 8.207219 8.207219 8.207219 0.963082 0.963082 0.963082
5150 8.207219 8.207219 8.207219 0.963082 0.963082 0.963082
5160 8.207219 8.207219 8.207219 0.963082 0.963082 0.963082
5170 8.207219 8.207219 8.207219 0.963082 0.963082 0.963082
5180 8.207219 8.207219 8.207219 0.963082 0.963082 0.963082
5190 8.207219 8.207219 8.207219 0.963082 0.963082 0.963082
5200 8.207219 8.207219 8.207219 0.963082 0.963082 0.963082
5210 8.207219 8.207219 8.207219 0.963082 0.963082 0.963082
5220 8.207219 8.207219 8.207219 0.963082 0.963082 0.963082
5230 8.207219 8.207219 8.207219 0.963082 0.963082 0.963082
5240 8.207219 8.207219 8.207219 0.963082 0.963082 0.963082
5250 8.207219 8.207219 8.207219 0.963082 0.963082 0.963082
5260 8.207219 8.207219 8.207219 0.963082 0.963082 0.963082
5270 8.207219 8.207219 8.207219 0.963082 0.963082 0.963082
5280 8.207219 8.207219 8.207219 0.963082 0.963082 0.963082
5290 8.207219 8.207219 8.207219 0.963082 0.963082 0.963082
5300 8.207219 8.207219 8.207219 0.963082 0.963082 0.963082
5310 8.207219 8.207219 8.207219 0.963082 0.963082 0.963082
5320 8.207219 8.207219 8.207219 0.963082 0.963082 0.963082
5330 8.207219 8.207219 8.207219 0.963082 0.963082 0.963082
5340 8.207219 8.207219 8.207219 0.963082 0.963082 0.963082
5350 8.207219 8.207219 8.207219 0.963082 0.963082 0.963082
5360 8.207219 8.207219 8.207219 0.963082 0.963082 0.963082
5370 8.207219 8.207219 8.207219 0.963082 0.963082 0.963082
5380 8.207219 8.207219 8.207219 0.963082 0.963082 0.963082
5390 8.207219 8.207219 8.207219 0.963082 0.963082 0.963082
5400 8.207219 8.207219 8.207219 0.963082 0.963082 0.963082
5410 8.207219 8.207219 8.207219 0.963082 0.963082 0.963082
5420 8.207219 8.207219 8.207219 0.963082 0.963082 0.963082
5430 8.207219 8.207219 8.207219 0.963082 0.963082 0.963082
5440 8.207219 8.207219 8.207219 0.963082 0.963082 0.963082
5450 8.207219 8.207219 8.207219 0.963082 0.963082 0.963082
5460 8.207219 8.207219 8.207219 0.963082 0.963082 0.963082
5470 8.207219 8.207219 8.207219 0.963082 0.963082 0.963082
5480 8.207219 8.207219 8.207219 0.963082 0.963082 0.963082
5490 8.207219 8.207219 8.207219 0.963082 0.963082 0.963082
5500 8.207219 8.207219 8.207219 0.963082 0.963082 0.963082
5510 8.207219 8.207219 8.207219 0.963082 0.963082 0.963082
5520 8.207219 8.207219 8.207219 0.963082 0.963082 0.963082
5530 8.207219 8.207219 8.207219 0.963082 0.963082 0.963082
5540 8.207219 8.207219 8.207219 0.963082 0.963082 0.963082
5550 8.207219 8.207219 8.207219 0.963082 0.963082 0.963082
5560 8.207219 8.207219 8.207219 0.963082 0.963082 0.963082
5570 8.207219 8.207219 8.207219 0.963082 0.963082 0.963082
5580 8.207219 8.207219 8.207219 0.963082 0.963082 0.963082
5590 8.207219 8.207219 8.207219 0.963082 0.963082 0.963082
5600 8.207219 8.207219 8.207219 0.963082 0.963082 0.963082
5610 8.207219 8.207219 8.207219 0.963082 0.963082 0.963082
5620 8.207219 8.207219 8.207219 0.963082 0.963082 0.963082
5630 8.207219 8.207219 8.207219 0.963082 0.963082 0.963082
5640 8.207219 8.207219 8.207219 0.963082 0.963082 0.963082
5650 8.207219 8.207219 8.207219 0.963082 0.963082 0.963082
5660 8.207219 8.207219 8.207219 0.963082 0.963082 0.963082
5670 8.207219 8.207219 8.207219 0.963082 0.963082 0.963082
5680 8.207219 8.207219 8.207219 0.963082 0.963082 0.963082
5690 8.207219 8.207219 8.207219 0.963082 0.963082 0.963082
5700 8.207219 8.207219 8.207219 0.963082 0.963082 0.963082
5710 8.207219 8.207219 8.207219 0.963082 0.963082 0.963082
5720 8.207219 8.207219 8.207219 0.963082 0.963082 0.963082
5730 8.207219 8.207219 8.207219 0.963082 0.963082 0.963082
5740 8.207219 8.207219 8.207219 0.963082 0.963082 0.963082
5750 8.207219 8.207219 8.207219 0.963082 0.963082 0.963082
5760 8.207219 8.207219 8.207219 0.963082 0.963082 0.963082
5770 8.207219 8.207219 8.207219 0.963082 0.963082 0.963082
5780 8.207219 8.207219 8.207219 0.963082 0.963082 0.963082
5790 8.207219 8.207219 8.207219 0.963082 0.963082 0.963082
5800 8.207219 8.207219 8.207219 0.963082 0.963082 0.963082
5810 8.207219 8.207219 8.207219 0.963082 0.963082 0.963082
5820 8.207219 8.207219 8.207219 0.963082 0.963082 0.963082
5830 8.207219 8.207219 8.207219 0.963082 0.963082 0.963082
5840 8.207219 8.207219 8.207219 0.963082 0.963082 0.963082
5850 8.207219 8.207219 8.207219 0.963082 0.963082 0.963082
5860 8.207219 8.207219 8.207219 0.963082 0.963082 0.963082
5870 8.207219 8.207219 8.207219 0.963082 0.963082 0.963082
5880 8.207219 8.207219 8.207219 0.963082 0.963082 0.963082
5890 8.207219 8.207219 8.207219 0.963082 0.963082 0.963082
5900 8.207219 8.207219 8.207219 0.963082 0.963082 0.963082
5910 8.207219 8.207219 8.207219 0.963082 0.963082 0.963082
5920 8.207219 8.207219 8.207219 0.963082 0.963082 0.963082
5930 8.207219 8.207219 8.207219 0.963082 0.963082 0.963082
5940 8.207219 8.207219 8.207219 0.963082 0.963082 0.963082
5950 8.207219 8.207219 8.207219 0.963082 0.963082 0.963082
5960 8.207219 8.207219 8.207219 0.963082 0.963082 0.963082
5970 8.207219 8.207219 8.207219 0.963082 0.963082 0.963082
5980 8.207219 8.207219 8.207219 0.963082 0.963082 0.963082
5990 8.207219 8.207219 8.207219 0.963082 0.963082 0.963082
6000 8.207219 8.207219 8.207219 0.963082 0.963082 0.963082
6010 8.207219 8.207219 8.207219 0.963082 0.963082 0.963082
6020 8.207219 8.207219 8.207219 0.963082 0.963082 0.963082
6030 8.207219 8.207219 8.207219 0.963082 0.963082 0.963082
6040 8.207219 8.207219 8.207219 0.963082 0.963082 0.963082
6050 8.207219 8.207219 8.207219 0.963082 0.963082 0.963082
6060 8.207219 8.207219 8.207219 0.963082 0.963082 0.963082
6070 8.207219 8.207219 8.207219 0.963082 0.963082 0.963082
6080 8.207219 8.207219 8.207219 0.963082 0.963082 0.963082
6090 8.207219 8.207219 8.207219 0.963082 0.963082 0.963082
6100 8.207219 8.207219 8.207219 0.963082 0.963082 0.963082
6110 8.207219 8.207219 8.207219 0.963082 0.963082 0.963082
6120 8.207219 8.207219 8.207219 0.963082 0.963082 0.963082
6130 8.207219 8.207219 8.207219 0.963082 0.963082 0.963082
6140 8.207219 8.207219 8.207219 0.963082 0.963082 0.963082
6150 8.207219 8.207219 8.207219 0.963082 0.963082 0.963082
6160 8.207219 8.207219 8.207219 0.963082 0.963082 0.963082
6170 8.207219 8.207219 8.207219 0.963082 0.963082 0.963082
6180 8.207219 8.207219 8.207219 0.963082 0.963082 0.963082
6190 8.207219 8.207219 8.207219 0.963082 0.963082 0.963082
6200 8.207219 8.207219 8.207219 0.963082 0.963082 0.963082
6210 8.207219 8.207219 8.207219 0.963082 0.963082 0.963082
6220 8.207219 8.207219 8.207219 0.963082 0.963082 0.963082
6230 8.207219 8.207219 8.207219 0.963082 0.963082 0.963082
6240 8.207219 8.207219 8.207219 0.963082 0.963082 0.963082
6250 8.207219 8.207219 8.207219 0.963082 0.963082 0.963082
6260 8.207219 8.207219 8.207219 0.963082 0.963082 0.963082
6270 8.207219 8.207219 8.207219 0.963082 0.963082 0.963082
6280 8.207219 8.207219 8.207219 0.963082 0.963082 0.963082
6290 8.207219 8.207219 8.207219 0.963082 0.963082 0.963082
6300 8.207219 8.207219 8.207219 0.963082 0.963082 0.963082
6310 8.207219 8.207219 8.207219 0.963082 0.963082 0.963082
6320 8.207219 8.207219 8.207219 0.963082 0.963082 0.963082
6330 8.207219 8.207219 8.207219 0.963082 0.963082 0.963082
6340 8.207219 8.207219 8.207219 0.963082 0.963082 0.963082
6350 8.207219 8.207219 8.207219 0.963082 0.963082 0.963082
6360 8.207219 8.207219 8.207219 0.963082 0.963082 0.963082
6370 8.207219 8.207219 8.207219 0.963082 0.963082 0.963082
6380 8.207219 8.207219 8.207219 0.963082 0.963082 0.963082
6390 8.207219 8.207219 8.207219 0.963082 0.963082 0.963082
6400 8.207219 8.207219 8.207219 0.963082 0.963082 0.963082
6410 8.207219 8.207219 8.207219 0.963082 0.963082 0.963082
6420 8.207219 8.207219 8.207219 0.963082 0.963082 0.963082
6430 8.207219 8.207219 8.207219 0.963082 0.963082 0.963082
6440 8.207219 8.207219 8.207219 0.963082 0.963082 0.963082
6450 8.207219 8.207219 8.207219 0.963082 0.963082 0.963082
6460 8.207219 8.207219 8.207219 0.963082 0.963082 0.963082
6470 8.207219 8.207219 8.207219 0.963082 0.963082 0.963082
6480 8.207219 8.207219 8.207219 0.963082 0.963082 0.963082
6490 8.207219 8.207219 8.207219 0.963082 0.963082 0.963082
6500 8.207219 8.207219 8.207219 0.963082 0.963082 0.963082
6510 8.207219 8.207219 8.207219 0.963082 0.963082 0.963082
6520 8.207219 8.207219 8.207219 0.963082 0.963082 0.963082
6530 8.207219 8.207219 8.207219 0.963082 0.963082 0.963082
6540 8.207219 8.207219 8.207219 0.963082 0.963082 0.963082
6550 8.207219 8.207219 8.207219 0.963082 0.963082 0.963082
6560 8.207219 8.207219 8.207219 0.963082 0.963082 0.963082
6570 8.207219 8.207219 8.207219 0.963082 0.963082 0.963082
6580 8.207219 8.207219 8.207219 0.963082 0.963082 0.963082
6590 8.207219 8.207219 8.207219 0.963082 0.963082 0.963082
6600 8.207219 8.207219 8.207219 0.963082 0.963082 0.963082
6610 8.207219 8.207219 8.207219 0.963082 0.963082 0.963082
6620 8.207219 8.207219 8.207219 0.963082 0.963082 0.963082
6630 8.207219 8.207219 8.207219 0.963082 0.963082 0.963082
6640 8.207219 8.207219 8.207219 0.963082 0.963082 0.963082
6650 8.207219 8.207219 8.207219 0.963082 0.963082 0.963082
6660 8.207219 8.207219 8.207219 0.963082 0.963082 0.963082
6670 8.207219 8.207219 8.207219 0.963082 0.963082 0.963082
6680 8.207219 8.207219 8.207219 0.963082 0.963082 0.963082
6690 8.207219 8.207219 8.207219 0.963082 0.963082 0.963082
6700 8.207219 8.207219 8.207219 0.963082 0.963082 0.963082
6710 8.207219 8.207219 8.207219 0.963082 0.963082 0.963082
6720 8.207219 8.207219 8.207219 0.963082 0.963082 0.963082
6730 8.207219 8.207219 8.207219 0.963082 0.963082 0.963082
6740 8.207219 8.207219 8.207219 0.963082 0.963082 0.963082
6750 8.207219 8.207219 8.207219 0.963082 0.963082 0.963082
6760 8.207219 8.207219 8.207219 0.963082 0.963082 0.963082
6770 8.207219 8.207219 8.207219 0.963082 0.963082 0.963082
6780 8.207219 8.207219 8.207219 0.963082 0.963082 0.963082
6790 8.207219 8.207219 8.207219 0.963082 0.963082 0.963082
6800 8.207219 8.207219 8.207219 0.963082 0.963082 0.963082
6810 8.207219 8.207219 8.207219 0.963082 0.963082 0.963082
6820 8.207219 8.207219 8.207219 0.963082 0.963082 0.963082
6830 8.207219 8.207219 8.207219 0.963082 0.963082 0.963082
6840 8.207219 8.207219 8.207219 0.963082 0.963082 0.963082
6850 8.207219 8.207219 8.207219 0.963082 0.963082 0.963082
6860 8.207219 8.207219 8.207219 0.963082 0.963082 0.963082
6870 8.207219 8.207219 8.207219 0.963082 0.963082 0.963082
6880 8.207219 8.207219 8.207219 0.963082 0.963082 0.963082
6890 8.207219 8.207219 8.207219 0.963082 0.963082 0.963082
6900 8.207219 8.207219 8.207219 0.963082 0.963082 0.963082
6910 8.207219 8.207219 8.207219 0.963082 0.963082 0.963082
6920 8.207219 8.207219 8.207219 0.963082 0.963082 0.963082
6930 8.207219 8.207219 8.207219 0.963082 0.963082 0.963082
6940 8.207219 8.207219 8.207219 0.963082 0.963082 0.963082
6950 8.207219 8.207219 8.207219 0.963082 0.963082 0.963082
6960 8.207219 8.207219 8.207219 0.963082 0.963082 0.963082
6970 8.207219 8.207219 8.207219 0.963082 0.963082 0.963082
6980 8.207219 8.207219 8.207219 0.963082 0.963082 0.963082
6990 8.207219 8.207219 8.207219 0.963082 0.963082 0.963082
7000 8.207219 8.207219 8.207219 0.963082 0.963082 0.963082
7010 8.207219 8.207219 8.207219 0.963082 0.963082 0.963082
7020 8.207219 8.207219 8.207219 0.963082 0.963082 0.963082
7030 8.207219 8.207219 8.207219 0.963082 0.963082 0.963082
7040 8.207219 8.207219 8.207219 0.963082 0.963082 0.963082
7050 8.207219 8.207219 8.207219 0.963082 0.963082 0.963082
7060 8.207219 8.207219 8.207219 0.963082 0.963082 0.963082
7070 8.207219 8.207219 8.207219 0.963082 0.963082 0.963082
7080 8.207219 8.207219 8.207219 0.963082 0.963082 0.963082
7090 8.207219 8.207219 8.207219 0.963082 0.963082 0.963082
7100 8.207219 8.207219 8.207219 0.963082 0.963082 0.963082
7110 8.207219 8.207219 8.207219 0.963082 0.963082 0.963082
7120 8.207219 8.207219 8.207219 0.963082 0.963082 0.963082
7130 8.207219 8.207219 8.207219 0.963082 0.963082 0.963082
7140 8.207219 8.207219 8.207219 0.963082 0.963082 0.963082
7150 8.207219 8.207219 8.207219 0.963082 0.963082 0.963082
7160 8.207219 8.207219 8.207219 0.963082 0.963082 0.963082
7170 8.207219 8.207219 8.207219 0.963082 0.963082 0.963082
7180 8.207219 8.207219 8.207219 0.963082 0.963082 0.963082
7190 8.207219 8.207219 8.207219 0.963082 0.963082 0.963082
7200 8.207219 8.207219 8.207219 0.963082 0.963082 0.963082
7210 8.207219 8.207219 8.207219 0.963082 0.963082 0.963082
7220 8.207219 8.207219 8.207219 0.963082 0.963082 0.963082
7230 8.207219 8.207219 8.207219 0.963082 0.963082 0.963082
7240 8.207219 8.207219 8.207219 0.963082 0.963082 0.963082
7250 8.207219 8.207219 8.207219 0.963082 0.963082 0.963082
7260 8.207219 8.207219 8.207219 0.963082 0.963082 0.963082
7270 8.207219 8.207219 8.207219 0.963082 0.963082 0.963082
7280 8.207219 8.207219 8.207219 0.963082 0.963082 0.963082
7290 8.207219 8.207219 8.207219 0.963082 0.963082 0.963082
7300 8.207219 8.207219 8.207219 0.963082 0.963082 0.963082
7310 8.207219 8.207219 8.207219 0.963082 0.963082 0.963082
7320 8.207219 8.207219 8.207219 0.963082 0.963082 0.963082
7330 8.207219 8.207219 8.207219 0.963082 0.963082 0.963082
7340 8.207219 8.207219 8.207219 0.963082 0.963082 0.963082
7350 8.207219 8.207219 8.207219 0.963082 0.963082 0.963082
7360 8.207219 8.207219 8.207219 0.963082 0.963082 0.963082
7370 8.207219 8.207219 8.207219 0.963082 0.963082 0.963082
7380 8.207219 8.207219 8.207219 0.963082 0.963082 0.963082
7390 8.207219 8.207219 8.207219 0.963082 0.963082 0.963082
7400 8.207219 8.207219 8.207219 0.963082 0.963082 0.963082
7410 8.207219 8.207219 8.207219 0.963082 0.963082 0.963082
7420 8.207219 8.207219 8.207219 0.963082 0.963082 0.963082
7430 8.207219 8.207219 8.207219 0.963082 0.963082 0.963082
7440 8.207219 8.207219 8.207219 0.963082 0.963082 0.963082
7450 8.207219 8.207219 8.207219 0.963082 0.963082 0.963082
7460 8.207219 8.207219 8.207219 0.963082 0.963082 0.963082
7470 8.207219 8.207219 8.207219 0.963082 0.963082 0.963082
7480 8.207219 8.207219 8.207219 0.963082 0.963082 0.963082
7490 8.207219 8.207219 8.207219 0.963082 0.963082 0.963082
7500 8.207219 8.207219 8.207219 0.963082 0.963082 0.963082
7510 8.207219 8.207219 8.207219 0.963082 0.963082 0.963082
7520 8.207219 8.207219 8.207219 0.963082 0.963082 0.963082
7530 8.207219 8.207219 8.207219 0.963082 0.963082 0.963082
7540 8.207219 8.207219 8.207219 0.963082 0.963082 0.963082
7550 8.207219 8.207219 8.207219 0.963082 0.963082 0.963082
7560 8.207219 8.207219 8.207219 0.963082 0.963082 0.963082
7570 8.207219 8.207219 8.207219 0.963082 0.963082 0.963082
7580 8.207219 8.207219 8.207219 0.963082 0.963082 0.963082
7590 8.207219 8.207219 8.207219 0.963082 0.963082 0.963082
7600 8.207219 8.207219 8.207219 0.963082 0.963082 0.963082
7610 8.207219 8.207219 8.207219 0.963082 0.963082 0.963082
7620 8.207219 8.207219 8.207219 0.963082 0.963082 0.963082
7630 8.207219 8.207219 8.207219 0.963082 0.963082 0.963082
7640 8.207219 8.207219 8.207219 0.963082 0.963082 0.963082
7650 8.207219 8.207219 8.207219 0.963082 0.963082 0.963082
7660 8.207219 8.207219 8.207219 0.963082 0.963082 0.963082
7670 8.207219 8.207219 8.207219 0.963082 0.963082 0.963082
7680 8.207219 8.207219 8.207219 0.963082 0.963082 0.963082
7690 8.207219 8.207219 8.207219 0.963082 0.963082 0.963082
7700 8.207219 8.207219 8.207219 0.963082 0.963082 0.963082
7710 8.207219 8.207219 8.207219 0.963082 0.963082 0.963082
7720 8.207219 8.207219 8.207219 0.963082 0.963082 0.963082
7730 8.207219 8.207219 8.207219 0.963082 0.963082 0.963082
7740 8.207219 8.207219 8.207219 0.963082 0.963082 0.963082
7750 8.207219 8.207219 8.207219 0.963082 0.963082 0.963082
7760 8.207219 8.207219 8.207219 0.963082 0.963082 0.963082
7770 8.207219 8.207219 8.207219 0.963082 0.963082 0.963082
7780 8.207219 8.207219 8.207219 0.963082 0.963082 0.963082
7790 8.207219 8.207219 8.207219 0.963082 0.963082 0.963082
7800 8.207219 8.207219 8.207219 0.963082 0.963082 0.963082
7810 8.207219 8.207219 8.207219 0.963082 0.963082 0.963082
7820 8.207219 8.207219 8.207219 0.963082 0.963082 0.963082
7830 8.207219 8.207219 8.207219 0.963082 0.963082 0.963082
7840 8.207219 8.207219 8.207219 0.963082 0.963082 0.963082
7850 8.207219 8.207219 8.207219 0.963082 0.963082 0.963082
7860 8.207219 8.207219 8.207219 0.963082 0.963082 0.963082
7870 8.207219 8.207219 8.207219 0.963082 0.963082 0.963082
7880 8.207219 8.207219 8.207219 0.963082 0.963082 0.963082
7890 8.207219 8.207219 8.207219 0.963082 0.963082 0.963082
7900 8.207219 8.207219 8.207219 0.963082 0.963082 0.963082
7910 8.207219 8.207219 8.207219 0.963082 0.963082 0.963082
7920 8.207219 8.207219 8.207219 0.963082 0.963082 0.963082
7930 8.207219 8.207219 8.207219 0.963082 0.963082 0.963082
7940 8.207219 8.207219 8.207219 0.963082 0.963082 0.963082
7950 8.207219 8.207219 8.207219 0.963082 0.963082 0.963082
7960 8.207219 8.207219 8.207219 0.963082 0.963082 0.963082
7970 8.207219 8.207219 8.207219 0.963082 0.963082 0.963082
7980 8.207219 8.207219 8.207219 0.963082 0.963082 0.963082
7990 8.207219 8.207219 8.207219 0.963082 0.963082 0.963082
8000 8.207219 8.207219 8.207219 0.963082 0.963082 0.963082
8010 8.207219 8.207219 8.207219 0.963082 0.963082 0.963082
8020 8.207219 8.207219 8.207219 0.963082 0.963082 0.963082
8030 8.207219 8.207219 8.207219 0.963082 0.963082 0.963082
8040 8.207219 8.207219 8.207219 0.963082 0.963082 0.963082
8050 8.207219 8.207219 8.207219 0.963082 0.963082 0.963082
8060 8.207219 8.207219 8.207219 0.963082 0.963082 0.963082
8070 8.207219 8.207219 8.207219 0.963082 0.963082 0.963082
8080 8.207219 8.207219 8.207219 0.963082 0.963082 0.963082
8090 8.207219 8.207219 8.207219 0.963082 0.963082 0.963082
8100 8.207219 8.207219 8.207219 0.963082 0.963082 0.963082
8110 8.207219 8.207219 8.207219 0.963082 0.963082 0.963082
8120 8.207219 8.207219 8.207219 0.963082 0.963082 0.963082
8130 8.207219 8.207219 8.207219 0.963082 0.963082 0.963082
8140 8.207219 8.207219 8.207219 0.963082 0.963082 0.963082
8150 8.207219 8.207219 8.207219 0.963082 0.963082 0.963082
8160 8.207219 8.207219 8.207219 0.963082 0.963082 0.963082
8170 8.207219 8.207219 8.207219 0.963082 0.963082 0.963082
8180 8.207219 8.207219 8.207219 0.963082 0.963082 0.963082
8190 8.207219 8.207219 8.207219 0.963082 0.963082 0.963082
8200 8.207219 8.207219 8.207219 0.963082 0.963082 0.963082
8210 8.207219 8.207219 8.207219 0.963082 0.963082 0.963082
8220 8.207219 8.207219 8.207219 0.963082 0.963082 0.963082
8230 8.207219 8.207219 8.207219 0.963082 0.963082 0.963082
8240 8.207219 8.207219 8.207219 0.963082 0.963082 0.963082
8250 8.207219 8.207219 8.207219 0.963082 0.963082 0.963082
8260 8.207219 8.207219 8.207219 0.963082 0.963082 0.963082
8270 8.207219 8.207219 8.207219 0.963082 0.963082 0.963082
8280 8.207219 8.207219 8.207219 0.963082 0.963082 0.963082
8290 8.207219 8.207219 8.207219 0.963082 0.963082 0.963082
8300 8.207219 8.207219 8.207219 0.963082 0.963082 0.963082
8310 8.207219 8.207219 8.207219 0.963082 0.963082 0.963082
8320 8.207219 8.207219 8.207219 0.963082 0.963082 0.963082
8330 8.207219 8.207219 8.207219 0.963082 0.963082 0.963082
8340 8.207219 8.207219 8.207219 0.963082 0.963082 0.963082
8350 8.207219 8.207219 8.207219 0.963082 0.963082 0.963082
8360 8.207219 8.207219 8.207219 0.963082 0.963082 0.963082
8370 8.207219 8.207219 8.207219 0.963082 0.963082 0.963082
8380 8.207219 8.207219 8.207219 0.963082 0.963082 0.963082
8390 8.207219 8.207219 8.207219 0.963082 0.963082 0.963082
8400 8.207219 8.207219 8.207219 0.963082 0.963082 0.963082
8410 8.207219 8.207219 8.207219 0.963082 0.963082 0.963082
8420 8.207219 8.207219 8.207219 0.963082 0.963082 0.963082
8430 8.207219 8.207219 8.207219 0.963082 0.963082 0.963082
8440 8.207219 8.207219 8.207219 0.963082 0.963082 0.963082
8450 8.207219 8.207219 8.207219 0.963082 0.963082 0.963082
8460 8.207219 8.207219 8.207219 0.963082 0.963082 0.963082
8470 8.207219 8.207219 8.207219 0.963082 0.963082 0.963082
8480 8.207219 8.207219 8.207219 0.963082 0.963082 0.963082
8490 8.207219 8.207219 8.207219 0.963082 0.963082 0.963082
8500 8.207219 8.207219 8.207219 0.963082 0.963082 0.963082
8510 8.207219 8.207219 8.207219 0.963082 0.963082 0.963082
8520 8.207219 8.207219 8.207219 0.963082 0.963082 0.963082
8530 8.207219 8.207219 8.207219 0.963082 0.963082 0.963082
8540 8.207219 8.207219 8.207219 0.963082 0.963082 0.963082
8550 8.207219 8.207219 8.207219 0.963082 0.963082 0.963082
8560 8.207219 8.207219 8.207219 0.963082 0.963082 0.963082
8570 8.207219 8.207219 8.207219 0.963082 0.963082 0.963082
8580 8.207219 8.207219 8.207219 0.963082 0.963082 0.963082
8590 8.207219 8.207219 8.207219 0.963082 0.963082 0.963082
8600 8.207219 8.207219 8.207219 0.963082 0.963082 0.963082
8610 8.207219 8.207219 8.207219 0.963082 0.963082 0.963082
8620 8.207219 8.207219 8.207219 0.963082 0.963082 0.963082
8630 8.207219 8.207219 8.207219 0.963082 0.963082 0.963082
8640 8.207219 8.207219 8.207219 0.963082 0.963082 0.963082
8650 8.207219 8.207219 8.207219 0.963082 0.963082 0.963082
8660 8.207219 8.207219 8.207219 0.963082 0.963082 0.963082
8670 8.207219 8.207219 8.207219 0.963082 0.963082 0.963082
8680 8.207219 8.207219 8.207219 0.963082 0.963082 0.963082
8690 8.207219 8.207219 8.207219 0.963082 0.963082 0.963082
8700 8.207219 8.207219 8.207219 0.963082 0.963082 0.963082
8710 8.207219 8.207219 8.207219 0.963082 0.963082 0.963082
8720 8.207219 8.207219 8.207219 0.963082 0.963082 0.963082
8730 8.207219 8.207219 8.207219 0.963082 0.963082 0.963082
8740 8.207219 8.207219 8.207219 0.963082 0.963082 0.963082
8750 8.207219 8.207219 8.207219 0.963082 0.963082 0.963082
8760 8.207219 8.207219 8.207219 0.963082 0.963082 0.963082
8770 8.207219 8.207219 8.207219 0.963082 0.963082 0.963082
8780 8.207219 8.207219 8.207219 0.963082 0.963082 0.963082
8790 8.207219 8.207219 8.207219 0.963082 0.963082 0.963082
8800 8.207219 8.207219 8.207219 0.963082 0.963082 0.963082
8810 8.207219 8.207219 8.207219 0.963082 0.963082 0.963082
8820 8.207219 8.207219 8.207219 0.963082 0.963082 0.963082
8830 8.207219 8.207219 8.207219 0.963082 0.963082 0.963082
8840 8.207219 8.207219 8.207219 0.963082 0.963082 0.963082
8850 8.207219 8.207219 8.207219 0.963082 0.963082 0.963082
8860 8.207219 8.207219 8.207219 0.963082 0.963082 0.963082
8870 8.207219 8.207219 8.207219 0.963082 0.963082 0.963082
8880 8.207219 8.207219 8.207219 0.963082 0.963082 0.963082
8890 8.207219 8.207219 8.207219 0.963082 0.963082 0.963082
8900 8.207219 8.207219 8.207219 0.963082 0.963082 0.963082
8910 8.207219 8.207219 8.207219 0.963082 0.963082 0.963082
8920 8.207219 8.207219 8.207219 0.963082 0.963082 0.963082
8930 8.207219 8.207219 8.207219 0.963082 0.963082 0.963082
8940 8.207219 8.207219 8.207219 0.963082 0.963082 0.963082
8950 8.207219 8.207219 8.207219 0.963082 0.963082 0.963082
8960 8.207219 8.207219 8.207219 0.963082 0.963082 0.963082
8970 8.207219 8.207219 8.207219 0.963082 0.963082 0.963082
8980 8.207219 8.207219 8.207219 0.963082 0.963082 0.963082
8990 8.207219 8.207219 8.207219 0.963082 0.963082 0.963082
9000 8.207219 8.207219 8.207219 0.963082 0.963082 0.963082
9010 8.207219 8.207219 8.207219 0.963082 0.963082 0.963082
9020 8.207219 8.207219 8.207219 0.963082 0.963082 0.963082
9030 8.207219 8.207219 8.207219 0.963082 0.963082 0.963082
9040 8.207219 8.207219 8.207219 0.963082 0.963082 0.963082
9050 8.207219 8.207219 8.207219 0.963082 0.963082 0.963082
9060 8.207219 8.207219 8.207219 0.963082 0.963082 0.963082
9070 8.207219 8.207219 8.207219 0.963082 0.963082 0.963082
9080 8.207219 8.207219 8.207219 0.963082 0.963082 0.963082
9090 8.207219 8.207219 8.207219 0.963082 0.963082 0.963082
9100 8.207219 8.207219 8.207219 0.963082 0.963082 0.963082
9110 8.207219 8.207219 8.207219 0.963082 0.963082 0.963082
9120 8.207219 8.207219 8.207219 0.963082 0.963082 0.963082
9130 8.207219 8.207219 8.207219 0.963082 0.963082 0.963082
9140 8.207219 8.207219 8.207219 0.963082 0.963082 0.963082
9150 8.207219 8.207219 8.207219 0.963082 0.963082 0.963082
9160 8.207219 8.207219 8.207219 0.963082 0.963082 0.963082
9170 8.207219 8.207219 8.207219 0.963082 0.963082 0.963082
9180 8.207219 8.207219 8.207219 0.963082 0.963082 0.963082
9190 8.207219 8.207219 8.207219 0.963082 0.963082 0.963082
9200 8.207219 8.207219 8.207219 0.963082 0.963082 0.963082
9210 8.207219 8.207219 8.207219 0.963082 0.963082 0.963082
9220 8.207219 8.207219 8.207219 0.963082 0.963082 0.963082
9230 8.207219 8.207219 8.207219 0.963082 0.963082 0.963082
9240 8.207219 8.207219 8.207219 0.963082 0.963082 0.963082
9250 8.207219 8.207219 8.207219 0.963082 0.963082 0.963082
9260 8.207219 8.207219 8.207219 0.963082 0.963082 0.963082
9270 8.207219 8.207219 8.207219 0.963082 0.963082 0.963082
9280 8.207219 8.207219 8.207219 0.963082 0.963082 0.963082
9290 8.207219 8.207219 8.207219 0.963082 0.963082 0.963082
9300 8.207219 8.207219 8.207219 0.963082 0.963082 0.963082
9310 8.207219 8.207219 8.207219 0.963082 0.963082 0.963082
9320 8.207219 8.207219 8.207219 0.963082 0.963082 0.963082
9330 8.207219 8.207219 8.207219 0.963082 0.963082 0.963082
9340 8.207219 8.207219 8.207219 0.963082 0.963082 0.963082
9350 8.207219 8.207219 8.207219 0.963082 0.963082 0.963082
9360 8.207219 8.207219 8.207219 0.963082 0.963082 0.963082
9370 8.207219 8.207219 8.207219 0.963082 0.963082 0.963082
9380 8.207219 8.207219 8.207219 0.963082 0.963082 0.963082
9390 8.207219 8.207219 8.207219 0.963082 0.963082 0.963082
9400 8.207219 8.207219 8.207219 0.963082 0.963082 0.963082
9410 8.207219 8.207219 8.207219 0.963082 0.963082 0.963082
9420 8.207219 8.207219 8.207219 0.963082 0.963082 0.963082
9430 8.207219 8.207219 8.207219 0.963082 0.963082 0.963082
9440 8.207219 8.207219 8.207219 0.963082 0.963082 0.963082
9450 8.207219 8.207219 8.207219 0.963082 0.963082 0.963082
9460 8.207219 8.207219 8.207219 0.963082 0.963082 0.963082
9470 8.207219 8.207219 8.207219 0.963082 0.963082 0.963082
9480 8.207219 8.207219 8.207219 0.963082 0.963082 0.963082
9490 8.207219 8.207219 8.207219 0.963082 0.963082 0.963082
9500 8.207219 8.207219 8.207219 0.963082 0.963082 0.963082
9510 8.207219 8.207219 8.207219 0.963082 0.963082 0.963082
9520 8.207219 8.207219 8.207219 0.963082 0.963082 0.963082
9530 8.207219 8.207219 8.207219 0.963082 0.963082 0.963082
9540 8.207219 8.207219 8.207219 0.963082 0.963082 0.963082
9550 8.207219 8.207219 8.207219 0.963082 0.963082 0.963082
9560 8.207219 8.207219 8.207219 0.963082 0.963082 0.963082
9570 8.207219 8.207219 8.207219 0.963082 0.963082 0.963082
9580 8.207219 8.207219 8.207219 0.963082 0.963082 0.963082
9590 8.207219 8.207219 8.207219 0.963082 0.963082 0.963082
9600 8.207219 8.207219 8.207219 0.963082 0.963082 0.963082
9610 8.207219 8.207219 8.207219 0.963082 0.963082 0.963082
9620 8.207219 8.207219 8.207219 0.963082 0.963082 0.963082
9630 8.207219 8.207219 8.207219 0.963082 0.963082 0.963082
9640 8.207219 8.207219 8.207219 0.963082 0.963082 0.963082
9650 8.207219 8.207219 8.207219 0.963082 0.963082 0.963082
9660 8.207219 8.207219 8.207219 0.963082 0.963082 0.963082
9670 8.207219 8.207219 8.207219 0.963082 0.963082 0.963082
9680 8.207219 8.207219 8.207219 0.963082 0.963082 0.963082
9690 8.207219 8.207219 8.207219 0.963082 0.963082 0.963082
9700 8.207219 8.207219 8.207219 0.963082 0.963082 0.963082
9710 8.207219 8.207219 8.207219 0.963082 0.963082 0.963082
9720 8.207219 8.207219 8.207219 0.963082 0.963082 0.963082
9730 8.207219 8.207219 8.207219 0.963082 0.963082 0.963082
9740 8.207219 8.207219 8.207219 0.963082 0.963082 0.963082
9750 8.207219 8.207219 8.207219 0.963082 0.963082 0.963082
9760 8.207219 8.207219 8.207219 0.963082 0.963082 0.963082
9770 8.207219 8.207219 8.207219 0.963082 0.963082 0.963082
9780 8.207219 8.207219 8.207219 0.963082 0.963082 0.963082
9790 8.207219 8.207219 8.207219 0.963082 0.963082 0.963082
9800 8.207219 8.207219 8.207219 0.963082 0.963082 0.963082
9810 8.207219 8.207219 8.207219 0.963082 0.963082 0.963082
9820 8.207219 8.207219 8.207219 0.963082 0.963082 0.963082
9830 8.207219 8.207219 8.207219 0.963082 0.963082 0.963082
9840 8.207219 8.207219 8.207219 0.963082 0.963082 0.963082
9850 8.207219 8.207219 8.207219 0.963082 0.963082 0.963082
9860 8.207219 8.207219 8.207219 0.963082 0.963082 0.963082
9870 8.207219 8.207219 8.207219 0.963082 0.963082 0.963082
9880 8.207219 8.207219 8.207219 0.963082 0.963082 0.963082
9890 8.207219 8.207219 8.207219 0.963082 0.963082 0.963082
9900 8.207219 8.207219 8.207219 0.963082 0.963082 0.963082
9910 8.207219 8.207219 8.207219 0.963082 0.963082 0.963082
9920 8.207219 8.207219 8.207219 0.963082 0.963082 0.963082
9930 8.207219 8.207219 8.207219 0.963082 0.963082 0.963082
9940 8.207219 8.207219 8.207219 0.963082 0.963082 0.963082
9950 8.207219 8.207219 8.207219 0.963082 0.963082 0.963082
9960 8.207219 8.207219 8.207219 0.963082 0.963082 0.963082
9970 8.207219 8.207219 8.207219 0.963082 0.963082 0.963082
9980 8.207219 8.207219 8.207219 0.963082 0.963082 0.963082
9990 8.207219 8.207219 8.207219 0.963082 0.963082 0.963082
10000 8.207219 8.207219 8.207219 0.963082 0.963082 0.963082
