# generation power_min power_avg power_max util_min util_avg util_max
1 39.234948 39.234948 39.234948 1.173593 1.460085 1.499929
10 38.608183 22.309699 38.608183 0.834331 1.427243 1.499929
20 38.608183 21.026663 38.608183 0.781341 1.386846 1.499929
30 37.894088 20.335697 37.894088 0.781341 1.353407 1.499929
40 35.324323 19.886568 35.324323 0.781341 1.313259 1.499929
50 35.324323 19.832140 35.324323 0.781341 1.272591 1.499929
60 26.897083 19.362017 26.897083 0.661730 1.225712 1.499929
70 24.723371 19.065737 24.723371 0.661730 1.174852 1.496896
80 24.723371 18.692527 24.723371 0.590871 1.119959 1.495580
90 24.723371 18.505057 24.723371 0.590871 1.064405 1.495580
100 14.478838 18.112909 24.723371 0.590871 1.006412 1.413551
110 14.478838 17.842849 24.723371 0.587768 0.966243 1.413551
120 14.478838 17.624394 22.781000 0.581840 0.932712 1.211122
130 14.478838 17.271111 21.838397 0.581840 0.918275 1.197473
140 14.269950 16.812044 20.691473 0.566749 0.898051 1.197473
150 14.216149 16.552097 19.518170 0.566749 0.880646 1.149921
160 14.073264 16.124045 18.237078 0.566749 0.870027 1.093730
170 13.414635 15.825336 17.723307 0.566749 0.852350 1.086752
180 13.055034 15.501504 17.342122 0.566749 0.843827 1.040715
190 13.029382 15.224779 16.919316 0.566749 0.829178 1.028686
200 12.874184 14.942164 16.586768 0.566749 0.821619 1.026808
210 12.379985 14.667105 16.288052 0.566749 0.824395 1.021201
220 12.379985 14.370179 15.869124 0.576076 0.821980 1.021201
230 12.359341 14.107579 15.637717 0.554225 0.815309 1.021201
240 11.665736 13.839599 15.280101 0.554225 0.813531 1.021201
250 11.665736 13.611902 15.001918 0.554225 0.811951 1.021201
260 11.501519 13.402470 14.598868 0.554225 0.810146 1.012635
270 11.328042 13.176237 14.365820 0.580568 0.821040 1.012635
280 11.328042 12.986487 14.216149 0.580568 0.816293 1.012635
290 11.238095 12.784102 13.831995 0.580568 0.819129 1.012635
300 13.606970 12.626310 13.606970 0.583928 0.828901 1.070679
310 13.315834 12.441452 13.315834 0.583928 0.824511 1.070679
320 10.466849 12.242600 13.162249 0.559175 0.825923 1.070679
330 10.466849 12.061869 12.992530 0.535832 0.821958 1.070679
340 10.466849 11.905504 12.832279 0.535832 0.830223 1.070679
350 10.466849 11.723391 12.688654 0.535832 0.833136 1.070679
360 10.281924 11.542719 12.522612 0.535832 0.837937 1.070679
370 10.281924 11.363030 12.356400 0.535832 0.839701 1.070679
380 10.117577 11.202791 12.188085 0.535832 0.837865 1.070679
390 10.117577 11.031935 11.906294 0.535832 0.850449 1.070679
400 9.450918 10.872709 11.744825 0.535832 0.846025 1.009300
410 9.299356 10.718710 11.564550 0.595900 0.848770 1.009300
420 9.299356 10.598878 11.328042 0.595900 0.844874 1.002783
430 9.163003 10.450245 11.157068 0.595900 0.841809 1.002783
440 9.163003 10.341618 11.031737 0.595900 0.842451 1.002783
450 8.881699 10.190908 10.848410 0.643358 0.842625 1.002783
460 8.659554 10.066829 10.725123 0.642917 0.831585 0.996709
470 8.590696 9.921611 10.564331 0.642917 0.827096 0.990238
480 8.244391 9.777674 10.478386 0.642917 0.825665 0.990238
490 8.244391 9.636711 10.408457 0.642917 0.824450 0.990238
500 8.144638 9.476333 10.350460 0.642917 0.826427 0.989887
510 7.991168 9.322644 10.248628 0.642917 0.826853 0.989887
520 7.991168 9.169193 10.116583 0.651760 0.828861 0.993407
530 7.991168 9.035905 9.867136 0.651760 0.837390 0.993407
540 7.991168 8.899897 9.671857 0.686939 0.838301 0.993407
550 7.991168 8.763631 9.482506 0.686939 0.839922 0.993407
560 7.838006 8.648309 9.290507 0.686939 0.837329 0.993407
570 7.775421 8.531815 9.127021 0.669614 0.834217 0.993407
580 7.775421 8.426673 9.017195 0.669614 0.830906 0.993407
590 7.359438 8.314287 8.944917 0.669614 0.819591 0.983632
600 7.359438 8.195433 8.799801 0.657875 0.803225 0.983632
610 7.214914 8.091956 8.586228 0.657875 0.803003 0.983632
620 7.066693 7.973342 8.524727 0.657875 0.790732 0.983632
630 6.943344 7.855462 8.451882 0.622859 0.784938 0.983632
640 6.943344 7.745755 8.338701 0.622859 0.778232 0.981738
650 6.834359 7.628309 8.213185 0.622859 0.772189 0.981738
660 6.820072 7.513541 8.144638 0.622859 0.769113 0.981738
670 6.581702 7.412583 7.996648 0.622859 0.762593 0.950429
680 6.581702 7.302708 7.879784 0.616631 0.759205 0.950429
690 6.581702 7.208526 7.790556 0.616631 0.759350 0.950429
700 6.549930 7.120721 7.689096 0.616631 0.760549 0.950429
710 6.538544 7.045526 7.523107 0.616631 0.759135 0.907767
720 6.538544 6.971507 7.395818 0.615508 0.754766 0.907767
730 6.504205 6.901509 7.310011 0.615508 0.753371 0.897060
740 6.324732 6.833423 7.214914 0.615508 0.749621 0.891091
750 6.306565 6.777001 7.077488 0.615508 0.749088 0.891091
760 6.306565 6.719731 7.010871 0.615508 0.746224 0.891091
770 6.227824 6.666184 6.930735 0.615508 0.744865 0.891091
780 6.227824 6.623959 6.888579 0.615508 0.739006 0.821105
790 6.227824 6.577796 6.849743 0.615508 0.737346 0.821105
800 6.227824 6.532626 6.796753 0.615508 0.733390 0.821105
810 6.122960 6.479639 6.754498 0.615508 0.731088 0.792086
820 6.052782 6.426468 6.681794 0.615508 0.721602 0.792086
830 6.052782 6.382372 6.640083 0.615618 0.720512 0.792086
840 5.980078 6.339509 6.581227 0.615618 0.715896 0.779187
850 5.980078 6.294359 6.538544 0.615618 0.705546 0.779187
860 5.980078 6.252546 6.494991 0.615618 0.700382 0.779187
870 5.980078 6.219149 6.465840 0.615618 0.691830 0.753538
880 5.980078 6.185346 6.361592 0.615618 0.683957 0.737489
890 5.980078 6.156806 6.317863 0.615618 0.676202 0.737489
900 5.980078 6.128282 6.281291 0.615887 0.665672 0.737489
910 5.968520 6.102956 6.237123 0.615887 0.658689 0.737392
920 5.968520 6.079683 6.227824 0.615887 0.646857 0.737392
930 5.968520 6.057532 6.197824 0.615887 0.635006 0.737392
940 5.968520 6.038636 6.167561 0.615887 0.629088 0.737039
950 5.968520 6.021724 6.119082 0.615887 0.625584 0.737039
960 5.968520 6.008559 6.088820 0.617068 0.618540 0.619030
970 5.968520 5.997685 6.088820 0.617068 0.618540 0.619030
980 5.968520 5.986695 6.088820 0.617068 0.618543 0.619030
990 5.968520 5.979731 5.980078 0.618642 0.618654 0.619030
1000 5.968520 5.979731 5.980078 0.618642 0.618654 0.619030
1010 5.968520 5.979500 5.980078 0.618642 0.618661 0.619030
1020 5.968520 5.979269 5.980078 0.618642 0.618669 0.619030
1030 5.968520 5.979269 5.980078 0.618642 0.618669 0.619030
1040 5.968520 5.979269 5.980078 0.618642 0.618669 0.619030
1050 5.968520 5.979269 5.980078 0.618642 0.618669 0.619030
1060 5.968520 5.979269 5.980078 0.618642 0.618669 0.619030
1070 5.968520 5.979038 5.980078 0.618642 0.618677 0.619030
1080 5.968520 5.979038 5.980078 0.618642 0.618677 0.619030
1090 5.968520 5.978807 5.980078 0.618642 0.618685 0.619030
1100 5.967281 5.978435 5.980078 0.618642 0.618697 0.619074
1110 5.967281 5.977973 5.980078 0.618642 0.618713 0.619074
1120 5.967281 5.977511 5.980078 0.618642 0.618728 0.619074
1130 5.967281 5.976792 5.980078 0.618642 0.618752 0.619074
1140 5.967281 5.975934 5.980078 0.618642 0.618781 0.619074
1150 5.967281 5.974922 5.980078 0.618642 0.618815 0.619074
1160 5.967281 5.973923 5.980078 0.618642 0.618849 0.619074
1170 5.967281 5.973217 5.980078 0.618642 0.618873 0.619074
1180 5.967281 5.971975 5.980078 0.618642 0.618915 0.619074
1190 5.967281 5.970708 5.980078 0.618642 0.618957 0.619074
1200 5.967281 5.969440 5.980078 0.618642 0.619000 0.619074
1210 5.967281 5.968185 5.980078 0.618642 0.619042 0.619074
1220 5.967281 5.967715 5.968520 0.619030 0.619058 0.619074
1230 5.967281 5.967591 5.968520 0.619030 0.619063 0.619074
1240 5.967281 5.967467 5.968520 0.619030 0.619067 0.619074
1250 5.967281 5.967343 5.968520 0.619030 0.619072 0.619074
1260 5.967281 5.967281 5.967281 0.619074 0.619074 0.619074
1270 5.967281 5.967281 5.967281 0.619074 0.619074 0.619074
1280 5.967281 5.967281 5.967281 0.619074 0.619074 0.619074
1290 5.967281 5.967281 5.967281 0.619074 0.619074 0.619074
1300 5.967281 5.967281 5.967281 0.619074 0.619074 0.619074
1310 5.967281 5.967281 5.967281 0.619074 0.619074 0.619074
1320 5.967281 5.967281 5.967281 0.619074 0.619074 0.619074
1330 5.967281 5.967281 5.967281 0.619074 0.619074 0.619074
1340 5.967281 5.967281 5.967281 0.619074 0.619074 0.619074
1350 5.967281 5.967281 5.967281 0.619074 0.619074 0.619074
1360 5.967281 5.967281 5.967281 0.619074 0.619074 0.619074
1370 5.967281 5.967281 5.967281 0.619074 0.619074 0.619074
1380 5.967281 5.967281 5.967281 0.619074 0.619074 0.619074
1390 5.967281 5.967281 5.967281 0.619074 0.619074 0.619074
1400 5.967281 5.967281 5.967281 0.619074 0.619074 0.619074
1410 5.967281 5.967281 5.967281 0.619074 0.619074 0.619074
1420 5.967281 5.967281 5.967281 0.619074 0.619074 0.619074
1430 5.967281 5.967281 5.967281 0.619074 0.619074 0.619074
1440 5.967281 5.967281 5.967281 0.619074 0.619074 0.619074
1450 5.967281 5.967281 5.967281 0.619074 0.619074 0.619074
1460 5.967281 5.967281 5.967281 0.619074 0.619074 0.619074
1470 5.967281 5.967281 5.967281 0.619074 0.619074 0.619074
1480 5.967281 5.967281 5.967281 0.619074 0.619074 0.619074
1490 5.967281 5.967281 5.967281 0.619074 0.619074 0.619074
1500 5.967281 5.967281 5.967281 0.619074 0.619074 0.619074
1510 5.967281 5.967281 5.967281 0.619074 0.619074 0.619074
1520 5.967281 5.967281 5.967281 0.619074 0.619074 0.619074
1530 5.967281 5.967281 5.967281 0.619074 0.619074 0.619074
1540 5.967281 5.967281 5.967281 0.619074 0.619074 0.619074
1550 5.967281 5.967281 5.967281 0.619074 0.619074 0.619074
1560 5.967281 5.967281 5.967281 0.619074 0.619074 0.619074
1570 5.967281 5.967281 5.967281 0.619074 0.619074 0.619074
1580 5.967281 5.967281 5.967281 0.619074 0.619074 0.619074
1590 5.967281 5.967281 5.967281 0.619074 0.619074 0.619074
1600 5.967281 5.967281 5.967281 0.619074 0.619074 0.619074
1610 5.967281 5.967281 5.967281 0.619074 0.619074 0.619074
1620 5.967281 5.967281 5.967281 0.619074 0.619074 0.619074
1630 5.967281 5.967281 5.967281 0.619074 0.619074 0.619074
1640 5.967281 5.967281 5.967281 0.619074 0.619074 0.619074
1650 5.967281 5.967281 5.967281 0.619074 0.619074 0.619074
1660 5.967281 5.967281 5.967281 0.619074 0.619074 0.619074
1670 5.967281 5.967281 5.967281 0.619074 0.619074 0.619074
1680 5.967281 5.967281 5.967281 0.619074 0.619074 0.619074
1690 5.967281 5.967281 5.967281 0.619074 0.619074 0.619074
1700 5.967281 5.967281 5.967281 0.619074 0.619074 0.619074
1710 5.967281 5.967281 5.967281 0.619074 0.619074 0.619074
1720 5.967281 5.967281 5.967281 0.619074 0.619074 0.619074
1730 5.967281 5.967281 5.967281 0.619074 0.619074 0.619074
1740 5.967281 5.967281 5.967281 0.619074 0.619074 0.619074
1750 5.967281 5.967281 5.967281 0.619074 0.619074 0.619074
1760 5.967281 5.967281 5.967281 0.619074 0.619074 0.619074
1770 5.967281 5.967281 5.967281 0.619074 0.619074 0.619074
1780 5.967281 5.967281 5.967281 0.619074 0.619074 0.619074
1790 5.967281 5.967281 5.967281 0.619074 0.619074 0.619074
1800 5.967281 5.967281 5.967281 0.619074 0.619074 0.619074
1810 5.967281 5.967281 5.967281 0.619074 0.619074 0.619074
1820 5.967281 5.967281 5.967281 0.619074 0.619074 0.619074
1830 5.967281 5.967281 5.967281 0.619074 0.619074 0.619074
1840 5.967281 5.967281 5.967281 0.619074 0.619074 0.619074
1850 5.967281 5.967281 5.967281 0.619074 0.619074 0.619074
1860 5.967281 5.967281 5.967281 0.619074 0.619074 0.619074
1870 5.967281 5.967281 5.967281 0.619074 0.619074 0.619074
1880 5.967281 5.967281 5.967281 0.619074 0.619074 0.619074
1890 5.967281 5.967281 5.967281 0.619074 0.619074 0.619074
1900 5.967281 5.967281 5.967281 0.619074 0.619074 0.619074
1910 5.967281 5.967281 5.967281 0.619074 0.619074 0.619074
1920 5.967281 5.967281 5.967281 0.619074 0.619074 0.619074
1930 5.967281 5.967281 5.967281 0.619074 0.619074 0.619074
1940 5.967281 5.967281 5.967281 0.619074 0.619074 0.619074
1950 5.967281 5.967281 5.967281 0.619074 0.619074 0.619074
1960 5.967281 5.967281 5.967281 0.619074 0.619074 0.619074
1970 5.967281 5.967281 5.967281 0.619074 0.619074 0.619074
1980 5.967281 5.967281 5.967281 0.619074 0.619074 0.619074
1990 5.967281 5.967281 5.967281 0.619074 0.619074 0.619074
2000 5.967281 5.967281 5.967281 0.619074 0.619074 0.619074
2010 5.967281 5.967281 5.967281 0.619074 0.619074 0.619074
2020 5.967281 5.967281 5.967281 0.619074 0.619074 0.619074
2030 5.967281 5.967281 5.967281 0.619074 0.619074 0.619074
2040 5.967281 5.967281 5.967281 0.619074 0.619074 0.619074
2050 5.967281 5.967281 5.967281 0.619074 0.619074 0.619074
2060 5.967281 5.967281 5.967281 0.619074 0.619074 0.619074
2070 5.967281 5.967281 5.967281 0.619074 0.619074 0.619074
2080 5.967281 5.967281 5.967281 0.619074 0.619074 0.619074
2090 5.967281 5.967281 5.967281 0.619074 0.619074 0.619074
2100 5.967281 5.967281 5.967281 0.619074 0.619074 0.619074
2110 5.967281 5.967281 5.967281 0.619074 0.619074 0.619074
2120 5.967281 5.967281 5.967281 0.619074 0.619074 0.619074
2130 5.967281 5.967281 5.967281 0.619074 0.619074 0.619074
2140 5.967281 5.967281 5.967281 0.619074 0.619074 0.619074
2150 5.967281 5.967281 5.967281 0.619074 0.619074 0.619074
2160 5.967281 5.967281 5.967281 0.619074 0.619074 0.619074
2170 5.967281 5.967281 5.967281 0.619074 0.619074 0.619074
2180 5.967281 5.967281 5.967281 0.619074 0.619074 0.619074
2190 5.967281 5.967281 5.967281 0.619074 0.619074 0.619074
2200 5.967281 5.967281 5.967281 0.619074 0.619074 0.619074
2210 5.967281 5.967281 5.967281 0.619074 0.619074 0.619074
2220 5.967281 5.967281 5.967281 0.619074 0.619074 0.619074
2230 5.967281 5.967281 5.967281 0.619074 0.619074 0.619074
2240 5.967281 5.967281 5.967281 0.619074 0.619074 0.619074
2250 5.967281 5.967281 5.967281 0.619074 0.619074 0.619074
2260 5.967281 5.967281 5.967281 0.619074 0.619074 0.619074
2270 5.967281 5.967281 5.967281 0.619074 0.619074 0.619074
2280 5.967281 5.967281 5.967281 0.619074 0.619074 0.619074
2290 5.967281 5.967281 5.967281 0.619074 0.619074 0.619074
2300 5.967281 5.967281 5.967281 0.619074 0.619074 0.619074
2310 5.967281 5.967281 5.967281 0.619074 0.619074 0.619074
2320 5.967281 5.967281 5.967281 0.619074 0.619074 0.619074
2330 5.967281 5.967281 5.967281 0.619074 0.619074 0.619074
2340 5.967281 5.967281 5.967281 0.619074 0.619074 0.619074
2350 5.967281 5.967281 5.967281 0.619074 0.619074 0.619074
2360 5.967281 5.967281 5.967281 0.619074 0.619074 0.619074
2370 5.967281 5.967281 5.967281 0.619074 0.619074 0.619074
2380 5.967281 5.967281 5.967281 0.619074 0.619074 0.619074
2390 5.967281 5.967281 5.967281 0.619074 0.619074 0.619074
2400 5.967281 5.967281 5.967281 0.619074 0.619074 0.619074
2410 5.967281 5.967281 5.967281 0.619074 0.619074 0.619074
2420 5.967281 5.967281 5.967281 0.619074 0.619074 0.619074
2430 5.967281 5.967281 5.967281 0.619074 0.619074 0.619074
2440 5.967281 5.967281 5.967281 0.619074 0.619074 0.619074
2450 5.967281 5.967281 5.967281 0.619074 0.619074 0.619074
2460 5.967281 5.967281 5.967281 0.619074 0.619074 0.619074
2470 5.967281 5.967281 5.967281 0.619074 0.619074 0.619074
2480 5.967281 5.967281 5.967281 0.619074 0.619074 0.619074
2490 5.967281 5.967281 5.967281 0.619074 0.619074 0.619074
2500 5.967281 5.967281 5.967281 0.619074 0.619074 0.619074
2510 5.967281 5.967281 5.967281 0.619074 0.619074 0.619074
2520 5.967281 5.967281 5.967281 0.619074 0.619074 0.619074
2530 5.967281 5.967281 5.967281 0.619074 0.619074 0.619074
2540 5.967281 5.967281 5.967281 0.619074 0.619074 0.619074
2550 5.967281 5.967281 5.967281 0.619074 0.619074 0.619074
2560 5.967281 5.967281 5.967281 0.619074 0.619074 0.619074
2570 5.967281 5.967281 5.967281 0.619074 0.619074 0.619074
2580 5.967281 5.967281 5.967281 0.619074 0.619074 0.619074
2590 5.967281 5.967281 5.967281 0.619074 0.619074 0.619074
2600 5.967281 5.967281 5.967281 0.619074 0.619074 0.619074
2610 5.967281 5.967281 5.967281 0.619074 0.619074 0.619074
2620 5.967281 5.967281 5.967281 0.619074 0.619074 0.619074
2630 5.967281 5.967281 5.967281 0.619074 0.619074 0.619074
2640 5.967281 5.967281 5.967281 0.619074 0.619074 0.619074
2650 5.967281 5.967281 5.967281 0.619074 0.619074 0.619074
2660 5.967281 5.967281 5.967281 0.619074 0.619074 0.619074
2670 5.967281 5.967281 5.967281 0.619074 0.619074 0.619074
2680 5.967281 5.967281 5.967281 0.619074 0.619074 0.619074
2690 5.967281 5.967281 5.967281 0.619074 0.619074 0.619074
2700 5.967281 5.967281 5.967281 0.619074 0.619074 0.619074
2710 5.967281 5.967281 5.967281 0.619074 0.619074 0.619074
2720 5.967281 5.967281 5.967281 0.619074 0.619074 0.619074
2730 5.967281 5.967281 5.967281 0.619074 0.619074 0.619074
2740 5.967281 5.967281 5.967281 0.619074 0.619074 0.619074
2750 5.967281 5.967281 5.967281 0.619074 0.619074 0.619074
2760 5.967281 5.967281 5.967281 0.619074 0.619074 0.619074
2770 5.967281 5.967281 5.967281 0.619074 0.619074 0.619074
2780 5.967281 5.967281 5.967281 0.619074 0.619074 0.619074
2790 5.967281 5.967281 5.967281 0.619074 0.619074 0.619074
2800 5.967281 5.967281 5.967281 0.619074 0.619074 0.619074
2810 5.967281 5.967281 5.967281 0.619074 0.619074 0.619074
2820 5.967281 5.967281 5.967281 0.619074 0.619074 0.619074
2830 5.967281 5.967281 5.967281 0.619074 0.619074 0.619074
2840 5.967281 5.967281 5.967281 0.619074 0.619074 0.619074
2850 5.967281 5.967281 5.967281 0.619074 0.619074 0.619074
2860 5.967281 5.967281 5.967281 0.619074 0.619074 0.619074
2870 5.967281 5.967281 5.967281 0.619074 0.619074 0.619074
2880 5.967281 5.967281 5.967281 0.619074 0.619074 0.619074
2890 5.967281 5.967281 5.967281 0.619074 0.619074 0.619074
2900 5.967281 5.967281 5.967281 0.619074 0.619074 0.619074
2910 5.967281 5.967281 5.967281 0.619074 0.619074 0.619074
2920 5.967281 5.967281 5.967281 0.619074 0.619074 0.619074
2930 5.967281 5.967281 5.967281 0.619074 0.619074 0.619074
2940 5.967281 5.967281 5.967281 0.619074 0.619074 0.619074
2950 5.967281 5.967281 5.967281 0.619074 0.619074 0.619074
2960 5.967281 5.967281 5.967281 0.619074 0.619074 0.619074
2970 5.967281 5.967281 5.967281 0.619074 0.619074 0.619074
2980 5.967281 5.967281 5.967281 0.619074 0.619074 0.619074
2990 5.967281 5.967281 5.967281 0.619074 0.619074 0.619074
3000 5.967281 5.967281 5.967281 0.619074 0.619074 0.619074
3010 5.967281 5.967281 5.967281 0.619074 0.619074 0.619074
3020 5.967281 5.967281 5.967281 0.619074 0.619074 0.619074
3030 5.967281 5.967281 5.967281 0.619074 0.619074 0.619074
3040 5.967281 5.967281 5.967281 0.619074 0.619074 0.619074
3050 5.967281 5.967281 5.967281 0.619074 0.619074 0.619074
3060 5.967281 5.967281 5.967281 0.619074 0.619074 0.619074
3070 5.967281 5.967281 5.967281 0.619074 0.619074 0.619074
3080 5.967281 5.967281 5.967281 0.619074 0.619074 0.619074
3090 5.967281 5.967281 5.967281 0.619074 0.619074 0.619074
3100 5.967281 5.967281 5.967281 0.619074 0.619074 0.619074
3110 5.967281 5.967281 5.967281 0.619074 0.619074 0.619074
3120 5.967281 5.967281 5.967281 0.619074 0.619074 0.619074
3130 5.967281 5.967281 5.967281 0.619074 0.619074 0.619074
3140 5.967281 5.967281 5.967281 0.619074 0.619074 0.619074
3150 5.967281 5.967281 5.967281 0.619074 0.619074 0.619074
3160 5.967281 5.967281 5.967281 0.619074 0.619074 0.619074
3170 5.967281 5.967281 5.967281 0.619074 0.619074 0.619074
3180 5.967281 5.967281 5.967281 0.619074 0.619074 0.619074
3190 5.967281 5.967281 5.967281 0.619074 0.619074 0.619074
3200 5.967281 5.967281 5.967281 0.619074 0.619074 0.619074
3210 5.967281 5.967281 5.967281 0.619074 0.619074 0.619074
3220 5.967281 5.967281 5.967281 0.619074 0.619074 0.619074
3230 5.967281 5.967281 5.967281 0.619074 0.619074 0.619074
3240 5.967281 5.967281 5.967281 0.619074 0.619074 0.619074
3250 5.967281 5.967281 5.967281 0.619074 0.619074 0.619074
3260 5.967281 5.967281 5.967281 0.619074 0.619074 0.619074
3270 5.967281 5.967281 5.967281 0.619074 0.619074 0.619074
3280 5.967281 5.967281 5.967281 0.619074 0.619074 0.619074
3290 5.967281 5.967281 5.967281 0.619074 0.619074 0.619074
3300 5.967281 5.967281 5.967281 0.619074 0.619074 0.619074
3310 5.967281 5.967281 5.967281 0.619074 0.619074 0.619074
3320 5.967281 5.967281 5.967281 0.619074 0.619074 0.619074
3330 5.967281 5.967281 5.967281 0.619074 0.619074 0.619074
3340 5.967281 5.967281 5.967281 0.619074 0.619074 0.619074
3350 5.967281 5.967281 5.967281 0.619074 0.619074 0.619074
3360 5.967281 5.967281 5.967281 0.619074 0.619074 0.619074
3370 5.967281 5.967281 5.967281 0.619074 0.619074 0.619074
3380 5.967281 5.967281 5.967281 0.619074 0.619074 0.619074
3390 5.967281 5.967281 5.967281 0.619074 0.619074 0.619074
3400 5.967281 5.967281 5.967281 0.619074 0.619074 0.619074
3410 5.967281 5.967281 5.967281 0.619074 0.619074 0.619074
3420 5.967281 5.967281 5.967281 0.619074 0.619074 0.619074
3430 5.967281 5.967281 5.967281 0.619074 0.619074 0.619074
3440 5.967281 5.967281 5.967281 0.619074 0.619074 0.619074
3450 5.967281 5.967281 5.967281 0.619074 0.619074 0.619074
3460 5.967281 5.967281 5.967281 0.619074 0.619074 0.619074
3470 5.967281 5.967281 5.967281 0.619074 0.619074 0.619074
3480 5.967281 5.967281 5.967281 0.619074 0.619074 0.619074
3490 5.967281 5.967281 5.967281 0.619074 0.619074 0.619074
3500 5.967281 5.967281 5.967281 0.619074 0.619074 0.619074
3510 5.967281 5.967281 5.967281 0.619074 0.619074 0.619074
3520 5.967281 5.967281 5.967281 0.619074 0.619074 0.619074
3530 5.967281 5.967281 5.967281 0.619074 0.619074 0.619074
3540 5.967281 5.967281 5.967281 0.619074 0.619074 0.619074
3550 5.967281 5.967281 5.967281 0.619074 0.619074 0.619074
3560 5.967281 5.967281 5.967281 0.619074 0.619074 0.619074
3570 5.967281 5.967281 5.967281 0.619074 0.619074 0.619074
3580 5.967281 5.967281 5.967281 0.619074 0.619074 0.619074
3590 5.967281 5.967281 5.967281 0.619074 0.619074 0.619074
3600 5.967281 5.967281 5.967281 0.619074 0.619074 0.619074
3610 5.967281 5.967281 5.967281 0.619074 0.619074 0.619074
3620 5.967281 5.967281 5.967281 0.619074 0.619074 0.619074
3630 5.967281 5.967281 5.967281 0.619074 0.619074 0.619074
3640 5.967281 5.967281 5.967281 0.619074 0.619074 0.619074
3650 5.967281 5.967281 5.967281 0.619074 0.619074 0.619074
3660 5.967281 5.967281 5.967281 0.619074 0.619074 0.619074
3670 5.967281 5.967281 5.967281 0.619074 0.619074 0.619074
3680 5.967281 5.967281 5.967281 0.619074 0.619074 0.619074
3690 5.967281 5.967281 5.967281 0.619074 0.619074 0.619074
3700 5.967281 5.967281 5.967281 0.619074 0.619074 0.619074
3710 5.967281 5.967281 5.967281 0.619074 0.619074 0.619074
3720 5.967281 5.967281 5.967281 0.619074 0.619074 0.619074
3730 5.967281 5.967281 5.967281 0.619074 0.619074 0.619074
3740 5.967281 5.967281 5.967281 0.619074 0.619074 0.619074
3750 5.967281 5.967281 5.967281 0.619074 0.619074 0.619074
3760 5.967281 5.967281 5.967281 0.619074 0.619074 0.619074
3770 5.967281 5.967281 5.967281 0.619074 0.619074 0.619074
3780 5.967281 5.967281 5.967281 0.619074 0.619074 0.619074
3790 5.967281 5.967281 5.967281 0.619074 0.619074 0.619074
3800 5.967281 5.967281 5.967281 0.619074 0.619074 0.619074
3810 5.967281 5.967281 5.967281 0.619074 0.619074 0.619074
3820 5.967281 5.967281 5.967281 0.619074 0.619074 0.619074
3830 5.967281 5.967281 5.967281 0.619074 0.619074 0.619074
3840 5.967281 5.967281 5.967281 0.619074 0.619074 0.619074
3850 5.967281 5.967281 5.967281 0.619074 0.619074 0.619074
3860 5.967281 5.967281 5.967281 0.619074 0.619074 0.619074
3870 5.967281 5.967281 5.967281 0.619074 0.619074 0.619074
3880 5.967281 5.967281 5.967281 0.619074 0.619074 0.619074
3890 5.967281 5.967281 5.967281 0.619074 0.619074 0.619074
3900 5.967281 5.967281 5.967281 0.619074 0.619074 0.619074
3910 5.967281 5.967281 5.967281 0.619074 0.619074 0.619074
3920 5.967281 5.967281 5.967281 0.619074 0.619074 0.619074
3930 5.967281 5.967281 5.967281 0.619074 0.619074 0.619074
3940 5.967281 5.967281 5.967281 0.619074 0.619074 0.619074
3950 5.967281 5.967281 5.967281 0.619074 0.619074 0.619074
3960 5.967281 5.967281 5.967281 0.619074 0.619074 0.619074
3970 5.967281 5.967281 5.967281 0.619074 0.619074 0.619074
3980 5.967281 5.967281 5.967281 0.619074 0.619074 0.619074
3990 5.967281 5.967281 5.967281 0.619074 0.619074 0.619074
4000 5.967281 5.967281 5.967281 0.619074 0.619074 0.619074
4010 5.967281 5.967281 5.967281 0.619074 0.619074 0.619074
4020 5.967281 5.967281 5.967281 0.619074 0.619074 0.619074
4030 5.967281 5.967281 5.967281 0.619074 0.619074 0.619074
4040 5.967281 5.967281 5.967281 0.619074 0.619074 0.619074
4050 5.967281 5.967281 5.967281 0.619074 0.619074 0.619074
4060 5.967281 5.967281 5.967281 0.619074 0.619074 0.619074
4070 5.967281 5.967281 5.967281 0.619074 0.619074 0.619074
4080 5.967281 5.967281 5.967281 0.619074 0.619074 0.619074
4090 5.967281 5.967281 5.967281 0.619074 0.619074 0.619074
4100 5.967281 5.967281 5.967281 0.619074 0.619074 0.619074
4110 5.967281 5.967281 5.967281 0.619074 0.619074 0.619074
4120 5.967281 5.967281 5.967281 0.619074 0.619074 0.619074
4130 5.967281 5.967281 5.967281 0.619074 0.619074 0.619074
4140 5.967281 5.967281 5.967281 0.619074 0.619074 0.619074
4150 5.967281 5.967281 5.967281 0.619074 0.619074 0.619074
4160 5.967281 5.967281 5.967281 0.619074 0.619074 0.619074
4170 5.967281 5.967281 5.967281 0.619074 0.619074 0.619074
4180 5.967281 5.967281 5.967281 0.619074 0.619074 0.619074
4190 5.967281 5.967281 5.967281 0.619074 0.619074 0.619074
4200 5.967281 5.967281 5.967281 0.619074 0.619074 0.619074
4210 5.967281 5.967281 5.967281 0.619074 0.619074 0.619074
4220 5.967281 5.967281 5.967281 0.619074 0.619074 0.619074
4230 5.967281 5.967281 5.967281 0.619074 0.619074 0.619074
4240 5.967281 5.967281 5.967281 0.619074 0.619074 0.619074
4250 5.967281 5.967281 5.967281 0.619074 0.619074 0.619074
4260 5.967281 5.967281 5.967281 0.619074 0.619074 0.619074
4270 5.967281 5.967281 5.967281 0.619074 0.619074 0.619074
4280 5.967281 5.967281 5.967281 0.619074 0.619074 0.619074
4290 5.967281 5.967281 5.967281 0.619074 0.619074 0.619074
4300 5.967281 5.967281 5.967281 0.619074 0.619074 0.619074
4310 5.967281 5.967281 5.967281 0.619074 0.619074 0.619074
4320 5.967281 5.967281 5.967281 0.619074 0.619074 0.619074
4330 5.967281 5.967281 5.967281 0.619074 0.619074 0.619074
4340 5.967281 5.967281 5.967281 0.619074 0.619074 0.619074
4350 5.967281 5.967281 5.967281 0.619074 0.619074 0.619074
4360 5.967281 5.967281 5.967281 0.619074 0.619074 0.619074
4370 5.967281 5.967281 5.967281 0.619074 0.619074 0.619074
4380 5.967281 5.967281 5.967281 0.619074 0.619074 0.619074
4390 5.967281 5.967281 5.967281 0.619074 0.619074 0.619074
4400 5.967281 5.967281 5.967281 0.619074 0.619074 0.619074
4410 5.967281 5.967281 5.967281 0.619074 0.619074 0.619074
4420 5.967281 5.967281 5.967281 0.619074 0.619074 0.619074
4430 5.967281 5.967281 5.967281 0.619074 0.619074 0.619074
4440 5.967281 5.967281 5.967281 0.619074 0.619074 0.619074
4450 5.967281 5.967281 5.967281 0.619074 0.619074 0.619074
4460 5.967281 5.967281 5.967281 0.619074 0.619074 0.619074
4470 5.967281 5.967281 5.967281 0.619074 0.619074 0.619074
4480 5.967281 5.967281 5.967281 0.619074 0.619074 0.619074
4490 5.967281 5.967281 5.967281 0.619074 0.619074 0.619074
4500 5.967281 5.967281 5.967281 0.619074 0.619074 0.619074
4510 5.967281 5.967281 5.967281 0.619074 0.619074 0.619074
4520 5.967281 5.967281 5.967281 0.619074 0.619074 0.619074
4530 5.967281 5.967281 5.967281 0.619074 0.619074 0.619074
4540 5.967281 5.967281 5.967281 0.619074 0.619074 0.619074
4550 5.967281 5.967281 5.967281 0.619074 0.619074 0.619074
4560 5.967281 5.967281 5.967281 0.619074 0.619074 0.619074
4570 5.967281 5.967281 5.967281 0.619074 0.619074 0.619074
4580 5.967281 5.967281 5.967281 0.619074 0.619074 0.619074
4590 5.967281 5.967281 5.967281 0.619074 0.619074 0.619074
4600 5.967281 5.967281 5.967281 0.619074 0.619074 0.619074
4610 5.967281 5.967281 5.967281 0.619074 0.619074 0.619074
4620 5.967281 5.967281 5.967281 0.619074 0.619074 0.619074
4630 5.967281 5.967281 5.967281 0.619074 0.619074 0.619074
4640 5.967281 5.967281 5.967281 0.619074 0.619074 0.619074
4650 5.967281 5.967281 5.967281 0.619074 0.619074 0.619074
4660 5.967281 5.967281 5.967281 0.619074 0.619074 0.619074
4670 5.967281 5.967281 5.967281 0.619074 0.619074 0.619074
4680 5.967281 5.967281 5.967281 0.619074 0.619074 0.619074
4690 5.967281 5.967281 5.967281 0.619074 0.619074 0.619074
4700 5.967281 5.967281 5.967281 0.619074 0.619074 0.619074
4710 5.967281 5.967281 5.967281 0.619074 0.619074 0.619074
4720 5.967281 5.967281 5.967281 0.619074 0.619074 0.619074
4730 5.967281 5.967281 5.967281 0.619074 0.619074 0.619074
4740 5.967281 5.967281 5.967281 0.619074 0.619074 0.619074
4750 5.967281 5.967281 5.967281 0.619074 0.619074 0.619074
4760 5.967281 5.967281 5.967281 0.619074 0.619074 0.619074
4770 5.967281 5.967281 5.967281 0.619074 0.619074 0.619074
4780 5.967281 5.967281 5.967281 0.619074 0.619074 0.619074
4790 5.967281 5.967281 5.967281 0.619074 0.619074 0.619074
4800 5.967281 5.967281 5.967281 0.619074 0.619074 0.619074
4810 5.967281 5.967281 5.967281 0.619074 0.619074 0.619074
4820 5.967281 5.967281 5.967281 0.619074 0.619074 0.619074
4830 5.967281 5.967281 5.967281 0.619074 0.619074 0.619074
4840 5.967281 5.967281 5.967281 0.619074 0.619074 0.619074
4850 5.967281 5.967281 5.967281 0.619074 0.619074 0.619074
4860 5.967281 5.967281 5.967281 0.619074 0.619074 0.619074
4870 5.967281 5.967281 5.967281 0.619074 0.619074 0.619074
4880 5.967281 5.967281 5.967281 0.619074 0.619074 0.619074
4890 5.967281 5.967281 5.967281 0.619074 0.619074 0.619074
4900 5.967281 5.967281 5.967281 0.619074 0.619074 0.619074
4910 5.967281 5.967281 5.967281 0.619074 0.619074 0.619074
4920 5.967281 5.967281 5.967281 0.619074 0.619074 0.619074
4930 5.967281 5.967281 5.967281 0.619074 0.619074 0.619074
4940 5.967281 5.967281 5.967281 0.619074 0.619074 0.619074
4950 5.967281 5.967281 5.967281 0.619074 0.619074 0.619074
4960 5.967281 5.967281 5.967281 0.619074 0.619074 0.619074
4970 5.967281 5.967281 5.967281 0.619074 0.619074 0.619074
4980 5.967281 5.967281 5.967281 0.619074 0.619074 0.619074
4990 5.967281 5.967281 5.967281 0.619074 0.619074 0.619074
5000 5.967281 5.967281 5.967281 0.619074 0.619074 0.619074
5010 5.967281 5.967281 5.967281 0.619074 0.619074 0.619074
5020 5.967281 5.967281 5.967281 0.619074 0.619074 0.619074
5030 5.967281 5.967281 5.967281 0.619074 0.619074 0.619074
5040 5.967281 5.967281 5.967281 0.619074 0.619074 0.619074
5050 5.967281 5.967281 5.967281 0.619074 0.619074 0.619074
5060 5.967281 5.967281 5.967281 0.619074 0.619074 0.619074
5070 5.967281 5.967281 5.967281 0.619074 0.619074 0.619074
5080 5.967281 5.967281 5.967281 0.619074 0.619074 0.619074
5090 5.967281 5.967281 5.967281 0.619074 0.619074 0.619074
5100 5.967281 5.967281 5.967281 0.619074 0.619074 0.619074
5110 5.967281 5.967281 5.967281 0.619074 0.619074 0.619074
5120 5.967281 5.967281 5.967281 0.619074 0.619074 0.619074
5130 5.967281 5.967281 5.967281 0.619074 0.619074 0.619074
5140 5.967281 5.967281 5.967281 0.619074 0.619074 0.619074
5150 5.967281 5.967281 5.967281 0.619074 0.619074 0.619074
5160 5.967281 5.967281 5.967281 0.619074 0.619074 0.619074
5170 5.967281 5.967281 5.967281 0.619074 0.619074 0.619074
5180 5.967281 5.967281 5.967281 0.619074 0.619074 0.619074
5190 5.967281 5.967281 5.967281 0.619074 0.619074 0.619074
5200 5.967281 5.967281 5.967281 0.619074 0.619074 0.619074
5210 5.967281 5.967281 5.967281 0.619074 0.619074 0.619074
5220 5.967281 5.967281 5.967281 0.619074 0.619074 0.619074
5230 5.967281 5.967281 5.967281 0.619074 0.619074 0.619074
5240 5.967281 5.967281 5.967281 0.619074 0.619074 0.619074
5250 5.967281 5.967281 5.967281 0.619074 0.619074 0.619074
5260 5.967281 5.967281 5.967281 0.619074 0.619074 0.619074
5270 5.967281 5.967281 5.967281 0.619074 0.619074 0.619074
5280 5.967281 5.967281 5.967281 0.619074 0.619074 0.619074
5290 5.967281 5.967281 5.967281 0.619074 0.619074 0.619074
5300 5.967281 5.967281 5.967281 0.619074 0.619074 0.619074
5310 5.967281 5.967281 5.967281 0.619074 0.619074 0.619074
5320 5.967281 5.967281 5.967281 0.619074 0.619074 0.619074
5330 5.967281 5.967281 5.967281 0.619074 0.619074 0.619074
5340 5.967281 5.967281 5.967281 0.619074 0.619074 0.619074
5350 5.967281 5.967281 5.967281 0.619074 0.619074 0.619074
5360 5.967281 5.967281 5.967281 0.619074 0.619074 0.619074
5370 5.967281 5.967281 5.967281 0.619074 0.619074 0.619074
5380 5.967281 5.967281 5.967281 0.619074 0.619074 0.619074
5390 5.967281 5.967281 5.967281 0.619074 0.619074 0.619074
5400 5.967281 5.967281 5.967281 0.619074 0.619074 0.619074
5410 5.967281 5.967281 5.967281 0.619074 0.619074 0.619074
5420 5.967281 5.967281 5.967281 0.619074 0.619074 0.619074
5430 5.967281 5.967281 5.967281 0.619074 0.619074 0.619074
5440 5.967281 5.967281 5.967281 0.619074 0.619074 0.619074
5450 5.967281 5.967281 5.967281 0.619074 0.619074 0.619074
5460 5.967281 5.967281 5.967281 0.619074 0.619074 0.619074
5470 5.967281 5.967281 5.967281 0.619074 0.619074 0.619074
5480 5.967281 5.967281 5.967281 0.619074 0.619074 0.619074
5490 5.967281 5.967281 5.967281 0.619074 0.619074 0.619074
5500 5.967281 5.967281 5.967281 0.619074 0.619074 0.619074
5510 5.967281 5.967281 5.967281 0.619074 0.619074 0.619074
5520 5.967281 5.967281 5.967281 0.619074 0.619074 0.619074
5530 5.967281 5.967281 5.967281 0.619074 0.619074 0.619074
5540 5.967281 5.967281 5.967281 0.619074 0.619074 0.619074
5550 5.967281 5.967281 5.967281 0.619074 0.619074 0.619074
5560 5.967281 5.967281 5.967281 0.619074 0.619074 0.619074
5570 5.967281 5.967281 5.967281 0.619074 0.619074 0.619074
5580 5.967281 5.967281 5.967281 0.619074 0.619074 0.619074
5590 5.967281 5.967281 5.967281 0.619074 0.619074 0.619074
5600 5.967281 5.967281 5.967281 0.619074 0.619074 0.619074
5610 5.967281 5.967281 5.967281 0.619074 0.619074 0.619074
5620 5.967281 5.967281 5.967281 0.619074 0.619074 0.619074
5630 5.967281 5.967281 5.967281 0.619074 0.619074 0.619074
5640 5.967281 5.967281 5.967281 0.619074 0.619074 0.619074
5650 5.967281 5.967281 5.967281 0.619074 0.619074 0.619074
5660 5.967281 5.967281 5.967281 0.619074 0.619074 0.619074
5670 5.967281 5.967281 5.967281 0.619074 0.619074 0.619074
5680 5.967281 5.967281 5.967281 0.619074 0.619074 0.619074
5690 5.967281 5.967281 5.967281 0.619074 0.619074 0.619074
5700 5.967281 5.967281 5.967281 0.619074 0.619074 0.619074
5710 5.967281 5.967281 5.967281 0.619074 0.619074 0.619074
5720 5.967281 5.967281 5.967281 0.619074 0.619074 0.619074
5730 5.967281 5.967281 5.967281 0.619074 0.619074 0.619074
5740 5.967281 5.967281 5.967281 0.619074 0.619074 0.619074
5750 5.967281 5.967281 5.967281 0.619074 0.619074 0.619074
5760 5.967281 5.967281 5.967281 0.619074 0.619074 0.619074
5770 5.967281 5.967281 5.967281 0.619074 0.619074 0.619074
5780 5.967281 5.967281 5.967281 0.619074 0.619074 0.619074
5790 5.967281 5.967281 5.967281 0.619074 0.619074 0.619074
5800 5.967281 5.967281 5.967281 0.619074 0.619074 0.619074
5810 5.967281 5.967281 5.967281 0.619074 0.619074 0.619074
5820 5.967281 5.967281 5.967281 0.619074 0.619074 0.619074
5830 5.967281 5.967281 5.967281 0.619074 0.619074 0.619074
5840 5.967281 5.967281 5.967281 0.619074 0.619074 0.619074
5850 5.967281 5.967281 5.967281 0.619074 0.619074 0.619074
5860 5.967281 5.967281 5.967281 0.619074 0.619074 0.619074
5870 5.967281 5.967281 5.967281 0.619074 0.619074 0.619074
5880 5.967281 5.967281 5.967281 0.619074 0.619074 0.619074
5890 5.967281 5.967281 5.967281 0.619074 0.619074 0.619074
5900 5.967281 5.967281 5.967281 0.619074 0.619074 0.619074
5910 5.967281 5.967281 5.967281 0.619074 0.619074 0.619074
5920 5.967281 5.967281 5.967281 0.619074 0.619074 0.619074
5930 5.967281 5.967281 5.967281 0.619074 0.619074 0.619074
5940 5.967281 5.967281 5.967281 0.619074 0.619074 0.619074
5950 5.967281 5.967281 5.967281 0.619074 0.619074 0.619074
5960 5.967281 5.967281 5.967281 0.619074 0.619074 0.619074
5970 5.967281 5.967281 5.967281 0.619074 0.619074 0.619074
5980 5.967281 5.967281 5.967281 0.619074 0.619074 0.619074
5990 5.967281 5.967281 5.967281 0.619074 0.619074 0.619074
6000 5.967281 5.967281 5.967281 0.619074 0.619074 0.619074
6010 5.967281 5.967281 5.967281 0.619074 0.619074 0.619074
6020 5.967281 5.967281 5.967281 0.619074 0.619074 0.619074
6030 5.967281 5.967281 5.967281 0.619074 0.619074 0.619074
6040 5.967281 5.967281 5.967281 0.619074 0.619074 0.619074
6050 5.967281 5.967281 5.967281 0.619074 0.619074 0.619074
6060 5.967281 5.967281 5.967281 0.619074 0.619074 0.619074
6070 5.967281 5.967281 5.967281 0.619074 0.619074 0.619074
6080 5.967281 5.967281 5.967281 0.619074 0.619074 0.619074
6090 5.967281 5.967281 5.967281 0.619074 0.619074 0.619074
6100 5.967281 5.967281 5.967281 0.619074 0.619074 0.619074
6110 5.967281 5.967281 5.967281 0.619074 0.619074 0.619074
6120 5.967281 5.967281 5.967281 0.619074 0.619074 0.619074
6130 5.967281 5.967281 5.967281 0.619074 0.619074 0.619074
6140 5.967281 5.967281 5.967281 0.619074 0.619074 0.619074
6150 5.967281 5.967281 5.967281 0.619074 0.619074 0.619074
6160 5.967281 5.967281 5.967281 0.619074 0.619074 0.619074
6170 5.967281 5.967281 5.967281 0.619074 0.619074 0.619074
6180 5.967281 5.967281 5.967281 0.619074 0.619074 0.619074
6190 5.967281 5.967281 5.967281 0.619074 0.619074 0.619074
6200 5.967281 5.967281 5.967281 0.619074 0.619074 0.619074
6210 5.967281 5.967281 5.967281 0.619074 0.619074 0.619074
6220 5.967281 5.967281 5.967281 0.619074 0.619074 0.619074
6230 5.967281 5.967281 5.967281 0.619074 0.619074 0.619074
6240 5.967281 5.967281 5.967281 0.619074 0.619074 0.619074
6250 5.967281 5.967281 5.967281 0.619074 0.619074 0.619074
6260 5.967281 5.967281 5.967281 0.619074 0.619074 0.619074
6270 5.967281 5.967281 5.967281 0.619074 0.619074 0.619074
6280 5.967281 5.967281 5.967281 0.619074 0.619074 0.619074
6290 5.967281 5.967281 5.967281 0.619074 0.619074 0.619074
6300 5.967281 5.967281 5.967281 0.619074 0.619074 0.619074
6310 5.967281 5.967281 5.967281 0.619074 0.619074 0.619074
6320 5.967281 5.967281 5.967281 0.619074 0.619074 0.619074
6330 5.967281 5.967281 5.967281 0.619074 0.619074 0.619074
6340 5.967281 5.967281 5.967281 0.619074 0.619074 0.619074
6350 5.967281 5.967281 5.967281 0.619074 0.619074 0.619074
6360 5.967281 5.967281 5.967281 0.619074 0.619074 0.619074
6370 5.967281 5.967281 5.967281 0.619074 0.619074 0.619074
6380 5.967281 5.967281 5.967281 0.619074 0.619074 0.619074
6390 5.967281 5.967281 5.967281 0.619074 0.619074 0.619074
6400 5.967281 5.967281 5.967281 0.619074 0.619074 0.619074
6410 5.967281 5.967281 5.967281 0.619074 0.619074 0.619074
6420 5.967281 5.967281 5.967281 0.619074 0.619074 0.619074
6430 5.967281 5.967281 5.967281 0.619074 0.619074 0.619074
6440 5.967281 5.967281 5.967281 0.619074 0.619074 0.619074
6450 5.967281 5.967281 5.967281 0.619074 0.619074 0.619074
6460 5.967281 5.967281 5.967281 0.619074 0.619074 0.619074
6470 5.967281 5.967281 5.967281 0.619074 0.619074 0.619074
6480 5.967281 5.967281 5.967281 0.619074 0.619074 0.619074
6490 5.967281 5.967281 5.967281 0.619074 0.619074 0.619074
6500 5.967281 5.967281 5.967281 0.619074 0.619074 0.619074
6510 5.967281 5.967281 5.967281 0.619074 0.619074 0.619074
6520 5.967281 5.967281 5.967281 0.619074 0.619074 0.619074
6530 5.967281 5.967281 5.967281 0.619074 0.619074 0.619074
6540 5.967281 5.967281 5.967281 0.619074 0.619074 0.619074
6550 5.967281 5.967281 5.967281 0.619074 0.619074 0.619074
6560 5.967281 5.967281 5.967281 0.619074 0.619074 0.619074
6570 5.967281 5.967281 5.967281 0.619074 0.619074 0.619074
6580 5.967281 5.967281 5.967281 0.619074 0.619074 0.619074
6590 5.967281 5.967281 5.967281 0.619074 0.619074 0.619074
6600 5.967281 5.967281 5.967281 0.619074 0.619074 0.619074
6610 5.967281 5.967281 5.967281 0.619074 0.619074 0.619074
6620 5.967281 5.967281 5.967281 0.619074 0.619074 0.619074
6630 5.967281 5.967281 5.967281 0.619074 0.619074 0.619074
6640 5.967281 5.967281 5.967281 0.619074 0.619074 0.619074
6650 5.967281 5.967281 5.967281 0.619074 0.619074 0.619074
6660 5.967281 5.967281 5.967281 0.619074 0.619074 0.619074
6670 5.967281 5.967281 5.967281 0.619074 0.619074 0.619074
6680 5.967281 5.967281 5.967281 0.619074 0.619074 0.619074
6690 5.967281 5.967281 5.967281 0.619074 0.619074 0.619074
6700 5.967281 5.967281 5.967281 0.619074 0.619074 0.619074
6710 5.967281 5.967281 5.967281 0.619074 0.619074 0.619074
6720 5.967281 5.967281 5.967281 0.619074 0.619074 0.619074
6730 5.967281 5.967281 5.967281 0.619074 0.619074 0.619074
6740 5.967281 5.967281 5.967281 0.619074 0.619074 0.619074
6750 5.967281 5.967281 5.967281 0.619074 0.619074 0.619074
6760 5.967281 5.967281 5.967281 0.619074 0.619074 0.619074
6770 5.967281 5.967281 5.967281 0.619074 0.619074 0.619074
6780 5.967281 5.967281 5.967281 0.619074 0.619074 0.619074
6790 5.967281 5.967281 5.967281 0.619074 0.619074 0.619074
6800 5.967281 5.967281 5.967281 0.619074 0.619074 0.619074
6810 5.967281 5.967281 5.967281 0.619074 0.619074 0.619074
6820 5.967281 5.967281 5.967281 0.619074 0.619074 0.619074
6830 5.967281 5.967281 5.967281 0.619074 0.619074 0.619074
6840 5.967281 5.967281 5.967281 0.619074 0.619074 0.619074
6850 5.967281 5.967281 5.967281 0.619074 0.619074 0.619074
6860 5.967281 5.967281 5.967281 0.619074 0.619074 0.619074
6870 5.967281 5.967281 5.967281 0.619074 0.619074 0.619074
6880 5.967281 5.967281 5.967281 0.619074 0.619074 0.619074
6890 5.967281 5.967281 5.967281 0.619074 0.619074 0.619074
6900 5.967281 5.967281 5.967281 0.619074 0.619074 0.619074
6910 5.967281 5.967281 5.967281 0.619074 0.619074 0.619074
6920 5.967281 5.967281 5.967281 0.619074 0.619074 0.619074
6930 5.967281 5.967281 5.967281 0.619074 0.619074 0.619074
6940 5.967281 5.967281 5.967281 0.619074 0.619074 0.619074
6950 5.967281 5.967281 5.967281 0.619074 0.619074 0.619074
6960 5.967281 5.967281 5.967281 0.619074 0.619074 0.619074
6970 5.967281 5.967281 5.967281 0.619074 0.619074 0.619074
6980 5.967281 5.967281 5.967281 0.619074 0.619074 0.619074
6990 5.967281 5.967281 5.967281 0.619074 0.619074 0.619074
7000 5.967281 5.967281 5.967281 0.619074 0.619074 0.619074
7010 5.967281 5.967281 5.967281 0.619074 0.619074 0.619074
7020 5.967281 5.967281 5.967281 0.619074 0.619074 0.619074
7030 5.967281 5.967281 5.967281 0.619074 0.619074 0.619074
7040 5.967281 5.967281 5.967281 0.619074 0.619074 0.619074
7050 5.967281 5.967281 5.967281 0.619074 0.619074 0.619074
7060 5.967281 5.967281 5.967281 0.619074 0.619074 0.619074
7070 5.967281 5.967281 5.967281 0.619074 0.619074 0.619074
7080 5.967281 5.967281 5.967281 0.619074 0.619074 0.619074
7090 5.967281 5.967281 5.967281 0.619074 0.619074 0.619074
7100 5.967281 5.967281 5.967281 0.619074 0.619074 0.619074
7110 5.967281 5.967281 5.967281 0.619074 0.619074 0.619074
7120 5.967281 5.967281 5.967281 0.619074 0.619074 0.619074
7130 5.967281 5.967281 5.967281 0.619074 0.619074 0.619074
7140 5.967281 5.967281 5.967281 0.619074 0.619074 0.619074
7150 5.967281 5.967281 5.967281 0.619074 0.619074 0.619074
7160 5.967281 5.967281 5.967281 0.619074 0.619074 0.619074
7170 5.967281 5.967281 5.967281 0.619074 0.619074 0.619074
7180 5.967281 5.967281 5.967281 0.619074 0.619074 0.619074
7190 5.967281 5.967281 5.967281 0.619074 0.619074 0.619074
7200 5.967281 5.967281 5.967281 0.619074 0.619074 0.619074
7210 5.967281 5.967281 5.967281 0.619074 0.619074 0.619074
7220 5.967281 5.967281 5.967281 0.619074 0.619074 0.619074
7230 5.967281 5.967281 5.967281 0.619074 0.619074 0.619074
7240 5.967281 5.967281 5.967281 0.619074 0.619074 0.619074
7250 5.967281 5.967281 5.967281 0.619074 0.619074 0.619074
7260 5.967281 5.967281 5.967281 0.619074 0.619074 0.619074
7270 5.967281 5.967281 5.967281 0.619074 0.619074 0.619074
7280 5.967281 5.967281 5.967281 0.619074 0.619074 0.619074
7290 5.967281 5.967281 5.967281 0.619074 0.619074 0.619074
7300 5.967281 5.967281 5.967281 0.619074 0.619074 0.619074
7310 5.967281 5.967281 5.967281 0.619074 0.619074 0.619074
7320 5.967281 5.967281 5.967281 0.619074 0.619074 0.619074
7330 5.967281 5.967281 5.967281 0.619074 0.619074 0.619074
7340 5.967281 5.967281 5.967281 0.619074 0.619074 0.619074
7350 5.967281 5.967281 5.967281 0.619074 0.619074 0.619074
7360 5.967281 5.967281 5.967281 0.619074 0.619074 0.619074
7370 5.967281 5.967281 5.967281 0.619074 0.619074 0.619074
7380 5.967281 5.967281 5.967281 0.619074 0.619074 0.619074
7390 5.967281 5.967281 5.967281 0.619074 0.619074 0.619074
7400 5.967281 5.967281 5.967281 0.619074 0.619074 0.619074
7410 5.967281 5.967281 5.967281 0.619074 0.619074 0.619074
7420 5.967281 5.967281 5.967281 0.619074 0.619074 0.619074
7430 5.967281 5.967281 5.967281 0.619074 0.619074 0.619074
7440 5.967281 5.967281 5.967281 0.619074 0.619074 0.619074
7450 5.967281 5.967281 5.967281 0.619074 0.619074 0.619074
7460 5.967281 5.967281 5.967281 0.619074 0.619074 0.619074
7470 5.967281 5.967281 5.967281 0.619074 0.619074 0.619074
7480 5.967281 5.967281 5.967281 0.619074 0.619074 0.619074
7490 5.967281 5.967281 5.967281 0.619074 0.619074 0.619074
7500 5.967281 5.967281 5.967281 0.619074 0.619074 0.619074
7510 5.967281 5.967281 5.967281 0.619074 0.619074 0.619074
7520 5.967281 5.967281 5.967281 0.619074 0.619074 0.619074
7530 5.967281 5.967281 5.967281 0.619074 0.619074 0.619074
7540 5.967281 5.967281 5.967281 0.619074 0.619074 0.619074
7550 5.967281 5.967281 5.967281 0.619074 0.619074 0.619074
7560 5.967281 5.967281 5.967281 0.619074 0.619074 0.619074
7570 5.967281 5.967281 5.967281 0.619074 0.619074 0.619074
7580 5.967281 5.967281 5.967281 0.619074 0.619074 0.619074
7590 5.967281 5.967281 5.967281 0.619074 0.619074 0.619074
7600 5.967281 5.967281 5.967281 0.619074 0.619074 0.619074
7610 5.967281 5.967281 5.967281 0.619074 0.619074 0.619074
7620 5.967281 5.967281 5.967281 0.619074 0.619074 0.619074
7630 5.967281 5.967281 5.967281 0.619074 0.619074 0.619074
7640 5.967281 5.967281 5.967281 0.619074 0.619074 0.619074
7650 5.967281 5.967281 5.967281 0.619074 0.619074 0.619074
7660 5.967281 5.967281 5.967281 0.619074 0.619074 0.619074
7670 5.967281 5.967281 5.967281 0.619074 0.619074 0.619074
7680 5.967281 5.967281 5.967281 0.619074 0.619074 0.619074
7690 5.967281 5.967281 5.967281 0.619074 0.619074 0.619074
7700 5.967281 5.967281 5.967281 0.619074 0.619074 0.619074
7710 5.967281 5.967281 5.967281 0.619074 0.619074 0.619074
7720 5.967281 5.967281 5.967281 0.619074 0.619074 0.619074
7730 5.967281 5.967281 5.967281 0.619074 0.619074 0.619074
7740 5.967281 5.967281 5.967281 0.619074 0.619074 0.619074
7750 5.967281 5.967281 5.967281 0.619074 0.619074 0.619074
7760 5.967281 5.967281 5.967281 0.619074 0.619074 0.619074
7770 5.967281 5.967281 5.967281 0.619074 0.619074 0.619074
7780 5.967281 5.967281 5.967281 0.619074 0.619074 0.619074
7790 5.967281 5.967281 5.967281 0.619074 0.619074 0.619074
7800 5.967281 5.967281 5.967281 0.619074 0.619074 0.619074
7810 5.967281 5.967281 5.967281 0.619074 0.619074 0.619074
7820 5.967281 5.967281 5.967281 0.619074 0.619074 0.619074
7830 5.967281 5.967281 5.967281 0.619074 0.619074 0.619074
7840 5.967281 5.967281 5.967281 0.619074 0.619074 0.619074
7850 5.967281 5.967281 5.967281 0.619074 0.619074 0.619074
7860 5.967281 5.967281 5.967281 0.619074 0.619074 0.619074
7870 5.967281 5.967281 5.967281 0.619074 0.619074 0.619074
7880 5.967281 5.967281 5.967281 0.619074 0.619074 0.619074
7890 5.967281 5.967281 5.967281 0.619074 0.619074 0.619074
7900 5.967281 5.967281 5.967281 0.619074 0.619074 0.619074
7910 5.967281 5.967281 5.967281 0.619074 0.619074 0.619074
7920 5.967281 5.967281 5.967281 0.619074 0.619074 0.619074
7930 5.967281 5.967281 5.967281 0.619074 0.619074 0.619074
7940 5.967281 5.967281 5.967281 0.619074 0.619074 0.619074
7950 5.967281 5.967281 5.967281 0.619074 0.619074 0.619074
7960 5.967281 5.967281 5.967281 0.619074 0.619074 0.619074
7970 5.967281 5.967281 5.967281 0.619074 0.619074 0.619074
7980 5.967281 5.967281 5.967281 0.619074 0.619074 0.619074
7990 5.967281 5.967281 5.967281 0.619074 0.619074 0.619074
8000 5.967281 5.967281 5.967281 0.619074 0.619074 0.619074
8010 5.967281 5.967281 5.967281 0.619074 0.619074 0.619074
8020 5.967281 5.967281 5.967281 0.619074 0.619074 0.619074
8030 5.967281 5.967281 5.967281 0.619074 0.619074 0.619074
8040 5.967281 5.967281 5.967281 0.619074 0.619074 0.619074
8050 5.967281 5.967281 5.967281 0.619074 0.619074 0.619074
8060 5.967281 5.967281 5.967281 0.619074 0.619074 0.619074
8070 5.967281 5.967281 5.967281 0.619074 0.619074 0.619074
8080 5.967281 5.967281 5.967281 0.619074 0.619074 0.619074
8090 5.967281 5.967281 5.967281 0.619074 0.619074 0.619074
8100 5.967281 5.967281 5.967281 0.619074 0.619074 0.619074
8110 5.967281 5.967281 5.967281 0.619074 0.619074 0.619074
8120 5.967281 5.967281 5.967281 0.619074 0.619074 0.619074
8130 5.967281 5.967281 5.967281 0.619074 0.619074 0.619074
8140 5.967281 5.967281 5.967281 0.619074 0.619074 0.619074
8150 5.967281 5.967281 5.967281 0.619074 0.619074 0.619074
8160 5.967281 5.967281 5.967281 0.619074 0.619074 0.619074
8170 5.967281 5.967281 5.967281 0.619074 0.619074 0.619074
8180 5.967281 5.967281 5.967281 0.619074 0.619074 0.619074
8190 5.967281 5.967281 5.967281 0.619074 0.619074 0.619074
8200 5.967281 5.967281 5.967281 0.619074 0.619074 0.619074
8210 5.967281 5.967281 5.967281 0.619074 0.619074 0.619074
8220 5.967281 5.967281 5.967281 0.619074 0.619074 0.619074
8230 5.967281 5.967281 5.967281 0.619074 0.619074 0.619074
8240 5.967281 5.967281 5.967281 0.619074 0.619074 0.619074
8250 5.967281 5.967281 5.967281 0.619074 0.619074 0.619074
8260 5.967281 5.967281 5.967281 0.619074 0.619074 0.619074
8270 5.967281 5.967281 5.967281 0.619074 0.619074 0.619074
8280 5.967281 5.967281 5.967281 0.619074 0.619074 0.619074
8290 5.967281 5.967281 5.967281 0.619074 0.619074 0.619074
8300 5.967281 5.967281 5.967281 0.619074 0.619074 0.619074
8310 5.967281 5.967281 5.967281 0.619074 0.619074 0.619074
8320 5.967281 5.967281 5.967281 0.619074 0.619074 0.619074
8330 5.967281 5.967281 5.967281 0.619074 0.619074 0.619074
8340 5.967281 5.967281 5.967281 0.619074 0.619074 0.619074
8350 5.967281 5.967281 5.967281 0.619074 0.619074 0.619074
8360 5.967281 5.967281 5.967281 0.619074 0.619074 0.619074
8370 5.967281 5.967281 5.967281 0.619074 0.619074 0.619074
8380 5.967281 5.967281 5.967281 0.619074 0.619074 0.619074
8390 5.967281 5.967281 5.967281 0.619074 0.619074 0.619074
8400 5.967281 5.967281 5.967281 0.619074 0.619074 0.619074
8410 5.967281 5.967281 5.967281 0.619074 0.619074 0.619074
8420 5.967281 5.967281 5.967281 0.619074 0.619074 0.619074
8430 5.967281 5.967281 5.967281 0.619074 0.619074 0.619074
8440 5.967281 5.967281 5.967281 0.619074 0.619074 0.619074
8450 5.967281 5.967281 5.967281 0.619074 0.619074 0.619074
8460 5.967281 5.967281 5.967281 0.619074 0.619074 0.619074
8470 5.967281 5.967281 5.967281 0.619074 0.619074 0.619074
8480 5.967281 5.967281 5.967281 0.619074 0.619074 0.619074
8490 5.967281 5.967281 5.967281 0.619074 0.619074 0.619074
8500 5.967281 5.967281 5.967281 0.619074 0.619074 0.619074
8510 5.967281 5.967281 5.967281 0.619074 0.619074 0.619074
8520 5.967281 5.967281 5.967281 0.619074 0.619074 0.619074
8530 5.967281 5.967281 5.967281 0.619074 0.619074 0.619074
8540 5.967281 5.967281 5.967281 0.619074 0.619074 0.619074
8550 5.967281 5.967281 5.967281 0.619074 0.619074 0.619074
8560 5.967281 5.967281 5.967281 0.619074 0.619074 0.619074
8570 5.967281 5.967281 5.967281 0.619074 0.619074 0.619074
8580 5.967281 5.967281 5.967281 0.619074 0.619074 0.619074
8590 5.967281 5.967281 5.967281 0.619074 0.619074 0.619074
8600 5.967281 5.967281 5.967281 0.619074 0.619074 0.619074
8610 5.967281 5.967281 5.967281 0.619074 0.619074 0.619074
8620 5.967281 5.967281 5.967281 0.619074 0.619074 0.619074
8630 5.967281 5.967281 5.967281 0.619074 0.619074 0.619074
8640 5.967281 5.967281 5.967281 0.619074 0.619074 0.619074
8650 5.967281 5.967281 5.967281 0.619074 0.619074 0.619074
8660 5.967281 5.967281 5.967281 0.619074 0.619074 0.619074
8670 5.967281 5.967281 5.967281 0.619074 0.619074 0.619074
8680 5.967281 5.967281 5.967281 0.619074 0.619074 0.619074
8690 5.967281 5.967281 5.967281 0.619074 0.619074 0.619074
8700 5.967281 5.967281 5.967281 0.619074 0.619074 0.619074
8710 5.967281 5.967281 5.967281 0.619074 0.619074 0.619074
8720 5.967281 5.967281 5.967281 0.619074 0.619074 0.619074
8730 5.967281 5.967281 5.967281 0.619074 0.619074 0.619074
8740 5.967281 5.967281 5.967281 0.619074 0.619074 0.619074
8750 5.967281 5.967281 5.967281 0.619074 0.619074 0.619074
8760 5.967281 5.967281 5.967281 0.619074 0.619074 0.619074
8770 5.967281 5.967281 5.967281 0.619074 0.619074 0.619074
8780 5.967281 5.967281 5.967281 0.619074 0.619074 0.619074
8790 5.967281 5.967281 5.967281 0.619074 0.619074 0.619074
8800 5.967281 5.967281 5.967281 0.619074 0.619074 0.619074
8810 5.967281 5.967281 5.967281 0.619074 0.619074 0.619074
8820 5.967281 5.967281 5.967281 0.619074 0.619074 0.619074
8830 5.967281 5.967281 5.967281 0.619074 0.619074 0.619074
8840 5.967281 5.967281 5.967281 0.619074 0.619074 0.619074
8850 5.967281 5.967281 5.967281 0.619074 0.619074 0.619074
8860 5.967281 5.967281 5.967281 0.619074 0.619074 0.619074
8870 5.967281 5.967281 5.967281 0.619074 0.619074 0.619074
8880 5.967281 5.967281 5.967281 0.619074 0.619074 0.619074
8890 5.967281 5.967281 5.967281 0.619074 0.619074 0.619074
8900 5.967281 5.967281 5.967281 0.619074 0.619074 0.619074
8910 5.967281 5.967281 5.967281 0.619074 0.619074 0.619074
8920 5.967281 5.967281 5.967281 0.619074 0.619074 0.619074
8930 5.967281 5.967281 5.967281 0.619074 0.619074 0.619074
8940 5.967281 5.967281 5.967281 0.619074 0.619074 0.619074
8950 5.967281 5.967281 5.967281 0.619074 0.619074 0.619074
8960 5.967281 5.967281 5.967281 0.619074 0.619074 0.619074
8970 5.967281 5.967281 5.967281 0.619074 0.619074 0.619074
8980 5.967281 5.967281 5.967281 0.619074 0.619074 0.619074
8990 5.967281 5.967281 5.967281 0.619074 0.619074 0.619074
9000 5.967281 5.967281 5.967281 0.619074 0.619074 0.619074
9010 5.967281 5.967281 5.967281 0.619074 0.619074 0.619074
9020 5.967281 5.967281 5.967281 0.619074 0.619074 0.619074
9030 5.967281 5.967281 5.967281 0.619074 0.619074 0.619074
9040 5.967281 5.967281 5.967281 0.619074 0.619074 0.619074
9050 5.967281 5.967281 5.967281 0.619074 0.619074 0.619074
9060 5.967281 5.967281 5.967281 0.619074 0.619074 0.619074
9070 5.967281 5.967281 5.967281 0.619074 0.619074 0.619074
9080 5.967281 5.967281 5.967281 0.619074 0.619074 0.619074
9090 5.967281 5.967281 5.967281 0.619074 0.619074 0.619074
9100 5.967281 5.967281 5.967281 0.619074 0.619074 0.619074
9110 5.967281 5.967281 5.967281 0.619074 0.619074 0.619074
9120 5.967281 5.967281 5.967281 0.619074 0.619074 0.619074
9130 5.967281 5.967281 5.967281 0.619074 0.619074 0.619074
9140 5.967281 5.967281 5.967281 0.619074 0.619074 0.619074
9150 5.967281 5.967281 5.967281 0.619074 0.619074 0.619074
9160 5.967281 5.967281 5.967281 0.619074 0.619074 0.619074
9170 5.967281 5.967281 5.967281 0.619074 0.619074 0.619074
9180 5.967281 5.967281 5.967281 0.619074 0.619074 0.619074
9190 5.967281 5.967281 5.967281 0.619074 0.619074 0.619074
9200 5.967281 5.967281 5.967281 0.619074 0.619074 0.619074
9210 5.967281 5.967281 5.967281 0.619074 0.619074 0.619074
9220 5.967281 5.967281 5.967281 0.619074 0.619074 0.619074
9230 5.967281 5.967281 5.967281 0.619074 0.619074 0.619074
9240 5.967281 5.967281 5.967281 0.619074 0.619074 0.619074
9250 5.967281 5.967281 5.967281 0.619074 0.619074 0.619074
9260 5.967281 5.967281 5.967281 0.619074 0.619074 0.619074
9270 5.967281 5.967281 5.967281 0.619074 0.619074 0.619074
9280 5.967281 5.967281 5.967281 0.619074 0.619074 0.619074
9290 5.967281 5.967281 5.967281 0.619074 0.619074 0.619074
9300 5.967281 5.967281 5.967281 0.619074 0.619074 0.619074
9310 5.967281 5.967281 5.967281 0.619074 0.619074 0.619074
9320 5.967281 5.967281 5.967281 0.619074 0.619074 0.619074
9330 5.967281 5.967281 5.967281 0.619074 0.619074 0.619074
9340 5.967281 5.967281 5.967281 0.619074 0.619074 0.619074
9350 5.967281 5.967281 5.967281 0.619074 0.619074 0.619074
9360 5.967281 5.967281 5.967281 0.619074 0.619074 0.619074
9370 5.967281 5.967281 5.967281 0.619074 0.619074 0.619074
9380 5.967281 5.967281 5.967281 0.619074 0.619074 0.619074
9390 5.967281 5.967281 5.967281 0.619074 0.619074 0.619074
9400 5.967281 5.967281 5.967281 0.619074 0.619074 0.619074
9410 5.967281 5.967281 5.967281 0.619074 0.619074 0.619074
9420 5.967281 5.967281 5.967281 0.619074 0.619074 0.619074
9430 5.967281 5.967281 5.967281 0.619074 0.619074 0.619074
9440 5.967281 5.967281 5.967281 0.619074 0.619074 0.619074
9450 5.967281 5.967281 5.967281 0.619074 0.619074 0.619074
9460 5.967281 5.967281 5.967281 0.619074 0.619074 0.619074
9470 5.967281 5.967281 5.967281 0.619074 0.619074 0.619074
9480 5.967281 5.967281 5.967281 0.619074 0.619074 0.619074
9490 5.967281 5.967281 5.967281 0.619074 0.619074 0.619074
9500 5.967281 5.967281 5.967281 0.619074 0.619074 0.619074
9510 5.967281 5.967281 5.967281 0.619074 0.619074 0.619074
9520 5.967281 5.967281 5.967281 0.619074 0.619074 0.619074
9530 5.967281 5.967281 5.967281 0.619074 0.619074 0.619074
9540 5.967281 5.967281 5.967281 0.619074 0.619074 0.619074
9550 5.967281 5.967281 5.967281 0.619074 0.619074 0.619074
9560 5.967281 5.967281 5.967281 0.619074 0.619074 0.619074
9570 5.967281 5.967281 5.967281 0.619074 0.619074 0.619074
9580 5.967281 5.967281 5.967281 0.619074 0.619074 0.619074
9590 5.967281 5.967281 5.967281 0.619074 0.619074 0.619074
9600 5.967281 5.967281 5.967281 0.619074 0.619074 0.619074
9610 5.967281 5.967281 5.967281 0.619074 0.619074 0.619074
9620 5.967281 5.967281 5.967281 0.619074 0.619074 0.619074
9630 5.967281 5.967281 5.967281 0.619074 0.619074 0.619074
9640 5.967281 5.967281 5.967281 0.619074 0.619074 0.619074
9650 5.967281 5.967281 5.967281 0.619074 0.619074 0.619074
9660 5.967281 5.967281 5.967281 0.619074 0.619074 0.619074
9670 5.967281 5.967281 5.967281 0.619074 0.619074 0.619074
9680 5.967281 5.967281 5.967281 0.619074 0.619074 0.619074
9690 5.967281 5.967281 5.967281 0.619074 0.619074 0.619074
9700 5.967281 5.967281 5.967281 0.619074 0.619074 0.619074
9710 5.967281 5.967281 5.967281 0.619074 0.619074 0.619074
9720 5.967281 5.967281 5.967281 0.619074 0.619074 0.619074
9730 5.967281 5.967281 5.967281 0.619074 0.619074 0.619074
9740 5.967281 5.967281 5.967281 0.619074 0.619074 0.619074
9750 5.967281 5.967281 5.967281 0.619074 0.619074 0.619074
9760 5.967281 5.967281 5.967281 0.619074 0.619074 0.619074
9770 5.967281 5.967281 5.967281 0.619074 0.619074 0.619074
9780 5.967281 5.967281 5.967281 0.619074 0.619074 0.619074
9790 5.967281 5.967281 5.967281 0.619074 0.619074 0.619074
9800 5.967281 5.967281 5.967281 0.619074 0.619074 0.619074
9810 5.967281 5.967281 5.967281 0.619074 0.619074 0.619074
9820 5.967281 5.967281 5.967281 0.619074 0.619074 0.619074
9830 5.967281 5.967281 5.967281 0.619074 0.619074 0.619074
9840 5.967281 5.967281 5.967281 0.619074 0.619074 0.619074
9850 5.967281 5.967281 5.967281 0.619074 0.619074 0.619074
9860 5.967281 5.967281 5.967281 0.619074 0.619074 0.619074
9870 5.967281 5.967281 5.967281 0.619074 0.619074 0.619074
9880 5.967281 5.967281 5.967281 0.619074 0.619074 0.619074
9890 5.967281 5.967281 5.967281 0.619074 0.619074 0.619074
9900 5.967281 5.967281 5.967281 0.619074 0.619074 0.619074
9910 5.967281 5.967281 5.967281 0.619074 0.619074 0.619074
9920 5.967281 5.967281 5.967281 0.619074 0.619074 0.619074
9930 5.967281 5.967281 5.967281 0.619074 0.619074 0.619074
9940 5.967281 5.967281 5.967281 0.619074 0.619074 0.619074
9950 5.967281 5.967281 5.967281 0.619074 0.619074 0.619074
9960 5.967281 5.967281 5.967281 0.619074 0.619074 0.619074
9970 5.967281 5.967281 5.967281 0.619074 0.619074 0.619074
9980 5.967281 5.967281 5.967281 0.619074 0.619074 0.619074
9990 5.967281 5.967281 5.967281 0.619074 0.619074 0.619074
10000 6.932612 6.932612 6.932612 0.826173 0.826173 0.826173
