# generation power_min power_avg power_max util_min util_avg util_max
1 43.030481 43.719634 44.489252 0.785833 0.809960 0.830159
10 42.962119 43.630409 44.143313 0.788677 0.812769 0.831790
20 42.948595 43.539508 43.997780 0.796961 0.815592 0.836230
30 42.885574 43.453733 43.904164 0.798851 0.818006 0.836230
40 42.738952 43.373918 43.807532 0.799438 0.820258 0.837519
50 42.603444 43.292174 43.735848 0.803308 0.822395 0.843539
60 42.469058 43.207240 43.669331 0.807460 0.824657 0.846882
70 42.469058 43.124332 43.553877 0.811171 0.826823 0.846882
80 42.469058 43.050321 43.444079 0.811171 0.828423 0.846882
90 42.361757 42.986504 43.396464 0.814879 0.830135 0.849645
100 42.361757 42.918463 43.276524 0.814879 0.831503 0.849645
110 42.361757 42.864182 43.201661 0.815191 0.832871 0.849645
120 42.284950 42.798262 43.133698 0.823078 0.834470 0.849645
130 42.284950 42.740922 43.059717 0.824466 0.835681 0.849645
140 42.284950 42.689328 42.987628 0.824466 0.836759 0.849645
150 42.133195 42.635983 42.922244 0.827512 0.838178 0.851997
160 42.133195 42.586459 42.862587 0.827546 0.839219 0.851997
170 41.986697 42.530444 42.821971 0.827546 0.840684 0.853545
180 41.947559 42.482431 42.749973 0.830449 0.841933 0.853545
190 41.947559 42.435665 42.675408 0.830449 0.843185 0.853545
200 41.947559 42.398660 42.614701 0.832661 0.844321 0.853545
210 41.947559 42.358839 42.579007 0.836674 0.845542 0.854938
220 41.947559 42.321764 42.543433 0.838478 0.846343 0.854938
230 41.930278 42.281218 42.481770 0.838478 0.847363 0.857549
240 41.930278 42.240583 42.457372 0.839416 0.848218 0.859294
250 41.926516 42.196611 42.425335 0.839416 0.849150 0.859294
260 41.891881 42.155392 42.385583 0.839915 0.850157 0.859315
270 41.885739 42.117440 42.339728 0.840385 0.850904 0.859315
280 41.802725 42.079605 42.294798 0.845403 0.851876 0.862886
290 41.802725 42.045045 42.243422 0.845403 0.852440 0.862886
300 41.745480 42.009895 42.199214 0.845403 0.853004 0.865239
310 41.743739 41.976327 42.163171 0.845988 0.853762 0.865239
320 41.687132 41.942638 42.133195 0.845988 0.854379 0.867507
330 41.654717 41.907035 42.103427 0.847465 0.855750 0.867507
340 41.654717 41.880622 42.041619 0.849223 0.856541 0.867507
350 41.647994 41.858092 41.986697 0.849223 0.857553 0.867507
360 41.647994 41.836308 41.985135 0.851492 0.858793 0.867507
370 41.647994 41.816946 41.944608 0.852780 0.859522 0.867507
380 41.615579 41.797593 41.921775 0.853627 0.860310 0.867507
390 41.615579 41.779750 41.891139 0.853627 0.861028 0.867507
400 41.599928 41.759763 41.872179 0.853818 0.861913 0.867507
410 41.599928 41.742808 41.849260 0.853818 0.862653 0.867507
420 41.549702 41.723609 41.825511 0.858018 0.863619 0.871618
430 41.510610 41.707928 41.771220 0.859660 0.864183 0.871639
440 41.502323 41.692863 41.766245 0.860973 0.864677 0.871639
450 41.486317 41.677493 41.766245 0.860973 0.864971 0.871639
460 41.486317 41.660524 41.750718 0.860973 0.865396 0.871639
470 41.479027 41.643388 41.745480 0.861165 0.865804 0.871639
480 41.479027 41.625388 41.720365 0.862743 0.866316 0.871639
490 41.479027 41.607743 41.706342 0.862909 0.866768 0.871639
500 41.479027 41.591987 41.681227 0.862909 0.867148 0.871639
510 41.441483 41.576048 41.651238 0.863153 0.867665 0.873441
520 41.441483 41.561076 41.647994 0.863956 0.868220 0.873441
530 41.428731 41.545144 41.628397 0.863956 0.868624 0.873441
540 41.428731 41.531664 41.612549 0.865422 0.869099 0.873441
550 41.405435 41.517106 41.611181 0.865422 0.869570 0.874949
560 41.405435 41.501558 41.599928 0.866426 0.870139 0.874949
570 41.405435 41.488544 41.560422 0.867159 0.870627 0.874949
580 41.367116 41.474566 41.542054 0.867224 0.871165 0.876355
590 41.367116 41.461638 41.516747 0.868670 0.871790 0.876355
600 41.367116 41.452466 41.514495 0.868670 0.872272 0.876355
610 41.367116 41.442607 41.502323 0.869014 0.872809 0.876355
620 41.367116 41.434984 41.479027 0.870652 0.873208 0.876355
630 41.367116 41.428351 41.479027 0.870652 0.873586 0.876355
640 41.367116 41.419542 41.479027 0.870652 0.874053 0.876355
650 41.367116 41.411649 41.479027 0.870652 0.874494 0.876355
660 41.367116 41.406547 41.441483 0.870896 0.874694 0.876355
670 41.367116 41.401109 41.441483 0.870896 0.874896 0.876355
680 41.367116 41.396242 41.405435 0.874470 0.875183 0.876355
690 41.367116 41.394409 41.405435 0.874470 0.875235 0.876355
700 41.367116 41.391810 41.405435 0.874470 0.875314 0.876355
710 41.367116 41.388827 41.405435 0.874470 0.875408 0.876355
720 41.367116 41.385378 41.405435 0.874470 0.875535 0.876355
730 41.367116 41.381546 41.405435 0.874470 0.875675 0.876355
740 41.367116 41.377947 41.405435 0.874470 0.875799 0.876355
750 41.367116 41.374115 41.405435 0.874470 0.875940 0.876355
760 41.367116 41.370734 41.390412 0.874470 0.876087 0.876355
770 41.367116 41.368404 41.390412 0.874470 0.876251 0.876355
780 41.367116 41.367116 41.367116 0.876355 0.876355 0.876355
790 41.367116 41.367116 41.367116 0.876355 0.876355 0.876355
800 41.367116 41.367116 41.367116 0.876355 0.876355 0.876355
810 41.367116 41.367116 41.367116 0.876355 0.876355 0.876355
820 41.367116 41.367116 41.367116 0.876355 0.876355 0.876355
830 41.367116 41.367116 41.367116 0.876355 0.876355 0.876355
840 41.367116 41.367116 41.367116 0.876355 0.876355 0.876355
850 41.367116 41.367116 41.367116 0.876355 0.876355 0.876355
860 41.367116 41.367116 41.367116 0.876355 0.876355 0.876355
870 41.367116 41.367116 41.367116 0.876355 0.876355 0.876355
880 41.367116 41.367116 41.367116 0.876355 0.876355 0.876355
890 41.367116 41.367116 41.367116 0.876355 0.876355 0.876355
900 41.367116 41.367116 41.367116 0.876355 0.876355 0.876355
910 41.367116 41.367116 41.367116 0.876355 0.876355 0.876355
920 41.367116 41.367116 41.367116 0.876355 0.876355 0.876355
930 41.367116 41.367116 41.367116 0.876355 0.876355 0.876355
940 41.367116 41.367116 41.367116 0.876355 0.876355 0.876355
950 41.367116 41.367116 41.367116 0.876355 0.876355 0.876355
960 41.367116 41.367116 41.367116 0.876355 0.876355 0.876355
970 41.367116 41.367116 41.367116 0.876355 0.876355 0.876355
980 41.367116 41.367116 41.367116 0.876355 0.876355 0.876355
990 41.367116 41.367116 41.367116 0.876355 0.876355 0.876355
1000 41.367116 41.367116 41.367116 0.876355 0.876355 0.876355
1010 41.367116 41.367116 41.367116 0.876355 0.876355 0.876355
1020 41.367116 41.367116 41.367116 0.876355 0.876355 0.876355
1030 41.367116 41.367116 41.367116 0.876355 0.876355 0.876355
1040 41.367116 41.367116 41.367116 0.876355 0.876355 0.876355
1050 41.367116 41.367116 41.367116 0.876355 0.876355 0.876355
1060 41.367116 41.367116 41.367116 0.876355 0.876355 0.876355
1070 41.367116 41.367116 41.367116 0.876355 0.876355 0.876355
1080 41.367116 41.367116 41.367116 0.876355 0.876355 0.876355
1090 41.367116 41.367116 41.367116 0.876355 0.876355 0.876355
1100 41.367116 41.367116 41.367116 0.876355 0.876355 0.876355
1110 41.367116 41.367116 41.367116 0.876355 0.876355 0.876355
1120 41.367116 41.367116 41.367116 0.876355 0.876355 0.876355
1130 41.367116 41.367116 41.367116 0.876355 0.876355 0.876355
1140 41.367116 41.367116 41.367116 0.876355 0.876355 0.876355
1150 41.367116 41.367116 41.367116 0.876355 0.876355 0.876355
1160 41.367116 41.367116 41.367116 0.876355 0.876355 0.876355
1170 41.367116 41.367116 41.367116 0.876355 0.876355 0.876355
1180 41.367116 41.367116 41.367116 0.876355 0.876355 0.876355
1190 41.367116 41.367116 41.367116 0.876355 0.876355 0.876355
1200 41.367116 41.367116 41.367116 0.876355 0.876355 0.876355
1210 41.367116 41.367116 41.367116 0.876355 0.876355 0.876355
1220 41.367116 41.367116 41.367116 0.876355 0.876355 0.876355
1230 41.367116 41.367116 41.367116 0.876355 0.876355 0.876355
1240 41.367116 41.367116 41.367116 0.876355 0.876355 0.876355
1250 41.367116 41.367116 41.367116 0.876355 0.876355 0.876355
1260 41.367116 41.367116 41.367116 0.876355 0.876355 0.876355
1270 41.367116 41.367116 41.367116 0.876355 0.876355 0.876355
1280 41.367116 41.367116 41.367116 0.876355 0.876355 0.876355
1290 41.367116 41.367116 41.367116 0.876355 0.876355 0.876355
1300 41.367116 41.367116 41.367116 0.876355 0.876355 0.876355
1310 41.367116 41.367116 41.367116 0.876355 0.876355 0.876355
1320 41.367116 41.367116 41.367116 0.876355 0.876355 0.876355
1330 41.367116 41.367116 41.367116 0.876355 0.876355 0.876355
1340 41.367116 41.367116 41.367116 0.876355 0.876355 0.876355
1350 41.367116 41.367116 41.367116 0.876355 0.876355 0.876355
1360 41.367116 41.367116 41.367116 0.876355 0.876355 0.876355
1370 41.367116 41.367116 41.367116 0.876355 0.876355 0.876355
1380 41.367116 41.367116 41.367116 0.876355 0.876355 0.876355
1390 41.367116 41.367116 41.367116 0.876355 0.876355 0.876355
1400 41.367116 41.367116 41.367116 0.876355 0.876355 0.876355
1410 41.367116 41.367116 41.367116 0.876355 0.876355 0.876355
1420 41.367116 41.367116 41.367116 0.876355 0.876355 0.876355
1430 41.367116 41.367116 41.367116 0.876355 0.876355 0.876355
1440 41.367116 41.367116 41.367116 0.876355 0.876355 0.876355
1450 41.367116 41.367116 41.367116 0.876355 0.876355 0.876355
1460 41.367116 41.367116 41.367116 0.876355 0.876355 0.876355
1470 41.367116 41.367116 41.367116 0.876355 0.876355 0.876355
1480 41.367116 41.367116 41.367116 0.876355 0.876355 0.876355
1490 41.367116 41.367116 41.367116 0.876355 0.876355 0.876355
1500 41.367116 41.367116 41.367116 0.876355 0.876355 0.876355
1510 41.367116 41.367116 41.367116 0.876355 0.876355 0.876355
1520 41.367116 41.367116 41.367116 0.876355 0.876355 0.876355
1530 41.367116 41.367116 41.367116 0.876355 0.876355 0.876355
1540 41.367116 41.367116 41.367116 0.876355 0.876355 0.876355
1550 41.367116 41.367116 41.367116 0.876355 0.876355 0.876355
1560 41.367116 41.367116 41.367116 0.876355 0.876355 0.876355
1570 41.367116 41.367116 41.367116 0.876355 0.876355 0.876355
1580 41.367116 41.367116 41.367116 0.876355 0.876355 0.876355
1590 41.367116 41.367116 41.367116 0.876355 0.876355 0.876355
1600 41.367116 41.367116 41.367116 0.876355 0.876355 0.876355
1610 41.367116 41.367116 41.367116 0.876355 0.876355 0.876355
1620 41.367116 41.367116 41.367116 0.876355 0.876355 0.876355
1630 41.367116 41.367116 41.367116 0.876355 0.876355 0.876355
1640 41.367116 41.367116 41.367116 0.876355 0.876355 0.876355
1650 41.367116 41.367116 41.367116 0.876355 0.876355 0.876355
1660 41.367116 41.367116 41.367116 0.876355 0.876355 0.876355
1670 41.367116 41.367116 41.367116 0.876355 0.876355 0.876355
1680 41.367116 41.367116 41.367116 0.876355 0.876355 0.876355
1690 41.367116 41.367116 41.367116 0.876355 0.876355 0.876355
1700 41.367116 41.367116 41.367116 0.876355 0.876355 0.876355
1710 41.367116 41.367116 41.367116 0.876355 0.876355 0.876355
1720 41.367116 41.367116 41.367116 0.876355 0.876355 0.876355
1730 41.367116 41.367116 41.367116 0.876355 0.876355 0.876355
1740 41.367116 41.367116 41.367116 0.876355 0.876355 0.876355
1750 41.367116 41.367116 41.367116 0.876355 0.876355 0.876355
1760 41.367116 41.367116 41.367116 0.876355 0.876355 0.876355
1770 41.367116 41.367116 41.367116 0.876355 0.876355 0.876355
1780 41.367116 41.367116 41.367116 0.876355 0.876355 0.876355
1790 41.367116 41.367116 41.367116 0.876355 0.876355 0.876355
1800 41.367116 41.367116 41.367116 0.876355 0.876355 0.876355
1810 41.367116 41.367116 41.367116 0.876355 0.876355 0.876355
1820 41.367116 41.367116 41.367116 0.876355 0.876355 0.876355
1830 41.367116 41.367116 41.367116 0.876355 0.876355 0.876355
1840 41.367116 41.367116 41.367116 0.876355 0.876355 0.876355
1850 41.367116 41.367116 41.367116 0.876355 0.876355 0.876355
1860 41.367116 41.367116 41.367116 0.876355 0.876355 0.876355
1870 41.367116 41.367116 41.367116 0.876355 0.876355 0.876355
1880 41.367116 41.367116 41.367116 0.876355 0.876355 0.876355
1890 41.367116 41.367116 41.367116 0.876355 0.876355 0.876355
1900 41.367116 41.367116 41.367116 0.876355 0.876355 0.876355
1910 41.367116 41.367116 41.367116 0.876355 0.876355 0.876355
1920 41.367116 41.367116 41.367116 0.876355 0.876355 0.876355
1930 41.367116 41.367116 41.367116 0.876355 0.876355 0.876355
1940 41.367116 41.367116 41.367116 0.876355 0.876355 0.876355
1950 41.367116 41.367116 41.367116 0.876355 0.876355 0.876355
1960 41.367116 41.367116 41.367116 0.876355 0.876355 0.876355
1970 41.367116 41.367116 41.367116 0.876355 0.876355 0.876355
1980 41.367116 41.367116 41.367116 0.876355 0.876355 0.876355
1990 41.367116 41.367116 41.367116 0.876355 0.876355 0.876355
2000 41.367116 41.367116 41.367116 0.876355 0.876355 0.876355
2010 41.367116 41.367116 41.367116 0.876355 0.876355 0.876355
2020 41.367116 41.367116 41.367116 0.876355 0.876355 0.876355
2030 41.367116 41.367116 41.367116 0.876355 0.876355 0.876355
2040 41.367116 41.367116 41.367116 0.876355 0.876355 0.876355
2050 41.367116 41.367116 41.367116 0.876355 0.876355 0.876355
2060 41.367116 41.367116 41.367116 0.876355 0.876355 0.876355
2070 41.367116 41.367116 41.367116 0.876355 0.876355 0.876355
2080 41.367116 41.367116 41.367116 0.876355 0.876355 0.876355
2090 41.367116 41.367116 41.367116 0.876355 0.876355 0.876355
2100 41.367116 41.367116 41.367116 0.876355 0.876355 0.876355
2110 41.367116 41.367116 41.367116 0.876355 0.876355 0.876355
2120 41.367116 41.367116 41.367116 0.876355 0.876355 0.876355
2130 41.367116 41.367116 41.367116 0.876355 0.876355 0.876355
2140 41.367116 41.367116 41.367116 0.876355 0.876355 0.876355
2150 41.367116 41.367116 41.367116 0.876355 0.876355 0.876355
2160 41.367116 41.367116 41.367116 0.876355 0.876355 0.876355
2170 41.367116 41.367116 41.367116 0.876355 0.876355 0.876355
2180 41.367116 41.367116 41.367116 0.876355 0.876355 0.876355
2190 41.367116 41.367116 41.367116 0.876355 0.876355 0.876355
2200 41.367116 41.367116 41.367116 0.876355 0.876355 0.876355
2210 41.367116 41.367116 41.367116 0.876355 0.876355 0.876355
2220 41.367116 41.367116 41.367116 0.876355 0.876355 0.876355
2230 41.367116 41.367116 41.367116 0.876355 0.876355 0.876355
2240 41.367116 41.367116 41.367116 0.876355 0.876355 0.876355
2250 41.367116 41.367116 41.367116 0.876355 0.876355 0.876355
2260 41.367116 41.367116 41.367116 0.876355 0.876355 0.876355
2270 41.367116 41.367116 41.367116 0.876355 0.876355 0.876355
2280 41.367116 41.367116 41.367116 0.876355 0.876355 0.876355
2290 41.367116 41.367116 41.367116 0.876355 0.876355 0.876355
2300 41.367116 41.367116 41.367116 0.876355 0.876355 0.876355
2310 41.367116 41.367116 41.367116 0.876355 0.876355 0.876355
2320 41.367116 41.367116 41.367116 0.876355 0.876355 0.876355
2330 41.367116 41.367116 41.367116 0.876355 0.876355 0.876355
2340 41.367116 41.367116 41.367116 0.876355 0.876355 0.876355
2350 41.367116 41.367116 41.367116 0.876355 0.876355 0.876355
2360 41.367116 41.367116 41.367116 0.876355 0.876355 0.876355
2370 41.367116 41.367116 41.367116 0.876355 0.876355 0.876355
2380 41.367116 41.367116 41.367116 0.876355 0.876355 0.876355
2390 41.367116 41.367116 41.367116 0.876355 0.876355 0.876355
2400 41.367116 41.367116 41.367116 0.876355 0.876355 0.876355
2410 41.367116 41.367116 41.367116 0.876355 0.876355 0.876355
2420 41.367116 41.367116 41.367116 0.876355 0.876355 0.876355
2430 41.367116 41.367116 41.367116 0.876355 0.876355 0.876355
2440 41.367116 41.367116 41.367116 0.876355 0.876355 0.876355
2450 41.367116 41.367116 41.367116 0.876355 0.876355 0.876355
2460 41.367116 41.367116 41.367116 0.876355 0.876355 0.876355
2470 41.367116 41.367116 41.367116 0.876355 0.876355 0.876355
2480 41.367116 41.367116 41.367116 0.876355 0.876355 0.876355
2490 41.367116 41.367116 41.367116 0.876355 0.876355 0.876355
2500 41.367116 41.367116 41.367116 0.876355 0.876355 0.876355
2510 41.367116 41.367116 41.367116 0.876355 0.876355 0.876355
2520 41.367116 41.367116 41.367116 0.876355 0.876355 0.876355
2530 41.367116 41.367116 41.367116 0.876355 0.876355 0.876355
2540 41.367116 41.367116 41.367116 0.876355 0.876355 0.876355
2550 41.367116 41.367116 41.367116 0.876355 0.876355 0.876355
2560 41.367116 41.367116 41.367116 0.876355 0.876355 0.876355
2570 41.367116 41.367116 41.367116 0.876355 0.876355 0.876355
2580 41.367116 41.367116 41.367116 0.876355 0.876355 0.876355
2590 41.367116 41.367116 41.367116 0.876355 0.876355 0.876355
2600 41.367116 41.367116 41.367116 0.876355 0.876355 0.876355
2610 41.367116 41.367116 41.367116 0.876355 0.876355 0.876355
2620 41.367116 41.367116 41.367116 0.876355 0.876355 0.876355
2630 41.367116 41.367116 41.367116 0.876355 0.876355 0.876355
2640 41.367116 41.367116 41.367116 0.876355 0.876355 0.876355
2650 41.367116 41.367116 41.367116 0.876355 0.876355 0.876355
2660 41.367116 41.367116 41.367116 0.876355 0.876355 0.876355
2670 41.367116 41.367116 41.367116 0.876355 0.876355 0.876355
2680 41.367116 41.367116 41.367116 0.876355 0.876355 0.876355
2690 41.367116 41.367116 41.367116 0.876355 0.876355 0.876355
2700 41.367116 41.367116 41.367116 0.876355 0.876355 0.876355
2710 41.367116 41.367116 41.367116 0.876355 0.876355 0.876355
2720 41.367116 41.367116 41.367116 0.876355 0.876355 0.876355
2730 41.367116 41.367116 41.367116 0.876355 0.876355 0.876355
2740 41.367116 41.367116 41.367116 0.876355 0.876355 0.876355
2750 41.367116 41.367116 41.367116 0.876355 0.876355 0.876355
2760 41.367116 41.367116 41.367116 0.876355 0.876355 0.876355
2770 41.367116 41.367116 41.367116 0.876355 0.876355 0.876355
2780 41.367116 41.367116 41.367116 0.876355 0.876355 0.876355
2790 41.367116 41.367116 41.367116 0.876355 0.876355 0.876355
2800 41.367116 41.367116 41.367116 0.876355 0.876355 0.876355
2810 41.367116 41.367116 41.367116 0.876355 0.876355 0.876355
2820 41.367116 41.367116 41.367116 0.876355 0.876355 0.876355
2830 41.367116 41.367116 41.367116 0.876355 0.876355 0.876355
2840 41.367116 41.367116 41.367116 0.876355 0.876355 0.876355
2850 41.367116 41.367116 41.367116 0.876355 0.876355 0.876355
2860 41.367116 41.367116 41.367116 0.876355 0.876355 0.876355
2870 41.367116 41.367116 41.367116 0.876355 0.876355 0.876355
2880 41.367116 41.367116 41.367116 0.876355 0.876355 0.876355
2890 41.367116 41.367116 41.367116 0.876355 0.876355 0.876355
2900 41.367116 41.367116 41.367116 0.876355 0.876355 0.876355
2910 41.367116 41.367116 41.367116 0.876355 0.876355 0.876355
2920 41.367116 41.367116 41.367116 0.876355 0.876355 0.876355
2930 41.367116 41.367116 41.367116 0.876355 0.876355 0.876355
2940 41.367116 41.367116 41.367116 0.876355 0.876355 0.876355
2950 41.367116 41.367116 41.367116 0.876355 0.876355 0.876355
2960 41.367116 41.367116 41.367116 0.876355 0.876355 0.876355
2970 41.367116 41.367116 41.367116 0.876355 0.876355 0.876355
2980 41.367116 41.367116 41.367116 0.876355 0.876355 0.876355
2990 41.367116 41.367116 41.367116 0.876355 0.876355 0.876355
3000 41.367116 41.367116 41.367116 0.876355 0.876355 0.876355
3010 41.367116 41.367116 41.367116 0.876355 0.876355 0.876355
3020 41.367116 41.367116 41.367116 0.876355 0.876355 0.876355
3030 41.367116 41.367116 41.367116 0.876355 0.876355 0.876355
3040 41.367116 41.367116 41.367116 0.876355 0.876355 0.876355
3050 41.367116 41.367116 41.367116 0.876355 0.876355 0.876355
3060 41.367116 41.367116 41.367116 0.876355 0.876355 0.876355
3070 41.367116 41.367116 41.367116 0.876355 0.876355 0.876355
3080 41.367116 41.367116 41.367116 0.876355 0.876355 0.876355
3090 41.367116 41.367116 41.367116 0.876355 0.876355 0.876355
3100 41.367116 41.367116 41.367116 0.876355 0.876355 0.876355
3110 41.367116 41.367116 41.367116 0.876355 0.876355 0.876355
3120 41.367116 41.367116 41.367116 0.876355 0.876355 0.876355
3130 41.367116 41.367116 41.367116 0.876355 0.876355 0.876355
3140 41.367116 41.367116 41.367116 0.876355 0.876355 0.876355
3150 41.367116 41.367116 41.367116 0.876355 0.876355 0.876355
3160 41.367116 41.367116 41.367116 0.876355 0.876355 0.876355
3170 41.367116 41.367116 41.367116 0.876355 0.876355 0.876355
3180 41.367116 41.367116 41.367116 0.876355 0.876355 0.876355
3190 41.367116 41.367116 41.367116 0.876355 0.876355 0.876355
3200 41.367116 41.367116 41.367116 0.876355 0.876355 0.876355
3210 41.367116 41.367116 41.367116 0.876355 0.876355 0.876355
3220 41.367116 41.367116 41.367116 0.876355 0.876355 0.876355
3230 41.367116 41.367116 41.367116 0.876355 0.876355 0.876355
3240 41.367116 41.367116 41.367116 0.876355 0.876355 0.876355
3250 41.367116 41.367116 41.367116 0.876355 0.876355 0.876355
3260 41.367116 41.367116 41.367116 0.876355 0.876355 0.876355
3270 41.367116 41.367116 41.367116 0.876355 0.876355 0.876355
3280 41.367116 41.367116 41.367116 0.876355 0.876355 0.876355
3290 41.367116 41.367116 41.367116 0.876355 0.876355 0.876355
3300 41.367116 41.367116 41.367116 0.876355 0.876355 0.876355
3310 41.367116 41.367116 41.367116 0.876355 0.876355 0.876355
3320 41.367116 41.367116 41.367116 0.876355 0.876355 0.876355
3330 41.367116 41.367116 41.367116 0.876355 0.876355 0.876355
3340 41.367116 41.367116 41.367116 0.876355 0.876355 0.876355
3350 41.367116 41.367116 41.367116 0.876355 0.876355 0.876355
3360 41.367116 41.367116 41.367116 0.876355 0.876355 0.876355
3370 41.367116 41.367116 41.367116 0.876355 0.876355 0.876355
3380 41.367116 41.367116 41.367116 0.876355 0.876355 0.876355
3390 41.367116 41.367116 41.367116 0.876355 0.876355 0.876355
3400 41.367116 41.367116 41.367116 0.876355 0.876355 0.876355
3410 41.367116 41.367116 41.367116 0.876355 0.876355 0.876355
3420 41.367116 41.367116 41.367116 0.876355 0.876355 0.876355
3430 41.367116 41.367116 41.367116 0.876355 0.876355 0.876355
3440 41.367116 41.367116 41.367116 0.876355 0.876355 0.876355
3450 41.367116 41.367116 41.367116 0.876355 0.876355 0.876355
3460 41.367116 41.367116 41.367116 0.876355 0.876355 0.876355
3470 41.367116 41.367116 41.367116 0.876355 0.876355 0.876355
3480 41.367116 41.367116 41.367116 0.876355 0.876355 0.876355
3490 41.367116 41.367116 41.367116 0.876355 0.876355 0.876355
3500 41.367116 41.367116 41.367116 0.876355 0.876355 0.876355
3510 41.367116 41.367116 41.367116 0.876355 0.876355 0.876355
3520 41.367116 41.367116 41.367116 0.876355 0.876355 0.876355
3530 41.367116 41.367116 41.367116 0.876355 0.876355 0.876355
3540 41.367116 41.367116 41.367116 0.876355 0.876355 0.876355
3550 41.367116 41.367116 41.367116 0.876355 0.876355 0.876355
3560 41.367116 41.367116 41.367116 0.876355 0.876355 0.876355
3570 41.367116 41.367116 41.367116 0.876355 0.876355 0.876355
3580 41.367116 41.367116 41.367116 0.876355 0.876355 0.876355
3590 41.367116 41.367116 41.367116 0.876355 0.876355 0.876355
3600 41.367116 41.367116 41.367116 0.876355 0.876355 0.876355
3610 41.367116 41.367116 41.367116 0.876355 0.876355 0.876355
3620 41.367116 41.367116 41.367116 0.876355 0.876355 0.876355
3630 41.367116 41.367116 41.367116 0.876355 0.876355 0.876355
3640 41.367116 41.367116 41.367116 0.876355 0.876355 0.876355
3650 41.367116 41.367116 41.367116 0.876355 0.876355 0.876355
3660 41.367116 41.367116 41.367116 0.876355 0.876355 0.876355
3670 41.367116 41.367116 41.367116 0.876355 0.876355 0.876355
3680 41.367116 41.367116 41.367116 0.876355 0.876355 0.876355
3690 41.367116 41.367116 41.367116 0.876355 0.876355 0.876355
3700 41.367116 41.367116 41.367116 0.876355 0.876355 0.876355
3710 41.367116 41.367116 41.367116 0.876355 0.876355 0.876355
3720 41.367116 41.367116 41.367116 0.876355 0.876355 0.876355
3730 41.367116 41.367116 41.367116 0.876355 0.876355 0.876355
3740 41.367116 41.367116 41.367116 0.876355 0.876355 0.876355
3750 41.367116 41.367116 41.367116 0.876355 0.876355 0.876355
3760 41.367116 41.367116 41.367116 0.876355 0.876355 0.876355
3770 41.367116 41.367116 41.367116 0.876355 0.876355 0.876355
3780 41.367116 41.367116 41.367116 0.876355 0.876355 0.876355
3790 41.367116 41.367116 41.367116 0.876355 0.876355 0.876355
3800 41.367116 41.367116 41.367116 0.876355 0.876355 0.876355
3810 41.367116 41.367116 41.367116 0.876355 0.876355 0.876355
3820 41.367116 41.367116 41.367116 0.876355 0.876355 0.876355
3830 41.367116 41.367116 41.367116 0.876355 0.876355 0.876355
3840 41.367116 41.367116 41.367116 0.876355 0.876355 0.876355
3850 41.367116 41.367116 41.367116 0.876355 0.876355 0.876355
3860 41.367116 41.367116 41.367116 0.876355 0.876355 0.876355
3870 41.367116 41.367116 41.367116 0.876355 0.876355 0.876355
3880 41.367116 41.367116 41.367116 0.876355 0.876355 0.876355
3890 41.367116 41.367116 41.367116 0.876355 0.876355 0.876355
3900 41.367116 41.367116 41.367116 0.876355 0.876355 0.876355
3910 41.367116 41.367116 41.367116 0.876355 0.876355 0.876355
3920 41.367116 41.367116 41.367116 0.876355 0.876355 0.876355
3930 41.367116 41.367116 41.367116 0.876355 0.876355 0.876355
3940 41.367116 41.367116 41.367116 0.876355 0.876355 0.876355
3950 41.367116 41.367116 41.367116 0.876355 0.876355 0.876355
3960 41.367116 41.367116 41.367116 0.876355 0.876355 0.876355
3970 41.367116 41.367116 41.367116 0.876355 0.876355 0.876355
3980 41.367116 41.367116 41.367116 0.876355 0.876355 0.876355
3990 41.367116 41.367116 41.367116 0.876355 0.876355 0.876355
4000 41.367116 41.367116 41.367116 0.876355 0.876355 0.876355
4010 41.367116 41.367116 41.367116 0.876355 0.876355 0.876355
4020 41.367116 41.367116 41.367116 0.876355 0.876355 0.876355
4030 41.367116 41.367116 41.367116 0.876355 0.876355 0.876355
4040 41.367116 41.367116 41.367116 0.876355 0.876355 0.876355
4050 41.367116 41.367116 41.367116 0.876355 0.876355 0.876355
4060 41.367116 41.367116 41.367116 0.876355 0.876355 0.876355
4070 41.367116 41.367116 41.367116 0.876355 0.876355 0.876355
4080 41.367116 41.367116 41.367116 0.876355 0.876355 0.876355
4090 41.367116 41.367116 41.367116 0.876355 0.876355 0.876355
4100 41.367116 41.367116 41.367116 0.876355 0.876355 0.876355
4110 41.367116 41.367116 41.367116 0.876355 0.876355 0.876355
4120 41.367116 41.367116 41.367116 0.876355 0.876355 0.876355
4130 41.367116 41.367116 41.367116 0.876355 0.876355 0.876355
4140 41.367116 41.367116 41.367116 0.876355 0.876355 0.876355
4150 41.367116 41.367116 41.367116 0.876355 0.876355 0.876355
4160 41.367116 41.367116 41.367116 0.876355 0.876355 0.876355
4170 41.367116 41.367116 41.367116 0.876355 0.876355 0.876355
4180 41.367116 41.367116 41.367116 0.876355 0.876355 0.876355
4190 41.367116 41.367116 41.367116 0.876355 0.876355 0.876355
4200 41.367116 41.367116 41.367116 0.876355 0.876355 0.876355
4210 41.367116 41.367116 41.367116 0.876355 0.876355 0.876355
4220 41.367116 41.367116 41.367116 0.876355 0.876355 0.876355
4230 41.367116 41.367116 41.367116 0.876355 0.876355 0.876355
4240 41.367116 41.367116 41.367116 0.876355 0.876355 0.876355
4250 41.367116 41.367116 41.367116 0.876355 0.876355 0.876355
4260 41.367116 41.367116 41.367116 0.876355 0.876355 0.876355
4270 41.367116 41.367116 41.367116 0.876355 0.876355 0.876355
4280 41.367116 41.367116 41.367116 0.876355 0.876355 0.876355
4290 41.367116 41.367116 41.367116 0.876355 0.876355 0.876355
4300 41.367116 41.367116 41.367116 0.876355 0.876355 0.876355
4310 41.367116 41.367116 41.367116 0.876355 0.876355 0.876355
4320 41.367116 41.367116 41.367116 0.876355 0.876355 0.876355
4330 41.367116 41.367116 41.367116 0.876355 0.876355 0.876355
4340 41.367116 41.367116 41.367116 0.876355 0.876355 0.876355
4350 41.367116 41.367116 41.367116 0.876355 0.876355 0.876355
4360 41.367116 41.367116 41.367116 0.876355 0.876355 0.876355
4370 41.367116 41.367116 41.367116 0.876355 0.876355 0.876355
4380 41.367116 41.367116 41.367116 0.876355 0.876355 0.876355
4390 41.367116 41.367116 41.367116 0.876355 0.876355 0.876355
4400 41.367116 41.367116 41.367116 0.876355 0.876355 0.876355
4410 41.367116 41.367116 41.367116 0.876355 0.876355 0.876355
4420 41.367116 41.367116 41.367116 0.876355 0.876355 0.876355
4430 41.367116 41.367116 41.367116 0.876355 0.876355 0.876355
4440 41.367116 41.367116 41.367116 0.876355 0.876355 0.876355
4450 41.367116 41.367116 41.367116 0.876355 0.876355 0.876355
4460 41.367116 41.367116 41.367116 0.876355 0.876355 0.876355
4470 41.367116 41.367116 41.367116 0.876355 0.876355 0.876355
4480 41.367116 41.367116 41.367116 0.876355 0.876355 0.876355
4490 41.367116 41.367116 41.367116 0.876355 0.876355 0.876355
4500 41.367116 41.367116 41.367116 0.876355 0.876355 0.876355
4510 41.367116 41.367116 41.367116 0.876355 0.876355 0.876355
4520 41.367116 41.367116 41.367116 0.876355 0.876355 0.876355
4530 41.367116 41.367116 41.367116 0.876355 0.876355 0.876355
4540 41.367116 41.367116 41.367116 0.876355 0.876355 0.876355
4550 41.367116 41.367116 41.367116 0.876355 0.876355 0.876355
4560 41.367116 41.367116 41.367116 0.876355 0.876355 0.876355
4570 41.367116 41.367116 41.367116 0.876355 0.876355 0.876355
4580 41.367116 41.367116 41.367116 0.876355 0.876355 0.876355
4590 41.367116 41.367116 41.367116 0.876355 0.876355 0.876355
4600 41.367116 41.367116 41.367116 0.876355 0.876355 0.876355
4610 41.367116 41.367116 41.367116 0.876355 0.876355 0.876355
4620 41.367116 41.367116 41.367116 0.876355 0.876355 0.876355
4630 41.367116 41.367116 41.367116 0.876355 0.876355 0.876355
4640 41.367116 41.367116 41.367116 0.876355 0.876355 0.876355
4650 41.367116 41.367116 41.367116 0.876355 0.876355 0.876355
4660 41.367116 41.367116 41.367116 0.876355 0.876355 0.876355
4670 41.367116 41.367116 41.367116 0.876355 0.876355 0.876355
4680 41.367116 41.367116 41.367116 0.876355 0.876355 0.876355
4690 41.367116 41.367116 41.367116 0.876355 0.876355 0.876355
4700 41.367116 41.367116 41.367116 0.876355 0.876355 0.876355
4710 41.367116 41.367116 41.367116 0.876355 0.876355 0.876355
4720 41.367116 41.367116 41.367116 0.876355 0.876355 0.876355
4730 41.367116 41.367116 41.367116 0.876355 0.876355 0.876355
4740 41.367116 41.367116 41.367116 0.876355 0.876355 0.876355
4750 41.367116 41.367116 41.367116 0.876355 0.876355 0.876355
4760 41.367116 41.367116 41.367116 0.876355 0.876355 0.876355
4770 41.367116 41.367116 41.367116 0.876355 0.876355 0.876355
4780 41.367116 41.367116 41.367116 0.876355 0.876355 0.876355
4790 41.367116 41.367116 41.367116 0.876355 0.876355 0.876355
4800 41.367116 41.367116 41.367116 0.876355 0.876355 0.876355
4810 41.367116 41.367116 41.367116 0.876355 0.876355 0.876355
4820 41.367116 41.367116 41.367116 0.876355 0.876355 0.876355
4830 41.367116 41.367116 41.367116 0.876355 0.876355 0.876355
4840 41.367116 41.367116 41.367116 0.876355 0.876355 0.876355
4850 41.367116 41.367116 41.367116 0.876355 0.876355 0.876355
4860 41.367116 41.367116 41.367116 0.876355 0.876355 0.876355
4870 41.367116 41.367116 41.367116 0.876355 0.876355 0.876355
4880 41.367116 41.367116 41.367116 0.876355 0.876355 0.876355
4890 41.367116 41.367116 41.367116 0.876355 0.876355 0.876355
4900 41.367116 41.367116 41.367116 0.876355 0.876355 0.876355
4910 41.367116 41.367116 41.367116 0.876355 0.876355 0.876355
4920 41.367116 41.367116 41.367116 0.876355 0.876355 0.876355
4930 41.367116 41.367116 41.367116 0.876355 0.876355 0.876355
4940 41.367116 41.367116 41.367116 0.876355 0.876355 0.876355
4950 41.367116 41.367116 41.367116 0.876355 0.876355 0.876355
4960 41.367116 41.367116 41.367116 0.876355 0.876355 0.876355
4970 41.367116 41.367116 41.367116 0.876355 0.876355 0.876355
4980 41.367116 41.367116 41.367116 0.876355 0.876355 0.876355
4990 41.367116 41.367116 41.367116 0.876355 0.876355 0.876355
5000 41.367116 41.367116 41.367116 0.876355 0.876355 0.876355
5010 41.367116 41.367116 41.367116 0.876355 0.876355 0.876355
5020 41.367116 41.367116 41.367116 0.876355 0.876355 0.876355
5030 41.367116 41.367116 41.367116 0.876355 0.876355 0.876355
5040 41.367116 41.367116 41.367116 0.876355 0.876355 0.876355
5050 41.367116 41.367116 41.367116 0.876355 0.876355 0.876355
5060 41.367116 41.367116 41.367116 0.876355 0.876355 0.876355
5070 41.367116 41.367116 41.367116 0.876355 0.876355 0.876355
5080 41.367116 41.367116 41.367116 0.876355 0.876355 0.876355
5090 41.367116 41.367116 41.367116 0.876355 0.876355 0.876355
5100 41.367116 41.367116 41.367116 0.876355 0.876355 0.876355
5110 41.367116 41.367116 41.367116 0.876355 0.876355 0.876355
5120 41.367116 41.367116 41.367116 0.876355 0.876355 0.876355
5130 41.367116 41.367116 41.367116 0.876355 0.876355 0.876355
5140 41.367116 41.367116 41.367116 0.876355 0.876355 0.876355
5150 41.367116 41.367116 41.367116 0.876355 0.876355 0.876355
5160 41.367116 41.367116 41.367116 0.876355 0.876355 0.876355
5170 41.367116 41.367116 41.367116 0.876355 0.876355 0.876355
5180 41.367116 41.367116 41.367116 0.876355 0.876355 0.876355
5190 41.367116 41.367116 41.367116 0.876355 0.876355 0.876355
5200 41.367116 41.367116 41.367116 0.876355 0.876355 0.876355
5210 41.367116 41.367116 41.367116 0.876355 0.876355 0.876355
5220 41.367116 41.367116 41.367116 0.876355 0.876355 0.876355
5230 41.367116 41.367116 41.367116 0.876355 0.876355 0.876355
5240 41.367116 41.367116 41.367116 0.876355 0.876355 0.876355
5250 41.367116 41.367116 41.367116 0.876355 0.876355 0.876355
5260 41.367116 41.367116 41.367116 0.876355 0.876355 0.876355
5270 41.367116 41.367116 41.367116 0.876355 0.876355 0.876355
5280 41.367116 41.367116 41.367116 0.876355 0.876355 0.876355
5290 41.367116 41.367116 41.367116 0.876355 0.876355 0.876355
5300 41.367116 41.367116 41.367116 0.876355 0.876355 0.876355
5310 41.367116 41.367116 41.367116 0.876355 0.876355 0.876355
5320 41.367116 41.367116 41.367116 0.876355 0.876355 0.876355
5330 41.367116 41.367116 41.367116 0.876355 0.876355 0.876355
5340 41.367116 41.367116 41.367116 0.876355 0.876355 0.876355
5350 41.367116 41.367116 41.367116 0.876355 0.876355 0.876355
5360 41.367116 41.367116 41.367116 0.876355 0.876355 0.876355
5370 41.367116 41.367116 41.367116 0.876355 0.876355 0.876355
5380 41.367116 41.367116 41.367116 0.876355 0.876355 0.876355
5390 41.367116 41.367116 41.367116 0.876355 0.876355 0.876355
5400 41.367116 41.367116 41.367116 0.876355 0.876355 0.876355
5410 41.367116 41.367116 41.367116 0.876355 0.876355 0.876355
5420 41.367116 41.367116 41.367116 0.876355 0.876355 0.876355
5430 41.367116 41.367116 41.367116 0.876355 0.876355 0.876355
5440 41.367116 41.367116 41.367116 0.876355 0.876355 0.876355
5450 41.367116 41.367116 41.367116 0.876355 0.876355 0.876355
5460 41.367116 41.367116 41.367116 0.876355 0.876355 0.876355
5470 41.367116 41.367116 41.367116 0.876355 0.876355 0.876355
5480 41.367116 41.367116 41.367116 0.876355 0.876355 0.876355
5490 41.367116 41.367116 41.367116 0.876355 0.876355 0.876355
5500 41.367116 41.367116 41.367116 0.876355 0.876355 0.876355
5510 41.367116 41.367116 41.367116 0.876355 0.876355 0.876355
5520 41.367116 41.367116 41.367116 0.876355 0.876355 0.876355
5530 41.367116 41.367116 41.367116 0.876355 0.876355 0.876355
5540 41.367116 41.367116 41.367116 0.876355 0.876355 0.876355
5550 41.367116 41.367116 41.367116 0.876355 0.876355 0.876355
5560 41.367116 41.367116 41.367116 0.876355 0.876355 0.876355
5570 41.367116 41.367116 41.367116 0.876355 0.876355 0.876355
5580 41.367116 41.367116 41.367116 0.876355 0.876355 0.876355
5590 41.367116 41.367116 41.367116 0.876355 0.876355 0.876355
5600 41.367116 41.367116 41.367116 0.876355 0.876355 0.876355
5610 41.367116 41.367116 41.367116 0.876355 0.876355 0.876355
5620 41.367116 41.367116 41.367116 0.876355 0.876355 0.876355
5630 41.367116 41.367116 41.367116 0.876355 0.876355 0.876355
5640 41.367116 41.367116 41.367116 0.876355 0.876355 0.876355
5650 41.367116 41.367116 41.367116 0.876355 0.876355 0.876355
5660 41.367116 41.367116 41.367116 0.876355 0.876355 0.876355
5670 41.367116 41.367116 41.367116 0.876355 0.876355 0.876355
5680 41.367116 41.367116 41.367116 0.876355 0.876355 0.876355
5690 41.367116 41.367116 41.367116 0.876355 0.876355 0.876355
5700 41.367116 41.367116 41.367116 0.876355 0.876355 0.876355
5710 41.367116 41.367116 41.367116 0.876355 0.876355 0.876355
5720 41.367116 41.367116 41.367116 0.876355 0.876355 0.876355
5730 41.367116 41.367116 41.367116 0.876355 0.876355 0.876355
5740 41.367116 41.367116 41.367116 0.876355 0.876355 0.876355
5750 41.367116 41.367116 41.367116 0.876355 0.876355 0.876355
5760 41.367116 41.367116 41.367116 0.876355 0.876355 0.876355
5770 41.367116 41.367116 41.367116 0.876355 0.876355 0.876355
5780 41.367116 41.367116 41.367116 0.876355 0.876355 0.876355
5790 41.367116 41.367116 41.367116 0.876355 0.876355 0.876355
5800 41.367116 41.367116 41.367116 0.876355 0.876355 0.876355
5810 41.367116 41.367116 41.367116 0.876355 0.876355 0.876355
5820 41.367116 41.367116 41.367116 0.876355 0.876355 0.876355
5830 41.367116 41.367116 41.367116 0.876355 0.876355 0.876355
5840 41.367116 41.367116 41.367116 0.876355 0.876355 0.876355
5850 41.367116 41.367116 41.367116 0.876355 0.876355 0.876355
5860 41.367116 41.367116 41.367116 0.876355 0.876355 0.876355
5870 41.367116 41.367116 41.367116 0.876355 0.876355 0.876355
5880 41.367116 41.367116 41.367116 0.876355 0.876355 0.876355
5890 41.367116 41.367116 41.367116 0.876355 0.876355 0.876355
5900 41.367116 41.367116 41.367116 0.876355 0.876355 0.876355
5910 41.367116 41.367116 41.367116 0.876355 0.876355 0.876355
5920 41.367116 41.367116 41.367116 0.876355 0.876355 0.876355
5930 41.367116 41.367116 41.367116 0.876355 0.876355 0.876355
5940 41.367116 41.367116 41.367116 0.876355 0.876355 0.876355
5950 41.367116 41.367116 41.367116 0.876355 0.876355 0.876355
5960 41.367116 41.367116 41.367116 0.876355 0.876355 0.876355
5970 41.367116 41.367116 41.367116 0.876355 0.876355 0.876355
5980 41.367116 41.367116 41.367116 0.876355 0.876355 0.876355
5990 41.367116 41.367116 41.367116 0.876355 0.876355 0.876355
6000 41.367116 41.367116 41.367116 0.876355 0.876355 0.876355
6010 41.367116 41.367116 41.367116 0.876355 0.876355 0.876355
6020 41.367116 41.367116 41.367116 0.876355 0.876355 0.876355
6030 41.367116 41.367116 41.367116 0.876355 0.876355 0.876355
6040 41.367116 41.367116 41.367116 0.876355 0.876355 0.876355
6050 41.367116 41.367116 41.367116 0.876355 0.876355 0.876355
6060 41.367116 41.367116 41.367116 0.876355 0.876355 0.876355
6070 41.367116 41.367116 41.367116 0.876355 0.876355 0.876355
6080 41.367116 41.367116 41.367116 0.876355 0.876355 0.876355
6090 41.367116 41.367116 41.367116 0.876355 0.876355 0.876355
6100 41.367116 41.367116 41.367116 0.876355 0.876355 0.876355
6110 41.367116 41.367116 41.367116 0.876355 0.876355 0.876355
6120 41.367116 41.367116 41.367116 0.876355 0.876355 0.876355
6130 41.367116 41.367116 41.367116 0.876355 0.876355 0.876355
6140 41.367116 41.367116 41.367116 0.876355 0.876355 0.876355
6150 41.367116 41.367116 41.367116 0.876355 0.876355 0.876355
6160 41.367116 41.367116 41.367116 0.876355 0.876355 0.876355
6170 41.367116 41.367116 41.367116 0.876355 0.876355 0.876355
6180 41.367116 41.367116 41.367116 0.876355 0.876355 0.876355
6190 41.367116 41.367116 41.367116 0.876355 0.876355 0.876355
6200 41.367116 41.367116 41.367116 0.876355 0.876355 0.876355
6210 41.367116 41.367116 41.367116 0.876355 0.876355 0.876355
6220 41.367116 41.367116 41.367116 0.876355 0.876355 0.876355
6230 41.367116 41.367116 41.367116 0.876355 0.876355 0.876355
6240 41.367116 41.367116 41.367116 0.876355 0.876355 0.876355
6250 41.367116 41.367116 41.367116 0.876355 0.876355 0.876355
6260 41.367116 41.367116 41.367116 0.876355 0.876355 0.876355
6270 41.367116 41.367116 41.367116 0.876355 0.876355 0.876355
6280 41.367116 41.367116 41.367116 0.876355 0.876355 0.876355
6290 41.367116 41.367116 41.367116 0.876355 0.876355 0.876355
6300 41.367116 41.367116 41.367116 0.876355 0.876355 0.876355
6310 41.367116 41.367116 41.367116 0.876355 0.876355 0.876355
6320 41.367116 41.367116 41.367116 0.876355 0.876355 0.876355
6330 41.367116 41.367116 41.367116 0.876355 0.876355 0.876355
6340 41.367116 41.367116 41.367116 0.876355 0.876355 0.876355
6350 41.367116 41.367116 41.367116 0.876355 0.876355 0.876355
6360 41.367116 41.367116 41.367116 0.876355 0.876355 0.876355
6370 41.367116 41.367116 41.367116 0.876355 0.876355 0.876355
6380 41.367116 41.367116 41.367116 0.876355 0.876355 0.876355
6390 41.367116 41.367116 41.367116 0.876355 0.876355 0.876355
6400 41.367116 41.367116 41.367116 0.876355 0.876355 0.876355
6410 41.367116 41.367116 41.367116 0.876355 0.876355 0.876355
6420 41.367116 41.367116 41.367116 0.876355 0.876355 0.876355
6430 41.367116 41.367116 41.367116 0.876355 0.876355 0.876355
6440 41.367116 41.367116 41.367116 0.876355 0.876355 0.876355
6450 41.367116 41.367116 41.367116 0.876355 0.876355 0.876355
6460 41.367116 41.367116 41.367116 0.876355 0.876355 0.876355
6470 41.367116 41.367116 41.367116 0.876355 0.876355 0.876355
6480 41.367116 41.367116 41.367116 0.876355 0.876355 0.876355
6490 41.367116 41.367116 41.367116 0.876355 0.876355 0.876355
6500 41.367116 41.367116 41.367116 0.876355 0.876355 0.876355
6510 41.367116 41.367116 41.367116 0.876355 0.876355 0.876355
6520 41.367116 41.367116 41.367116 0.876355 0.876355 0.876355
6530 41.367116 41.367116 41.367116 0.876355 0.876355 0.876355
6540 41.367116 41.367116 41.367116 0.876355 0.876355 0.876355
6550 41.367116 41.367116 41.367116 0.876355 0.876355 0.876355
6560 41.367116 41.367116 41.367116 0.876355 0.876355 0.876355
6570 41.367116 41.367116 41.367116 0.876355 0.876355 0.876355
6580 41.367116 41.367116 41.367116 0.876355 0.876355 0.876355
6590 41.367116 41.367116 41.367116 0.876355 0.876355 0.876355
6600 41.367116 41.367116 41.367116 0.876355 0.876355 0.876355
6610 41.367116 41.367116 41.367116 0.876355 0.876355 0.876355
6620 41.367116 41.367116 41.367116 0.876355 0.876355 0.876355
6630 41.367116 41.367116 41.367116 0.876355 0.876355 0.876355
6640 41.367116 41.367116 41.367116 0.876355 0.876355 0.876355
6650 41.367116 41.367116 41.367116 0.876355 0.876355 0.876355
6660 41.367116 41.367116 41.367116 0.876355 0.876355 0.876355
6670 41.367116 41.367116 41.367116 0.876355 0.876355 0.876355
6680 41.367116 41.367116 41.367116 0.876355 0.876355 0.876355
6690 41.367116 41.367116 41.367116 0.876355 0.876355 0.876355
6700 41.367116 41.367116 41.367116 0.876355 0.876355 0.876355
6710 41.367116 41.367116 41.367116 0.876355 0.876355 0.876355
6720 41.367116 41.367116 41.367116 0.876355 0.876355 0.876355
6730 41.367116 41.367116 41.367116 0.876355 0.876355 0.876355
6740 41.367116 41.367116 41.367116 0.876355 0.876355 0.876355
6750 41.367116 41.367116 41.367116 0.876355 0.876355 0.876355
6760 41.367116 41.367116 41.367116 0.876355 0.876355 0.876355
6770 41.367116 41.367116 41.367116 0.876355 0.876355 0.876355
6780 41.367116 41.367116 41.367116 0.876355 0.876355 0.876355
6790 41.367116 41.367116 41.367116 0.876355 0.876355 0.876355
6800 41.367116 41.367116 41.367116 0.876355 0.876355 0.876355
6810 41.367116 41.367116 41.367116 0.876355 0.876355 0.876355
6820 41.367116 41.367116 41.367116 0.876355 0.876355 0.876355
6830 41.367116 41.367116 41.367116 0.876355 0.876355 0.876355
6840 41.367116 41.367116 41.367116 0.876355 0.876355 0.876355
6850 41.367116 41.367116 41.367116 0.876355 0.876355 0.876355
6860 41.367116 41.367116 41.367116 0.876355 0.876355 0.876355
6870 41.367116 41.367116 41.367116 0.876355 0.876355 0.876355
6880 41.367116 41.367116 41.367116 0.876355 0.876355 0.876355
6890 41.367116 41.367116 41.367116 0.876355 0.876355 0.876355
6900 41.367116 41.367116 41.367116 0.876355 0.876355 0.876355
6910 41.367116 41.367116 41.367116 0.876355 0.876355 0.876355
6920 41.367116 41.367116 41.367116 0.876355 0.876355 0.876355
6930 41.367116 41.367116 41.367116 0.876355 0.876355 0.876355
6940 41.367116 41.367116 41.367116 0.876355 0.876355 0.876355
6950 41.367116 41.367116 41.367116 0.876355 0.876355 0.876355
6960 41.367116 41.367116 41.367116 0.876355 0.876355 0.876355
6970 41.367116 41.367116 41.367116 0.876355 0.876355 0.876355
6980 41.367116 41.367116 41.367116 0.876355 0.876355 0.876355
6990 41.367116 41.367116 41.367116 0.876355 0.876355 0.876355
7000 41.367116 41.367116 41.367116 0.876355 0.876355 0.876355
7010 41.367116 41.367116 41.367116 0.876355 0.876355 0.876355
7020 41.367116 41.367116 41.367116 0.876355 0.876355 0.876355
7030 41.367116 41.367116 41.367116 0.876355 0.876355 0.876355
7040 41.367116 41.367116 41.367116 0.876355 0.876355 0.876355
7050 41.367116 41.367116 41.367116 0.876355 0.876355 0.876355
7060 41.367116 41.367116 41.367116 0.876355 0.876355 0.876355
7070 41.367116 41.367116 41.367116 0.876355 0.876355 0.876355
7080 41.367116 41.367116 41.367116 0.876355 0.876355 0.876355
7090 41.367116 41.367116 41.367116 0.876355 0.876355 0.876355
7100 41.367116 41.367116 41.367116 0.876355 0.876355 0.876355
7110 41.367116 41.367116 41.367116 0.876355 0.876355 0.876355
7120 41.367116 41.367116 41.367116 0.876355 0.876355 0.876355
7130 41.367116 41.367116 41.367116 0.876355 0.876355 0.876355
7140 41.367116 41.367116 41.367116 0.876355 0.876355 0.876355
7150 41.367116 41.367116 41.367116 0.876355 0.876355 0.876355
7160 41.367116 41.367116 41.367116 0.876355 0.876355 0.876355
7170 41.367116 41.367116 41.367116 0.876355 0.876355 0.876355
7180 41.367116 41.367116 41.367116 0.876355 0.876355 0.876355
7190 41.367116 41.367116 41.367116 0.876355 0.876355 0.876355
7200 41.367116 41.367116 41.367116 0.876355 0.876355 0.876355
7210 41.367116 41.367116 41.367116 0.876355 0.876355 0.876355
7220 41.367116 41.367116 41.367116 0.876355 0.876355 0.876355
7230 41.367116 41.367116 41.367116 0.876355 0.876355 0.876355
7240 41.367116 41.367116 41.367116 0.876355 0.876355 0.876355
7250 41.367116 41.367116 41.367116 0.876355 0.876355 0.876355
7260 41.367116 41.367116 41.367116 0.876355 0.876355 0.876355
7270 41.367116 41.367116 41.367116 0.876355 0.876355 0.876355
7280 41.367116 41.367116 41.367116 0.876355 0.876355 0.876355
7290 41.367116 41.367116 41.367116 0.876355 0.876355 0.876355
7300 41.367116 41.367116 41.367116 0.876355 0.876355 0.876355
7310 41.367116 41.367116 41.367116 0.876355 0.876355 0.876355
7320 41.367116 41.367116 41.367116 0.876355 0.876355 0.876355
7330 41.367116 41.367116 41.367116 0.876355 0.876355 0.876355
7340 41.367116 41.367116 41.367116 0.876355 0.876355 0.876355
7350 41.367116 41.367116 41.367116 0.876355 0.876355 0.876355
7360 41.367116 41.367116 41.367116 0.876355 0.876355 0.876355
7370 41.367116 41.367116 41.367116 0.876355 0.876355 0.876355
7380 41.367116 41.367116 41.367116 0.876355 0.876355 0.876355
7390 41.367116 41.367116 41.367116 0.876355 0.876355 0.876355
7400 41.367116 41.367116 41.367116 0.876355 0.876355 0.876355
7410 41.367116 41.367116 41.367116 0.876355 0.876355 0.876355
7420 41.367116 41.367116 41.367116 0.876355 0.876355 0.876355
7430 41.367116 41.367116 41.367116 0.876355 0.876355 0.876355
7440 41.367116 41.367116 41.367116 0.876355 0.876355 0.876355
7450 41.367116 41.367116 41.367116 0.876355 0.876355 0.876355
7460 41.367116 41.367116 41.367116 0.876355 0.876355 0.876355
7470 41.367116 41.367116 41.367116 0.876355 0.876355 0.876355
7480 41.367116 41.367116 41.367116 0.876355 0.876355 0.876355
7490 41.367116 41.367116 41.367116 0.876355 0.876355 0.876355
7500 41.367116 41.367116 41.367116 0.876355 0.876355 0.876355
7510 41.367116 41.367116 41.367116 0.876355 0.876355 0.876355
7520 41.367116 41.367116 41.367116 0.876355 0.876355 0.876355
7530 41.367116 41.367116 41.367116 0.876355 0.876355 0.876355
7540 41.367116 41.367116 41.367116 0.876355 0.876355 0.876355
7550 41.367116 41.367116 41.367116 0.876355 0.876355 0.876355
7560 41.367116 41.367116 41.367116 0.876355 0.876355 0.876355
7570 41.367116 41.367116 41.367116 0.876355 0.876355 0.876355
7580 41.367116 41.367116 41.367116 0.876355 0.876355 0.876355
7590 41.367116 41.367116 41.367116 0.876355 0.876355 0.876355
7600 41.367116 41.367116 41.367116 0.876355 0.876355 0.876355
7610 41.367116 41.367116 41.367116 0.876355 0.876355 0.876355
7620 41.367116 41.367116 41.367116 0.876355 0.876355 0.876355
7630 41.367116 41.367116 41.367116 0.876355 0.876355 0.876355
7640 41.367116 41.367116 41.367116 0.876355 0.876355 0.876355
7650 41.367116 41.367116 41.367116 0.876355 0.876355 0.876355
7660 41.367116 41.367116 41.367116 0.876355 0.876355 0.876355
7670 41.367116 41.367116 41.367116 0.876355 0.876355 0.876355
7680 41.367116 41.367116 41.367116 0.876355 0.876355 0.876355
7690 41.367116 41.367116 41.367116 0.876355 0.876355 0.876355
7700 41.367116 41.367116 41.367116 0.876355 0.876355 0.876355
7710 41.367116 41.367116 41.367116 0.876355 0.876355 0.876355
7720 41.367116 41.367116 41.367116 0.876355 0.876355 0.876355
7730 41.367116 41.367116 41.367116 0.876355 0.876355 0.876355
7740 41.367116 41.367116 41.367116 0.876355 0.876355 0.876355
7750 41.367116 41.367116 41.367116 0.876355 0.876355 0.876355
7760 41.367116 41.367116 41.367116 0.876355 0.876355 0.876355
7770 41.367116 41.367116 41.367116 0.876355 0.876355 0.876355
7780 41.367116 41.367116 41.367116 0.876355 0.876355 0.876355
7790 41.367116 41.367116 41.367116 0.876355 0.876355 0.876355
7800 41.367116 41.367116 41.367116 0.876355 0.876355 0.876355
7810 41.367116 41.367116 41.367116 0.876355 0.876355 0.876355
7820 41.367116 41.367116 41.367116 0.876355 0.876355 0.876355
7830 41.367116 41.367116 41.367116 0.876355 0.876355 0.876355
7840 41.367116 41.367116 41.367116 0.876355 0.876355 0.876355
7850 41.367116 41.367116 41.367116 0.876355 0.876355 0.876355
7860 41.367116 41.367116 41.367116 0.876355 0.876355 0.876355
7870 41.367116 41.367116 41.367116 0.876355 0.876355 0.876355
7880 41.367116 41.367116 41.367116 0.876355 0.876355 0.876355
7890 41.367116 41.367116 41.367116 0.876355 0.876355 0.876355
7900 41.367116 41.367116 41.367116 0.876355 0.876355 0.876355
7910 41.367116 41.367116 41.367116 0.876355 0.876355 0.876355
7920 41.367116 41.367116 41.367116 0.876355 0.876355 0.876355
7930 41.367116 41.367116 41.367116 0.876355 0.876355 0.876355
7940 41.367116 41.367116 41.367116 0.876355 0.876355 0.876355
7950 41.367116 41.367116 41.367116 0.876355 0.876355 0.876355
7960 41.367116 41.367116 41.367116 0.876355 0.876355 0.876355
7970 41.367116 41.367116 41.367116 0.876355 0.876355 0.876355
7980 41.367116 41.367116 41.367116 0.876355 0.876355 0.876355
7990 41.367116 41.367116 41.367116 0.876355 0.876355 0.876355
8000 41.367116 41.367116 41.367116 0.876355 0.876355 0.876355
8010 41.367116 41.367116 41.367116 0.876355 0.876355 0.876355
8020 41.367116 41.367116 41.367116 0.876355 0.876355 0.876355
8030 41.367116 41.367116 41.367116 0.876355 0.876355 0.876355
8040 41.367116 41.367116 41.367116 0.876355 0.876355 0.876355
8050 41.367116 41.367116 41.367116 0.876355 0.876355 0.876355
8060 41.367116 41.367116 41.367116 0.876355 0.876355 0.876355
8070 41.367116 41.367116 41.367116 0.876355 0.876355 0.876355
8080 41.367116 41.367116 41.367116 0.876355 0.876355 0.876355
8090 41.367116 41.367116 41.367116 0.876355 0.876355 0.876355
8100 41.367116 41.367116 41.367116 0.876355 0.876355 0.876355
8110 41.367116 41.367116 41.367116 0.876355 0.876355 0.876355
8120 41.367116 41.367116 41.367116 0.876355 0.876355 0.876355
8130 41.367116 41.367116 41.367116 0.876355 0.876355 0.876355
8140 41.367116 41.367116 41.367116 0.876355 0.876355 0.876355
8150 41.367116 41.367116 41.367116 0.876355 0.876355 0.876355
8160 41.367116 41.367116 41.367116 0.876355 0.876355 0.876355
8170 41.367116 41.367116 41.367116 0.876355 0.876355 0.876355
8180 41.367116 41.367116 41.367116 0.876355 0.876355 0.876355
8190 41.367116 41.367116 41.367116 0.876355 0.876355 0.876355
8200 41.367116 41.367116 41.367116 0.876355 0.876355 0.876355
8210 41.367116 41.367116 41.367116 0.876355 0.876355 0.876355
8220 41.367116 41.367116 41.367116 0.876355 0.876355 0.876355
8230 41.367116 41.367116 41.367116 0.876355 0.876355 0.876355
8240 41.367116 41.367116 41.367116 0.876355 0.876355 0.876355
8250 41.367116 41.367116 41.367116 0.876355 0.876355 0.876355
8260 41.367116 41.367116 41.367116 0.876355 0.876355 0.876355
8270 41.367116 41.367116 41.367116 0.876355 0.876355 0.876355
8280 41.367116 41.367116 41.367116 0.876355 0.876355 0.876355
8290 41.367116 41.367116 41.367116 0.876355 0.876355 0.876355
8300 41.367116 41.367116 41.367116 0.876355 0.876355 0.876355
8310 41.367116 41.367116 41.367116 0.876355 0.876355 0.876355
8320 41.367116 41.367116 41.367116 0.876355 0.876355 0.876355
8330 41.367116 41.367116 41.367116 0.876355 0.876355 0.876355
8340 41.367116 41.367116 41.367116 0.876355 0.876355 0.876355
8350 41.367116 41.367116 41.367116 0.876355 0.876355 0.876355
8360 41.367116 41.367116 41.367116 0.876355 0.876355 0.876355
8370 41.367116 41.367116 41.367116 0.876355 0.876355 0.876355
8380 41.367116 41.367116 41.367116 0.876355 0.876355 0.876355
8390 41.367116 41.367116 41.367116 0.876355 0.876355 0.876355
8400 41.367116 41.367116 41.367116 0.876355 0.876355 0.876355
8410 41.367116 41.367116 41.367116 0.876355 0.876355 0.876355
8420 41.367116 41.367116 41.367116 0.876355 0.876355 0.876355
8430 41.367116 41.367116 41.367116 0.876355 0.876355 0.876355
8440 41.367116 41.367116 41.367116 0.876355 0.876355 0.876355
8450 41.367116 41.367116 41.367116 0.876355 0.876355 0.876355
8460 41.367116 41.367116 41.367116 0.876355 0.876355 0.876355
8470 41.367116 41.367116 41.367116 0.876355 0.876355 0.876355
8480 41.367116 41.367116 41.367116 0.876355 0.876355 0.876355
8490 41.367116 41.367116 41.367116 0.876355 0.876355 0.876355
8500 41.367116 41.367116 41.367116 0.876355 0.876355 0.876355
8510 41.367116 41.367116 41.367116 0.876355 0.876355 0.876355
8520 41.367116 41.367116 41.367116 0.876355 0.876355 0.876355
8530 41.367116 41.367116 41.367116 0.876355 0.876355 0.876355
8540 41.367116 41.367116 41.367116 0.876355 0.876355 0.876355
8550 41.367116 41.367116 41.367116 0.876355 0.876355 0.876355
8560 41.367116 41.367116 41.367116 0.876355 0.876355 0.876355
8570 41.367116 41.367116 41.367116 0.876355 0.876355 0.876355
8580 41.367116 41.367116 41.367116 0.876355 0.876355 0.876355
8590 41.367116 41.367116 41.367116 0.876355 0.876355 0.876355
8600 41.367116 41.367116 41.367116 0.876355 0.876355 0.876355
8610 41.367116 41.367116 41.367116 0.876355 0.876355 0.876355
8620 41.367116 41.367116 41.367116 0.876355 0.876355 0.876355
8630 41.367116 41.367116 41.367116 0.876355 0.876355 0.876355
8640 41.367116 41.367116 41.367116 0.876355 0.876355 0.876355
8650 41.367116 41.367116 41.367116 0.876355 0.876355 0.876355
8660 41.367116 41.367116 41.367116 0.876355 0.876355 0.876355
8670 41.367116 41.367116 41.367116 0.876355 0.876355 0.876355
8680 41.367116 41.367116 41.367116 0.876355 0.876355 0.876355
8690 41.367116 41.367116 41.367116 0.876355 0.876355 0.876355
8700 41.367116 41.367116 41.367116 0.876355 0.876355 0.876355
8710 41.367116 41.367116 41.367116 0.876355 0.876355 0.876355
8720 41.367116 41.367116 41.367116 0.876355 0.876355 0.876355
8730 41.367116 41.367116 41.367116 0.876355 0.876355 0.876355
8740 41.367116 41.367116 41.367116 0.876355 0.876355 0.876355
8750 41.367116 41.367116 41.367116 0.876355 0.876355 0.876355
8760 41.367116 41.367116 41.367116 0.876355 0.876355 0.876355
8770 41.367116 41.367116 41.367116 0.876355 0.876355 0.876355
8780 41.367116 41.367116 41.367116 0.876355 0.876355 0.876355
8790 41.367116 41.367116 41.367116 0.876355 0.876355 0.876355
8800 41.367116 41.367116 41.367116 0.876355 0.876355 0.876355
8810 41.367116 41.367116 41.367116 0.876355 0.876355 0.876355
8820 41.367116 41.367116 41.367116 0.876355 0.876355 0.876355
8830 41.367116 41.367116 41.367116 0.876355 0.876355 0.876355
8840 41.367116 41.367116 41.367116 0.876355 0.876355 0.876355
8850 41.367116 41.367116 41.367116 0.876355 0.876355 0.876355
8860 41.367116 41.367116 41.367116 0.876355 0.876355 0.876355
8870 41.367116 41.367116 41.367116 0.876355 0.876355 0.876355
8880 41.367116 41.367116 41.367116 0.876355 0.876355 0.876355
8890 41.367116 41.367116 41.367116 0.876355 0.876355 0.876355
8900 41.367116 41.367116 41.367116 0.876355 0.876355 0.876355
8910 41.367116 41.367116 41.367116 0.876355 0.876355 0.876355
8920 41.367116 41.367116 41.367116 0.876355 0.876355 0.876355
8930 41.367116 41.367116 41.367116 0.876355 0.876355 0.876355
8940 41.367116 41.367116 41.367116 0.876355 0.876355 0.876355
8950 41.367116 41.367116 41.367116 0.876355 0.876355 0.876355
8960 41.367116 41.367116 41.367116 0.876355 0.876355 0.876355
8970 41.367116 41.367116 41.367116 0.876355 0.876355 0.876355
8980 41.367116 41.367116 41.367116 0.876355 0.876355 0.876355
8990 41.367116 41.367116 41.367116 0.876355 0.876355 0.876355
9000 41.367116 41.367116 41.367116 0.876355 0.876355 0.876355
9010 41.367116 41.367116 41.367116 0.876355 0.876355 0.876355
9020 41.367116 41.367116 41.367116 0.876355 0.876355 0.876355
9030 41.367116 41.367116 41.367116 0.876355 0.876355 0.876355
9040 41.367116 41.367116 41.367116 0.876355 0.876355 0.876355
9050 41.367116 41.367116 41.367116 0.876355 0.876355 0.876355
9060 41.367116 41.367116 41.367116 0.876355 0.876355 0.876355
9070 41.367116 41.367116 41.367116 0.876355 0.876355 0.876355
9080 41.367116 41.367116 41.367116 0.876355 0.876355 0.876355
9090 41.367116 41.367116 41.367116 0.876355 0.876355 0.876355
9100 41.367116 41.367116 41.367116 0.876355 0.876355 0.876355
9110 41.367116 41.367116 41.367116 0.876355 0.876355 0.876355
9120 41.367116 41.367116 41.367116 0.876355 0.876355 0.876355
9130 41.367116 41.367116 41.367116 0.876355 0.876355 0.876355
9140 41.367116 41.367116 41.367116 0.876355 0.876355 0.876355
9150 41.367116 41.367116 41.367116 0.876355 0.876355 0.876355
9160 41.367116 41.367116 41.367116 0.876355 0.876355 0.876355
9170 41.367116 41.367116 41.367116 0.876355 0.876355 0.876355
9180 41.367116 41.367116 41.367116 0.876355 0.876355 0.876355
9190 41.367116 41.367116 41.367116 0.876355 0.876355 0.876355
9200 41.367116 41.367116 41.367116 0.876355 0.876355 0.876355
9210 41.367116 41.367116 41.367116 0.876355 0.876355 0.876355
9220 41.367116 41.367116 41.367116 0.876355 0.876355 0.876355
9230 41.367116 41.367116 41.367116 0.876355 0.876355 0.876355
9240 41.367116 41.367116 41.367116 0.876355 0.876355 0.876355
9250 41.367116 41.367116 41.367116 0.876355 0.876355 0.876355
9260 41.367116 41.367116 41.367116 0.876355 0.876355 0.876355
9270 41.367116 41.367116 41.367116 0.876355 0.876355 0.876355
9280 41.367116 41.367116 41.367116 0.876355 0.876355 0.876355
9290 41.367116 41.367116 41.367116 0.876355 0.876355 0.876355
9300 41.367116 41.367116 41.367116 0.876355 0.876355 0.876355
9310 41.367116 41.367116 41.367116 0.876355 0.876355 0.876355
9320 41.367116 41.367116 41.367116 0.876355 0.876355 0.876355
9330 41.367116 41.367116 41.367116 0.876355 0.876355 0.876355
9340 41.367116 41.367116 41.367116 0.876355 0.876355 0.876355
9350 41.367116 41.367116 41.367116 0.876355 0.876355 0.876355
9360 41.367116 41.367116 41.367116 0.876355 0.876355 0.876355
9370 41.367116 41.367116 41.367116 0.876355 0.876355 0.876355
9380 41.367116 41.367116 41.367116 0.876355 0.876355 0.876355
9390 41.367116 41.367116 41.367116 0.876355 0.876355 0.876355
9400 41.367116 41.367116 41.367116 0.876355 0.876355 0.876355
9410 41.367116 41.367116 41.367116 0.876355 0.876355 0.876355
9420 41.367116 41.367116 41.367116 0.876355 0.876355 0.876355
9430 41.367116 41.367116 41.367116 0.876355 0.876355 0.876355
9440 41.367116 41.367116 41.367116 0.876355 0.876355 0.876355
9450 41.367116 41.367116 41.367116 0.876355 0.876355 0.876355
9460 41.367116 41.367116 41.367116 0.876355 0.876355 0.876355
9470 41.367116 41.367116 41.367116 0.876355 0.876355 0.876355
9480 41.367116 41.367116 41.367116 0.876355 0.876355 0.876355
9490 41.367116 41.367116 41.367116 0.876355 0.876355 0.876355
9500 41.367116 41.367116 41.367116 0.876355 0.876355 0.876355
9510 41.367116 41.367116 41.367116 0.876355 0.876355 0.876355
9520 41.367116 41.367116 41.367116 0.876355 0.876355 0.876355
9530 41.367116 41.367116 41.367116 0.876355 0.876355 0.876355
9540 41.367116 41.367116 41.367116 0.876355 0.876355 0.876355
9550 41.367116 41.367116 41.367116 0.876355 0.876355 0.876355
9560 41.367116 41.367116 41.367116 0.876355 0.876355 0.876355
9570 41.367116 41.367116 41.367116 0.876355 0.876355 0.876355
9580 41.367116 41.367116 41.367116 0.876355 0.876355 0.876355
9590 41.367116 41.367116 41.367116 0.876355 0.876355 0.876355
9600 41.367116 41.367116 41.367116 0.876355 0.876355 0.876355
9610 41.367116 41.367116 41.367116 0.876355 0.876355 0.876355
9620 41.367116 41.367116 41.367116 0.876355 0.876355 0.876355
9630 41.367116 41.367116 41.367116 0.876355 0.876355 0.876355
9640 41.367116 41.367116 41.367116 0.876355 0.876355 0.876355
9650 41.367116 41.367116 41.367116 0.876355 0.876355 0.876355
9660 41.367116 41.367116 41.367116 0.876355 0.876355 0.876355
9670 41.367116 41.367116 41.367116 0.876355 0.876355 0.876355
9680 41.367116 41.367116 41.367116 0.876355 0.876355 0.876355
9690 41.367116 41.367116 41.367116 0.876355 0.876355 0.876355
9700 41.367116 41.367116 41.367116 0.876355 0.876355 0.876355
9710 41.367116 41.367116 41.367116 0.876355 0.876355 0.876355
9720 41.367116 41.367116 41.367116 0.876355 0.876355 0.876355
9730 41.367116 41.367116 41.367116 0.876355 0.876355 0.876355
9740 41.367116 41.367116 41.367116 0.876355 0.876355 0.876355
9750 41.367116 41.367116 41.367116 0.876355 0.876355 0.876355
9760 41.367116 41.367116 41.367116 0.876355 0.876355 0.876355
9770 41.367116 41.367116 41.367116 0.876355 0.876355 0.876355
9780 41.367116 41.367116 41.367116 0.876355 0.876355 0.876355
9790 41.367116 41.367116 41.367116 0.876355 0.876355 0.876355
9800 41.367116 41.367116 41.367116 0.876355 0.876355 0.876355
9810 41.367116 41.367116 41.367116 0.876355 0.876355 0.876355
9820 41.367116 41.367116 41.367116 0.876355 0.876355 0.876355
9830 41.367116 41.367116 41.367116 0.876355 0.876355 0.876355
9840 41.367116 41.367116 41.367116 0.876355 0.876355 0.876355
9850 41.367116 41.367116 41.367116 0.876355 0.876355 0.876355
9860 41.367116 41.367116 41.367116 0.876355 0.876355 0.876355
9870 41.367116 41.367116 41.367116 0.876355 0.876355 0.876355
9880 41.367116 41.367116 41.367116 0.876355 0.876355 0.876355
9890 41.367116 41.367116 41.367116 0.876355 0.876355 0.876355
9900 41.367116 41.367116 41.367116 0.876355 0.876355 0.876355
9910 41.367116 41.367116 41.367116 0.876355 0.876355 0.876355
9920 41.367116 41.367116 41.367116 0.876355 0.876355 0.876355
9930 41.367116 41.367116 41.367116 0.876355 0.876355 0.876355
9940 41.367116 41.367116 41.367116 0.876355 0.876355 0.876355
9950 41.367116 41.367116 41.367116 0.876355 0.876355 0.876355
9960 41.367116 41.367116 41.367116 0.876355 0.876355 0.876355
9970 41.367116 41.367116 41.367116 0.876355 0.876355 0.876355
9980 41.367116 41.367116 41.367116 0.876355 0.876355 0.876355
9990 41.367116 41.367116 41.367116 0.876355 0.876355 0.876355
10000 41.367116 41.367116 41.367116 0.876355 0.876355 0.876355
