# generation power_min power_avg power_max util_min util_avg util_max
1 39.267218 39.267218 39.267218 1.469930 1.492771 1.499979
10 39.241057 39.241057 39.241057 1.263855 1.486777 1.499979
20 40.765710 40.765710 40.765710 1.201977 1.474317 1.499979
30 40.765710 40.765710 40.765710 1.156932 1.460085 1.499979
40 40.786884 40.786884 40.786884 1.156932 1.448312 1.499979
50 40.786884 40.786884 40.786884 1.156932 1.429975 1.499979
60 41.822294 41.822294 41.822294 1.072735 1.405528 1.499979
70 41.822294 41.822294 41.822294 1.072735 1.378405 1.499979
80 41.822294 41.822294 41.822294 1.046449 1.349400 1.499979
90 41.822294 41.822294 41.822294 1.037071 1.320677 1.499445
100 41.822294 41.822294 41.822294 1.028054 1.281153 1.495166
110 42.219428 42.219428 42.219428 1.013568 1.243901 1.470526
120 42.593982 42.593982 42.593982 0.963060 1.209085 1.415808
130 42.593982 42.133468 42.593982 0.963060 1.176813 1.412654
140 42.593982 42.193669 42.593982 0.957238 1.140451 1.347261
150 42.831862 42.270766 42.831862 0.947471 1.109138 1.310545
160 42.831862 42.283627 42.831862 0.947471 1.085734 1.234974
170 42.831862 42.212576 42.831862 0.947471 1.065162 1.196330
180 42.907361 42.243190 42.907361 0.922683 1.045458 1.171972
190 42.907361 42.211923 42.907361 0.922683 1.029943 1.143883
200 42.907361 42.169476 42.907361 0.922683 1.017623 1.113722
210 42.907361 42.086186 42.907361 0.922683 1.007222 1.096619
220 42.907361 42.056952 42.907361 0.922683 0.998406 1.053240
230 42.907361 42.005761 42.907361 0.922683 0.992722 1.042663
240 42.907361 41.966807 42.907361 0.922683 0.988755 1.036435
250 41.278646 41.918244 42.850837 0.943643 0.987205 1.014076
260 41.278646 41.803163 42.355418 0.950281 0.990127 1.014076
270 41.278646 41.730465 42.171429 0.961866 0.990669 1.011408
280 41.239113 41.677935 42.057498 0.961866 0.990760 1.011408
290 41.204237 41.626013 42.011783 0.961866 0.991049 1.011408
300 41.102062 41.568218 41.936015 0.961866 0.991062 1.007330
310 41.102062 41.515994 41.842132 0.969421 0.991879 1.004968
320 41.086991 41.468419 41.783543 0.973185 0.992457 1.004968
330 41.086991 41.421372 41.727078 0.974923 0.993183 1.004968
340 41.086991 41.380808 41.635730 0.974923 0.993398 1.004968
350 41.086991 41.350614 41.583822 0.974923 0.994061 1.004968
360 41.523002 41.324983 41.523002 0.974923 0.994467 1.002242
370 41.393553 41.296514 41.393553 0.974923 0.994792 1.004152
380 41.393553 41.281521 41.393553 0.974923 0.994996 1.004152
390 41.383299 41.254692 41.383299 0.974923 0.995074 1.004152
400 41.373896 41.223528 41.373896 0.974923 0.995761 1.004152
410 41.331382 41.193235 41.331382 0.974923 0.996153 1.004152
420 41.316057 41.167443 41.316057 0.974923 0.996103 1.004152
430 41.246706 41.139709 41.246706 0.990492 0.996418 1.004152
440 41.239113 41.112300 41.239113 0.988001 0.996325 1.004152
450 41.232796 41.091783 41.232796 0.988001 0.996482 1.004152
460 41.214899 41.063642 41.214899 0.988001 0.996676 1.004152
470 41.194631 41.032722 41.194631 0.988001 0.997096 1.004152
480 41.148158 41.011795 41.148158 0.988001 0.997150 1.002212
490 41.127860 40.992113 41.127860 0.988001 0.997531 1.002212
500 41.086991 40.976233 41.086991 0.990619 0.997832 1.002212
510 41.086991 40.951928 41.086991 0.990619 0.998346 1.002212
520 41.066432 40.932150 41.066432 0.990619 0.999006 1.002138
530 40.998512 40.909356 40.998512 0.990619 0.999394 1.002138
540 40.956732 40.893268 40.956732 0.995903 0.999698 1.002138
550 40.942303 40.884290 40.942303 0.995903 0.999667 1.002099
560 40.900103 40.871032 40.900103 0.996772 0.999970 1.002099
570 40.898545 40.860081 40.898545 0.996772 1.000302 1.002099
580 40.856072 40.851720 40.856072 0.998180 1.000401 1.002099
590 40.856072 40.850120 40.856072 0.998180 1.000194 1.002099
600 40.856072 40.849308 40.856072 0.998180 1.000126 1.002006
610 40.856072 40.843672 40.856072 0.998180 1.000288 1.002006
620 40.840752 40.834814 40.840752 0.998180 1.000323 1.000773
630 40.840752 40.834814 40.840752 0.998180 1.000328 1.000773
640 40.840752 40.833825 40.840752 0.998180 1.000323 1.000773
650 40.796729 40.796729 40.796729 1.000284 1.000426 1.000670
660 40.796729 40.796729 40.796729 1.000284 1.000407 1.000670
670 40.796729 40.796729 40.796729 1.000284 1.000383 1.000670
680 40.796729 40.796729 40.796729 1.000284 1.000361 1.000670
690 40.796729 40.796729 40.796729 1.000284 1.000342 1.000670
700 40.796729 40.796729 40.796729 1.000284 1.000318 1.000670
710 40.791298 40.791298 40.791298 1.000284 1.000300 1.000480
720 40.791298 40.791298 40.791298 1.000284 1.000300 1.000480
730 40.791298 40.791298 40.791298 1.000284 1.000300 1.000480
740 40.791298 40.791298 40.791298 1.000284 1.000302 1.000480
750 40.791298 40.791298 40.791298 1.000284 1.000302 1.000480
760 40.791298 40.791298 40.791298 1.000284 1.000302 1.000480
770 40.791298 40.791298 40.791298 1.000284 1.000302 1.000480
780 40.791298 40.791298 40.791298 1.000284 1.000307 1.000480
790 40.791298 40.791298 40.791298 1.000284 1.000309 1.000480
800 40.791298 40.791298 40.791298 1.000284 1.000309 1.000480
810 40.791298 40.791298 40.791298 1.000284 1.000311 1.000480
820 40.791298 40.791298 40.791298 1.000284 1.000317 1.000480
830 40.791298 40.791298 40.791298 1.000284 1.000319 1.000480
840 40.791298 40.791298 40.791298 1.000284 1.000321 1.000480
850 40.791298 40.791298 40.791298 1.000284 1.000327 1.000480
860 40.791298 40.791298 40.791298 1.000284 1.000335 1.000480
870 40.791298 40.791298 40.791298 1.000284 1.000343 1.000480
880 40.791298 40.791298 40.791298 1.000284 1.000356 1.000480
890 40.791298 40.791298 40.791298 1.000284 1.000372 1.000480
900 40.791298 40.791298 40.791298 1.000284 1.000386 1.000480
910 40.791298 40.791298 40.791298 1.000284 1.000399 1.000480
920 40.791298 40.791298 40.791298 1.000284 1.000419 1.000480
930 40.791298 40.791298 40.791298 1.000284 1.000438 1.000480
940 40.791298 40.791298 40.791298 1.000284 1.000458 1.000480
950 40.791298 40.791298 40.791298 1.000284 1.000478 1.000480
960 40.775981 40.775981 40.775981 1.000480 1.000480 1.000480
970 40.775981 40.775981 40.775981 1.000480 1.000480 1.000480
980 40.775981 40.775981 40.775981 1.000480 1.000480 1.000480
990 40.775981 40.775981 40.775981 1.000480 1.000480 1.000480
1000 40.775981 40.775981 40.775981 1.000480 1.000480 1.000480
1010 40.775981 40.775981 40.775981 1.000480 1.000480 1.000480
1020 40.775981 40.775981 40.775981 1.000480 1.000480 1.000480
1030 40.775981 40.775981 40.775981 1.000480 1.000480 1.000480
1040 40.775981 40.775981 40.775981 1.000480 1.000480 1.000480
1050 40.775981 40.775981 40.775981 1.000480 1.000480 1.000480
1060 40.775981 40.775981 40.775981 1.000480 1.000480 1.000480
1070 40.775981 40.775981 40.775981 1.000480 1.000480 1.000480
1080 40.775981 40.775981 40.775981 1.000480 1.000480 1.000480
1090 40.775981 40.775981 40.775981 1.000480 1.000480 1.000480
1100 40.775981 40.775981 40.775981 1.000480 1.000480 1.000480
1110 40.775981 40.775981 40.775981 1.000480 1.000480 1.000480
1120 40.775981 40.775981 40.775981 1.000480 1.000480 1.000480
1130 40.775981 40.775981 40.775981 1.000480 1.000480 1.000480
1140 40.775981 40.775981 40.775981 1.000480 1.000480 1.000480
1150 40.775981 40.775981 40.775981 1.000480 1.000480 1.000480
1160 40.775981 40.775981 40.775981 1.000480 1.000480 1.000480
1170 40.775981 40.775981 40.775981 1.000480 1.000480 1.000480
1180 40.775981 40.775981 40.775981 1.000480 1.000480 1.000480
1190 40.775981 40.775981 40.775981 1.000480 1.000480 1.000480
1200 40.775981 40.775981 40.775981 1.000480 1.000480 1.000480
1210 40.775981 40.775981 40.775981 1.000480 1.000480 1.000480
1220 40.775981 40.775981 40.775981 1.000480 1.000480 1.000480
1230 40.775981 40.775981 40.775981 1.000480 1.000480 1.000480
1240 40.775981 40.775981 40.775981 1.000480 1.000480 1.000480
1250 40.775981 40.775981 40.775981 1.000480 1.000480 1.000480
1260 40.775981 40.775981 40.775981 1.000480 1.000480 1.000480
1270 40.775981 40.775981 40.775981 1.000480 1.000480 1.000480
1280 40.775981 40.775981 40.775981 1.000480 1.000480 1.000480
1290 40.775981 40.775981 40.775981 1.000480 1.000480 1.000480
1300 40.775981 40.775981 40.775981 1.000480 1.000480 1.000480
1310 40.775981 40.775981 40.775981 1.000480 1.000480 1.000480
1320 40.775981 40.775981 40.775981 1.000480 1.000480 1.000480
1330 40.775981 40.775981 40.775981 1.000480 1.000480 1.000480
1340 40.775981 40.775981 40.775981 1.000480 1.000480 1.000480
1350 40.775981 40.775981 40.775981 1.000480 1.000480 1.000480
1360 40.775981 40.775981 40.775981 1.000480 1.000480 1.000480
1370 40.775981 40.775981 40.775981 1.000480 1.000480 1.000480
1380 40.775981 40.775981 40.775981 1.000480 1.000480 1.000480
1390 40.775981 40.775981 40.775981 1.000480 1.000480 1.000480
1400 40.775981 40.775981 40.775981 1.000480 1.000480 1.000480
1410 40.775981 40.775981 40.775981 1.000480 1.000480 1.000480
1420 40.775981 40.775981 40.775981 1.000480 1.000480 1.000480
1430 40.775981 40.775981 40.775981 1.000480 1.000480 1.000480
1440 40.775981 40.775981 40.775981 1.000480 1.000480 1.000480
1450 40.775981 40.775981 40.775981 1.000480 1.000480 1.000480
1460 40.775981 40.775981 40.775981 1.000480 1.000480 1.000480
1470 40.775981 40.775981 40.775981 1.000480 1.000480 1.000480
1480 40.775981 40.775981 40.775981 1.000480 1.000480 1.000480
1490 40.775981 40.775981 40.775981 1.000480 1.000480 1.000480
1500 40.775981 40.775981 40.775981 1.000480 1.000480 1.000480
1510 40.775981 40.775981 40.775981 1.000480 1.000480 1.000480
1520 40.775981 40.775981 40.775981 1.000480 1.000480 1.000480
1530 40.775981 40.775981 40.775981 1.000480 1.000480 1.000480
1540 40.775981 40.775981 40.775981 1.000480 1.000480 1.000480
1550 40.775981 40.775981 40.775981 1.000480 1.000480 1.000480
1560 40.775981 40.775981 40.775981 1.000480 1.000480 1.000480
1570 40.775981 40.775981 40.775981 1.000480 1.000480 1.000480
1580 40.775981 40.775981 40.775981 1.000480 1.000480 1.000480
1590 40.775981 40.775981 40.775981 1.000480 1.000480 1.000480
1600 40.775981 40.775981 40.775981 1.000480 1.000480 1.000480
1610 40.775981 40.775981 40.775981 1.000480 1.000480 1.000480
1620 40.775981 40.775981 40.775981 1.000480 1.000480 1.000480
1630 40.775981 40.775981 40.775981 1.000480 1.000480 1.000480
1640 40.775981 40.775981 40.775981 1.000480 1.000480 1.000480
1650 40.775981 40.775981 40.775981 1.000480 1.000480 1.000480
1660 40.775981 40.775981 40.775981 1.000480 1.000480 1.000480
1670 40.775981 40.775981 40.775981 1.000480 1.000480 1.000480
1680 40.775981 40.775981 40.775981 1.000480 1.000480 1.000480
1690 40.775981 40.775981 40.775981 1.000480 1.000480 1.000480
1700 40.775981 40.775981 40.775981 1.000480 1.000480 1.000480
1710 40.775981 40.775981 40.775981 1.000480 1.000480 1.000480
1720 40.775981 40.775981 40.775981 1.000480 1.000480 1.000480
1730 40.775981 40.775981 40.775981 1.000480 1.000480 1.000480
1740 40.775981 40.775981 40.775981 1.000480 1.000480 1.000480
1750 40.775981 40.775981 40.775981 1.000480 1.000480 1.000480
1760 40.775981 40.775981 40.775981 1.000480 1.000480 1.000480
1770 40.775981 40.775981 40.775981 1.000480 1.000480 1.000480
1780 40.775981 40.775981 40.775981 1.000480 1.000480 1.000480
1790 40.775981 40.775981 40.775981 1.000480 1.000480 1.000480
1800 40.775981 40.775981 40.775981 1.000480 1.000480 1.000480
1810 40.775981 40.775981 40.775981 1.000480 1.000480 1.000480
1820 40.775981 40.775981 40.775981 1.000480 1.000480 1.000480
1830 40.775981 40.775981 40.775981 1.000480 1.000480 1.000480
1840 40.775981 40.775981 40.775981 1.000480 1.000480 1.000480
1850 40.775981 40.775981 40.775981 1.000480 1.000480 1.000480
1860 40.775981 40.775981 40.775981 1.000480 1.000480 1.000480
1870 40.775981 40.775981 40.775981 1.000480 1.000480 1.000480
1880 40.775981 40.775981 40.775981 1.000480 1.000480 1.000480
1890 40.775981 40.775981 40.775981 1.000480 1.000480 1.000480
1900 40.775981 40.775981 40.775981 1.000480 1.000480 1.000480
1910 40.775981 40.775981 40.775981 1.000480 1.000480 1.000480
1920 40.775981 40.775981 40.775981 1.000480 1.000480 1.000480
1930 40.775981 40.775981 40.775981 1.000480 1.000480 1.000480
1940 40.775981 40.775981 40.775981 1.000480 1.000480 1.000480
1950 40.775981 40.775981 40.775981 1.000480 1.000480 1.000480
1960 40.775981 40.775981 40.775981 1.000480 1.000480 1.000480
1970 40.775981 40.775981 40.775981 1.000480 1.000480 1.000480
1980 40.775981 40.775981 40.775981 1.000480 1.000480 1.000480
1990 40.775981 40.775981 40.775981 1.000480 1.000480 1.000480
2000 40.775981 40.775981 40.775981 1.000480 1.000480 1.000480
2010 40.775981 40.775981 40.775981 1.000480 1.000480 1.000480
2020 40.775981 40.775981 40.775981 1.000480 1.000480 1.000480
2030 40.775981 40.775981 40.775981 1.000480 1.000480 1.000480
2040 40.775981 40.775981 40.775981 1.000480 1.000480 1.000480
2050 40.775981 40.775981 40.775981 1.000480 1.000480 1.000480
2060 40.775981 40.775981 40.775981 1.000480 1.000480 1.000480
2070 40.775981 40.775981 40.775981 1.000480 1.000480 1.000480
2080 40.775981 40.775981 40.775981 1.000480 1.000480 1.000480
2090 40.775981 40.775981 40.775981 1.000480 1.000480 1.000480
2100 40.775981 40.775981 40.775981 1.000480 1.000480 1.000480
2110 40.775981 40.775981 40.775981 1.000480 1.000480 1.000480
2120 40.775981 40.775981 40.775981 1.000480 1.000480 1.000480
2130 40.775981 40.775981 40.775981 1.000480 1.000480 1.000480
2140 40.775981 40.775981 40.775981 1.000480 1.000480 1.000480
2150 40.775981 40.775981 40.775981 1.000480 1.000480 1.000480
2160 40.775981 40.775981 40.775981 1.000480 1.000480 1.000480
2170 40.775981 40.775981 40.775981 1.000480 1.000480 1.000480
2180 40.775981 40.775981 40.775981 1.000480 1.000480 1.000480
2190 40.775981 40.775981 40.775981 1.000480 1.000480 1.000480
2200 40.775981 40.775981 40.775981 1.000480 1.000480 1.000480
2210 40.775981 40.775981 40.775981 1.000480 1.000480 1.000480
2220 40.775981 40.775981 40.775981 1.000480 1.000480 1.000480
2230 40.775981 40.775981 40.775981 1.000480 1.000480 1.000480
2240 40.775981 40.775981 40.775981 1.000480 1.000480 1.000480
2250 40.775981 40.775981 40.775981 1.000480 1.000480 1.000480
2260 40.775981 40.775981 40.775981 1.000480 1.000480 1.000480
2270 40.775981 40.775981 40.775981 1.000480 1.000480 1.000480
2280 40.775981 40.775981 40.775981 1.000480 1.000480 1.000480
2290 40.775981 40.775981 40.775981 1.000480 1.000480 1.000480
2300 40.775981 40.775981 40.775981 1.000480 1.000480 1.000480
2310 40.775981 40.775981 40.775981 1.000480 1.000480 1.000480
2320 40.775981 40.775981 40.775981 1.000480 1.000480 1.000480
2330 40.775981 40.775981 40.775981 1.000480 1.000480 1.000480
2340 40.775981 40.775981 40.775981 1.000480 1.000480 1.000480
2350 40.775981 40.775981 40.775981 1.000480 1.000480 1.000480
2360 40.775981 40.775981 40.775981 1.000480 1.000480 1.000480
2370 40.775981 40.775981 40.775981 1.000480 1.000480 1.000480
2380 40.775981 40.775981 40.775981 1.000480 1.000480 1.000480
2390 40.775981 40.775981 40.775981 1.000480 1.000480 1.000480
2400 40.775981 40.775981 40.775981 1.000480 1.000480 1.000480
2410 40.775981 40.775981 40.775981 1.000480 1.000480 1.000480
2420 40.775981 40.775981 40.775981 1.000480 1.000480 1.000480
2430 40.775981 40.775981 40.775981 1.000480 1.000480 1.000480
2440 40.775981 40.775981 40.775981 1.000480 1.000480 1.000480
2450 40.775981 40.775981 40.775981 1.000480 1.000480 1.000480
2460 40.775981 40.775981 40.775981 1.000480 1.000480 1.000480
2470 40.775981 40.775981 40.775981 1.000480 1.000480 1.000480
2480 40.775981 40.775981 40.775981 1.000480 1.000480 1.000480
2490 40.775981 40.775981 40.775981 1.000480 1.000480 1.000480
2500 40.775981 40.775981 40.775981 1.000480 1.000480 1.000480
2510 40.775981 40.775981 40.775981 1.000480 1.000480 1.000480
2520 40.775981 40.775981 40.775981 1.000480 1.000480 1.000480
2530 40.775981 40.775981 40.775981 1.000480 1.000480 1.000480
2540 40.775981 40.775981 40.775981 1.000480 1.000480 1.000480
2550 40.775981 40.775981 40.775981 1.000480 1.000480 1.000480
2560 40.775981 40.775981 40.775981 1.000480 1.000480 1.000480
2570 40.775981 40.775981 40.775981 1.000480 1.000480 1.000480
2580 40.775981 40.775981 40.775981 1.000480 1.000480 1.000480
2590 40.775981 40.775981 40.775981 1.000480 1.000480 1.000480
2600 40.775981 40.775981 40.775981 1.000480 1.000480 1.000480
2610 40.775981 40.775981 40.775981 1.000480 1.000480 1.000480
2620 40.775981 40.775981 40.775981 1.000480 1.000480 1.000480
2630 40.775981 40.775981 40.775981 1.000480 1.000480 1.000480
2640 40.775981 40.775981 40.775981 1.000480 1.000480 1.000480
2650 40.775981 40.775981 40.775981 1.000480 1.000480 1.000480
2660 40.775981 40.775981 40.775981 1.000480 1.000480 1.000480
2670 40.775981 40.775981 40.775981 1.000480 1.000480 1.000480
2680 40.775981 40.775981 40.775981 1.000480 1.000480 1.000480
2690 40.775981 40.775981 40.775981 1.000480 1.000480 1.000480
2700 40.775981 40.775981 40.775981 1.000480 1.000480 1.000480
2710 40.775981 40.775981 40.775981 1.000480 1.000480 1.000480
2720 40.775981 40.775981 40.775981 1.000480 1.000480 1.000480
2730 40.775981 40.775981 40.775981 1.000480 1.000480 1.000480
2740 40.775981 40.775981 40.775981 1.000480 1.000480 1.000480
2750 40.775981 40.775981 40.775981 1.000480 1.000480 1.000480
2760 40.775981 40.775981 40.775981 1.000480 1.000480 1.000480
2770 40.775981 40.775981 40.775981 1.000480 1.000480 1.000480
2780 40.775981 40.775981 40.775981 1.000480 1.000480 1.000480
2790 40.775981 40.775981 40.775981 1.000480 1.000480 1.000480
2800 40.775981 40.775981 40.775981 1.000480 1.000480 1.000480
2810 40.775981 40.775981 40.775981 1.000480 1.000480 1.000480
2820 40.775981 40.775981 40.775981 1.000480 1.000480 1.000480
2830 40.775981 40.775981 40.775981 1.000480 1.000480 1.000480
2840 40.775981 40.775981 40.775981 1.000480 1.000480 1.000480
2850 40.775981 40.775981 40.775981 1.000480 1.000480 1.000480
2860 40.775981 40.775981 40.775981 1.000480 1.000480 1.000480
2870 40.775981 40.775981 40.775981 1.000480 1.000480 1.000480
2880 40.775981 40.775981 40.775981 1.000480 1.000480 1.000480
2890 40.775981 40.775981 40.775981 1.000480 1.000480 1.000480
2900 40.775981 40.775981 40.775981 1.000480 1.000480 1.000480
2910 40.775981 40.775981 40.775981 1.000480 1.000480 1.000480
2920 40.775981 40.775981 40.775981 1.000480 1.000480 1.000480
2930 40.775981 40.775981 40.775981 1.000480 1.000480 1.000480
2940 40.775981 40.775981 40.775981 1.000480 1.000480 1.000480
2950 40.775981 40.775981 40.775981 1.000480 1.000480 1.000480
2960 40.775981 40.775981 40.775981 1.000480 1.000480 1.000480
2970 40.775981 40.775981 40.775981 1.000480 1.000480 1.000480
2980 40.775981 40.775981 40.775981 1.000480 1.000480 1.000480
2990 40.775981 40.775981 40.775981 1.000480 1.000480 1.000480
3000 40.775981 40.775981 40.775981 1.000480 1.000480 1.000480
3010 40.775981 40.775981 40.775981 1.000480 1.000480 1.000480
3020 40.775981 40.775981 40.775981 1.000480 1.000480 1.000480
3030 40.775981 40.775981 40.775981 1.000480 1.000480 1.000480
3040 40.775981 40.775981 40.775981 1.000480 1.000480 1.000480
3050 40.775981 40.775981 40.775981 1.000480 1.000480 1.000480
3060 40.775981 40.775981 40.775981 1.000480 1.000480 1.000480
3070 40.775981 40.775981 40.775981 1.000480 1.000480 1.000480
3080 40.775981 40.775981 40.775981 1.000480 1.000480 1.000480
3090 40.775981 40.775981 40.775981 1.000480 1.000480 1.000480
3100 40.775981 40.775981 40.775981 1.000480 1.000480 1.000480
3110 40.775981 40.775981 40.775981 1.000480 1.000480 1.000480
3120 40.775981 40.775981 40.775981 1.000480 1.000480 1.000480
3130 40.775981 40.775981 40.775981 1.000480 1.000480 1.000480
3140 40.775981 40.775981 40.775981 1.000480 1.000480 1.000480
3150 40.775981 40.775981 40.775981 1.000480 1.000480 1.000480
3160 40.775981 40.775981 40.775981 1.000480 1.000480 1.000480
3170 40.775981 40.775981 40.775981 1.000480 1.000480 1.000480
3180 40.775981 40.775981 40.775981 1.000480 1.000480 1.000480
3190 40.775981 40.775981 40.775981 1.000480 1.000480 1.000480
3200 40.775981 40.775981 40.775981 1.000480 1.000480 1.000480
3210 40.775981 40.775981 40.775981 1.000480 1.000480 1.000480
3220 40.775981 40.775981 40.775981 1.000480 1.000480 1.000480
3230 40.775981 40.775981 40.775981 1.000480 1.000480 1.000480
3240 40.775981 40.775981 40.775981 1.000480 1.000480 1.000480
3250 40.775981 40.775981 40.775981 1.000480 1.000480 1.000480
3260 40.775981 40.775981 40.775981 1.000480 1.000480 1.000480
3270 40.775981 40.775981 40.775981 1.000480 1.000480 1.000480
3280 40.775981 40.775981 40.775981 1.000480 1.000480 1.000480
3290 40.775981 40.775981 40.775981 1.000480 1.000480 1.000480
3300 40.775981 40.775981 40.775981 1.000480 1.000480 1.000480
3310 40.775981 40.775981 40.775981 1.000480 1.000480 1.000480
3320 40.775981 40.775981 40.775981 1.000480 1.000480 1.000480
3330 40.775981 40.775981 40.775981 1.000480 1.000480 1.000480
3340 40.775981 40.775981 40.775981 1.000480 1.000480 1.000480
3350 40.775981 40.775981 40.775981 1.000480 1.000480 1.000480
3360 40.775981 40.775981 40.775981 1.000480 1.000480 1.000480
3370 40.775981 40.775981 40.775981 1.000480 1.000480 1.000480
3380 40.775981 40.775981 40.775981 1.000480 1.000480 1.000480
3390 40.775981 40.775981 40.775981 1.000480 1.000480 1.000480
3400 40.775981 40.775981 40.775981 1.000480 1.000480 1.000480
3410 40.775981 40.775981 40.775981 1.000480 1.000480 1.000480
3420 40.775981 40.775981 40.775981 1.000480 1.000480 1.000480
3430 40.775981 40.775981 40.775981 1.000480 1.000480 1.000480
3440 40.775981 40.775981 40.775981 1.000480 1.000480 1.000480
3450 40.775981 40.775981 40.775981 1.000480 1.000480 1.000480
3460 40.775981 40.775981 40.775981 1.000480 1.000480 1.000480
3470 40.775981 40.775981 40.775981 1.000480 1.000480 1.000480
3480 40.775981 40.775981 40.775981 1.000480 1.000480 1.000480
3490 40.775981 40.775981 40.775981 1.000480 1.000480 1.000480
3500 40.775981 40.775981 40.775981 1.000480 1.000480 1.000480
3510 40.775981 40.775981 40.775981 1.000480 1.000480 1.000480
3520 40.775981 40.775981 40.775981 1.000480 1.000480 1.000480
3530 40.775981 40.775981 40.775981 1.000480 1.000480 1.000480
3540 40.775981 40.775981 40.775981 1.000480 1.000480 1.000480
3550 40.775981 40.775981 40.775981 1.000480 1.000480 1.000480
3560 40.775981 40.775981 40.775981 1.000480 1.000480 1.000480
3570 40.775981 40.775981 40.775981 1.000480 1.000480 1.000480
3580 40.775981 40.775981 40.775981 1.000480 1.000480 1.000480
3590 40.775981 40.775981 40.775981 1.000480 1.000480 1.000480
3600 40.775981 40.775981 40.775981 1.000480 1.000480 1.000480
3610 40.775981 40.775981 40.775981 1.000480 1.000480 1.000480
3620 40.775981 40.775981 40.775981 1.000480 1.000480 1.000480
3630 40.775981 40.775981 40.775981 1.000480 1.000480 1.000480
3640 40.775981 40.775981 40.775981 1.000480 1.000480 1.000480
3650 40.775981 40.775981 40.775981 1.000480 1.000480 1.000480
3660 40.775981 40.775981 40.775981 1.000480 1.000480 1.000480
3670 40.775981 40.775981 40.775981 1.000480 1.000480 1.000480
3680 40.775981 40.775981 40.775981 1.000480 1.000480 1.000480
3690 40.775981 40.775981 40.775981 1.000480 1.000480 1.000480
3700 40.775981 40.775981 40.775981 1.000480 1.000480 1.000480
3710 40.775981 40.775981 40.775981 1.000480 1.000480 1.000480
3720 40.775981 40.775981 40.775981 1.000480 1.000480 1.000480
3730 40.775981 40.775981 40.775981 1.000480 1.000480 1.000480
3740 40.775981 40.775981 40.775981 1.000480 1.000480 1.000480
3750 40.775981 40.775981 40.775981 1.000480 1.000480 1.000480
3760 40.775981 40.775981 40.775981 1.000480 1.000480 1.000480
3770 40.775981 40.775981 40.775981 1.000480 1.000480 1.000480
3780 40.775981 40.775981 40.775981 1.000480 1.000480 1.000480
3790 40.775981 40.775981 40.775981 1.000480 1.000480 1.000480
3800 40.775981 40.775981 40.775981 1.000480 1.000480 1.000480
3810 40.775981 40.775981 40.775981 1.000480 1.000480 1.000480
3820 40.775981 40.775981 40.775981 1.000480 1.000480 1.000480
3830 40.775981 40.775981 40.775981 1.000480 1.000480 1.000480
3840 40.775981 40.775981 40.775981 1.000480 1.000480 1.000480
3850 40.775981 40.775981 40.775981 1.000480 1.000480 1.000480
3860 40.775981 40.775981 40.775981 1.000480 1.000480 1.000480
3870 40.775981 40.775981 40.775981 1.000480 1.000480 1.000480
3880 40.775981 40.775981 40.775981 1.000480 1.000480 1.000480
3890 40.775981 40.775981 40.775981 1.000480 1.000480 1.000480
3900 40.775981 40.775981 40.775981 1.000480 1.000480 1.000480
3910 40.775981 40.775981 40.775981 1.000480 1.000480 1.000480
3920 40.775981 40.775981 40.775981 1.000480 1.000480 1.000480
3930 40.775981 40.775981 40.775981 1.000480 1.000480 1.000480
3940 40.775981 40.775981 40.775981 1.000480 1.000480 1.000480
3950 40.775981 40.775981 40.775981 1.000480 1.000480 1.000480
3960 40.775981 40.775981 40.775981 1.000480 1.000480 1.000480
3970 40.775981 40.775981 40.775981 1.000480 1.000480 1.000480
3980 40.775981 40.775981 40.775981 1.000480 1.000480 1.000480
3990 40.775981 40.775981 40.775981 1.000480 1.000480 1.000480
4000 40.775981 40.775981 40.775981 1.000480 1.000480 1.000480
4010 40.775981 40.775981 40.775981 1.000480 1.000480 1.000480
4020 40.775981 40.775981 40.775981 1.000480 1.000480 1.000480
4030 40.775981 40.775981 40.775981 1.000480 1.000480 1.000480
4040 40.775981 40.775981 40.775981 1.000480 1.000480 1.000480
4050 40.775981 40.775981 40.775981 1.000480 1.000480 1.000480
4060 40.775981 40.775981 40.775981 1.000480 1.000480 1.000480
4070 40.775981 40.775981 40.775981 1.000480 1.000480 1.000480
4080 40.775981 40.775981 40.775981 1.000480 1.000480 1.000480
4090 40.775981 40.775981 40.775981 1.000480 1.000480 1.000480
4100 40.775981 40.775981 40.775981 1.000480 1.000480 1.000480
4110 40.775981 40.775981 40.775981 1.000480 1.000480 1.000480
4120 40.775981 40.775981 40.775981 1.000480 1.000480 1.000480
4130 40.775981 40.775981 40.775981 1.000480 1.000480 1.000480
4140 40.775981 40.775981 40.775981 1.000480 1.000480 1.000480
4150 40.775981 40.775981 40.775981 1.000480 1.000480 1.000480
4160 40.775981 40.775981 40.775981 1.000480 1.000480 1.000480
4170 40.775981 40.775981 40.775981 1.000480 1.000480 1.000480
4180 40.775981 40.775981 40.775981 1.000480 1.000480 1.000480
4190 40.775981 40.775981 40.775981 1.000480 1.000480 1.000480
4200 40.775981 40.775981 40.775981 1.000480 1.000480 1.000480
4210 40.775981 40.775981 40.775981 1.000480 1.000480 1.000480
4220 40.775981 40.775981 40.775981 1.000480 1.000480 1.000480
4230 40.775981 40.775981 40.775981 1.000480 1.000480 1.000480
4240 40.775981 40.775981 40.775981 1.000480 1.000480 1.000480
4250 40.775981 40.775981 40.775981 1.000480 1.000480 1.000480
4260 40.775981 40.775981 40.775981 1.000480 1.000480 1.000480
4270 40.775981 40.775981 40.775981 1.000480 1.000480 1.000480
4280 40.775981 40.775981 40.775981 1.000480 1.000480 1.000480
4290 40.775981 40.775981 40.775981 1.000480 1.000480 1.000480
4300 40.775981 40.775981 40.775981 1.000480 1.000480 1.000480
4310 40.775981 40.775981 40.775981 1.000480 1.000480 1.000480
4320 40.775981 40.775981 40.775981 1.000480 1.000480 1.000480
4330 40.775981 40.775981 40.775981 1.000480 1.000480 1.000480
4340 40.775981 40.775981 40.775981 1.000480 1.000480 1.000480
4350 40.775981 40.775981 40.775981 1.000480 1.000480 1.000480
4360 40.775981 40.775981 40.775981 1.000480 1.000480 1.000480
4370 40.775981 40.775981 40.775981 1.000480 1.000480 1.000480
4380 40.775981 40.775981 40.775981 1.000480 1.000480 1.000480
4390 40.775981 40.775981 40.775981 1.000480 1.000480 1.000480
4400 40.775981 40.775981 40.775981 1.000480 1.000480 1.000480
4410 40.775981 40.775981 40.775981 1.000480 1.000480 1.000480
4420 40.775981 40.775981 40.775981 1.000480 1.000480 1.000480
4430 40.775981 40.775981 40.775981 1.000480 1.000480 1.000480
4440 40.775981 40.775981 40.775981 1.000480 1.000480 1.000480
4450 40.775981 40.775981 40.775981 1.000480 1.000480 1.000480
4460 40.775981 40.775981 40.775981 1.000480 1.000480 1.000480
4470 40.775981 40.775981 40.775981 1.000480 1.000480 1.000480
4480 40.775981 40.775981 40.775981 1.000480 1.000480 1.000480
4490 40.775981 40.775981 40.775981 1.000480 1.000480 1.000480
4500 40.775981 40.775981 40.775981 1.000480 1.000480 1.000480
4510 40.775981 40.775981 40.775981 1.000480 1.000480 1.000480
4520 40.775981 40.775981 40.775981 1.000480 1.000480 1.000480
4530 40.775981 40.775981 40.775981 1.000480 1.000480 1.000480
4540 40.775981 40.775981 40.775981 1.000480 1.000480 1.000480
4550 40.775981 40.775981 40.775981 1.000480 1.000480 1.000480
4560 40.775981 40.775981 40.775981 1.000480 1.000480 1.000480
4570 40.775981 40.775981 40.775981 1.000480 1.000480 1.000480
4580 40.775981 40.775981 40.775981 1.000480 1.000480 1.000480
4590 40.775981 40.775981 40.775981 1.000480 1.000480 1.000480
4600 40.775981 40.775981 40.775981 1.000480 1.000480 1.000480
4610 40.775981 40.775981 40.775981 1.000480 1.000480 1.000480
4620 40.775981 40.775981 40.775981 1.000480 1.000480 1.000480
4630 40.775981 40.775981 40.775981 1.000480 1.000480 1.000480
4640 40.775981 40.775981 40.775981 1.000480 1.000480 1.000480
4650 40.775981 40.775981 40.775981 1.000480 1.000480 1.000480
4660 40.775981 40.775981 40.775981 1.000480 1.000480 1.000480
4670 40.775981 40.775981 40.775981 1.000480 1.000480 1.000480
4680 40.775981 40.775981 40.775981 1.000480 1.000480 1.000480
4690 40.775981 40.775981 40.775981 1.000480 1.000480 1.000480
4700 40.775981 40.775981 40.775981 1.000480 1.000480 1.000480
4710 40.775981 40.775981 40.775981 1.000480 1.000480 1.000480
4720 40.775981 40.775981 40.775981 1.000480 1.000480 1.000480
4730 40.775981 40.775981 40.775981 1.000480 1.000480 1.000480
4740 40.775981 40.775981 40.775981 1.000480 1.000480 1.000480
4750 40.775981 40.775981 40.775981 1.000480 1.000480 1.000480
4760 40.775981 40.775981 40.775981 1.000480 1.000480 1.000480
4770 40.775981 40.775981 40.775981 1.000480 1.000480 1.000480
4780 40.775981 40.775981 40.775981 1.000480 1.000480 1.000480
4790 40.775981 40.775981 40.775981 1.000480 1.000480 1.000480
4800 40.775981 40.775981 40.775981 1.000480 1.000480 1.000480
4810 40.775981 40.775981 40.775981 1.000480 1.000480 1.000480
4820 40.775981 40.775981 40.775981 1.000480 1.000480 1.000480
4830 40.775981 40.775981 40.775981 1.000480 1.000480 1.000480
4840 40.775981 40.775981 40.775981 1.000480 1.000480 1.000480
4850 40.775981 40.775981 40.775981 1.000480 1.000480 1.000480
4860 40.775981 40.775981 40.775981 1.000480 1.000480 1.000480
4870 40.775981 40.775981 40.775981 1.000480 1.000480 1.000480
4880 40.775981 40.775981 40.775981 1.000480 1.000480 1.000480
4890 40.775981 40.775981 40.775981 1.000480 1.000480 1.000480
4900 40.775981 40.775981 40.775981 1.000480 1.000480 1.000480
4910 40.775981 40.775981 40.775981 1.000480 1.000480 1.000480
4920 40.775981 40.775981 40.775981 1.000480 1.000480 1.000480
4930 40.775981 40.775981 40.775981 1.000480 1.000480 1.000480
4940 40.775981 40.775981 40.775981 1.000480 1.000480 1.000480
4950 40.775981 40.775981 40.775981 1.000480 1.000480 1.000480
4960 40.775981 40.775981 40.775981 1.000480 1.000480 1.000480
4970 40.775981 40.775981 40.775981 1.000480 1.000480 1.000480
4980 40.775981 40.775981 40.775981 1.000480 1.000480 1.000480
4990 40.775981 40.775981 40.775981 1.000480 1.000480 1.000480
5000 40.775981 40.775981 40.775981 1.000480 1.000480 1.000480
5010 40.775981 40.775981 40.775981 1.000480 1.000480 1.000480
5020 40.775981 40.775981 40.775981 1.000480 1.000480 1.000480
5030 40.775981 40.775981 40.775981 1.000480 1.000480 1.000480
5040 40.775981 40.775981 40.775981 1.000480 1.000480 1.000480
5050 40.775981 40.775981 40.775981 1.000480 1.000480 1.000480
5060 40.775981 40.775981 40.775981 1.000480 1.000480 1.000480
5070 40.775981 40.775981 40.775981 1.000480 1.000480 1.000480
5080 40.775981 40.775981 40.775981 1.000480 1.000480 1.000480
5090 40.775981 40.775981 40.775981 1.000480 1.000480 1.000480
5100 40.775981 40.775981 40.775981 1.000480 1.000480 1.000480
5110 40.775981 40.775981 40.775981 1.000480 1.000480 1.000480
5120 40.775981 40.775981 40.775981 1.000480 1.000480 1.000480
5130 40.775981 40.775981 40.775981 1.000480 1.000480 1.000480
5140 40.775981 40.775981 40.775981 1.000480 1.000480 1.000480
5150 40.775981 40.775981 40.775981 1.000480 1.000480 1.000480
5160 40.775981 40.775981 40.775981 1.000480 1.000480 1.000480
5170 40.775981 40.775981 40.775981 1.000480 1.000480 1.000480
5180 40.775981 40.775981 40.775981 1.000480 1.000480 1.000480
5190 40.775981 40.775981 40.775981 1.000480 1.000480 1.000480
5200 40.775981 40.775981 40.775981 1.000480 1.000480 1.000480
5210 40.775981 40.775981 40.775981 1.000480 1.000480 1.000480
5220 40.775981 40.775981 40.775981 1.000480 1.000480 1.000480
5230 40.775981 40.775981 40.775981 1.000480 1.000480 1.000480
5240 40.775981 40.775981 40.775981 1.000480 1.000480 1.000480
5250 40.775981 40.775981 40.775981 1.000480 1.000480 1.000480
5260 40.775981 40.775981 40.775981 1.000480 1.000480 1.000480
5270 40.775981 40.775981 40.775981 1.000480 1.000480 1.000480
5280 40.775981 40.775981 40.775981 1.000480 1.000480 1.000480
5290 40.775981 40.775981 40.775981 1.000480 1.000480 1.000480
5300 40.775981 40.775981 40.775981 1.000480 1.000480 1.000480
5310 40.775981 40.775981 40.775981 1.000480 1.000480 1.000480
5320 40.775981 40.775981 40.775981 1.000480 1.000480 1.000480
5330 40.775981 40.775981 40.775981 1.000480 1.000480 1.000480
5340 40.775981 40.775981 40.775981 1.000480 1.000480 1.000480
5350 40.775981 40.775981 40.775981 1.000480 1.000480 1.000480
5360 40.775981 40.775981 40.775981 1.000480 1.000480 1.000480
5370 40.775981 40.775981 40.775981 1.000480 1.000480 1.000480
5380 40.775981 40.775981 40.775981 1.000480 1.000480 1.000480
5390 40.775981 40.775981 40.775981 1.000480 1.000480 1.000480
5400 40.775981 40.775981 40.775981 1.000480 1.000480 1.000480
5410 40.775981 40.775981 40.775981 1.000480 1.000480 1.000480
5420 40.775981 40.775981 40.775981 1.000480 1.000480 1.000480
5430 40.775981 40.775981 40.775981 1.000480 1.000480 1.000480
5440 40.775981 40.775981 40.775981 1.000480 1.000480 1.000480
5450 40.775981 40.775981 40.775981 1.000480 1.000480 1.000480
5460 40.775981 40.775981 40.775981 1.000480 1.000480 1.000480
5470 40.775981 40.775981 40.775981 1.000480 1.000480 1.000480
5480 40.775981 40.775981 40.775981 1.000480 1.000480 1.000480
5490 40.775981 40.775981 40.775981 1.000480 1.000480 1.000480
5500 40.775981 40.775981 40.775981 1.000480 1.000480 1.000480
5510 40.775981 40.775981 40.775981 1.000480 1.000480 1.000480
5520 40.775981 40.775981 40.775981 1.000480 1.000480 1.000480
5530 40.775981 40.775981 40.775981 1.000480 1.000480 1.000480
5540 40.775981 40.775981 40.775981 1.000480 1.000480 1.000480
5550 40.775981 40.775981 40.775981 1.000480 1.000480 1.000480
5560 40.775981 40.775981 40.775981 1.000480 1.000480 1.000480
5570 40.775981 40.775981 40.775981 1.000480 1.000480 1.000480
5580 40.775981 40.775981 40.775981 1.000480 1.000480 1.000480
5590 40.775981 40.775981 40.775981 1.000480 1.000480 1.000480
5600 40.775981 40.775981 40.775981 1.000480 1.000480 1.000480
5610 40.775981 40.775981 40.775981 1.000480 1.000480 1.000480
5620 40.775981 40.775981 40.775981 1.000480 1.000480 1.000480
5630 40.775981 40.775981 40.775981 1.000480 1.000480 1.000480
5640 40.775981 40.775981 40.775981 1.000480 1.000480 1.000480
5650 40.775981 40.775981 40.775981 1.000480 1.000480 1.000480
5660 40.775981 40.775981 40.775981 1.000480 1.000480 1.000480
5670 40.775981 40.775981 40.775981 1.000480 1.000480 1.000480
5680 40.775981 40.775981 40.775981 1.000480 1.000480 1.000480
5690 40.775981 40.775981 40.775981 1.000480 1.000480 1.000480
5700 40.775981 40.775981 40.775981 1.000480 1.000480 1.000480
5710 40.775981 40.775981 40.775981 1.000480 1.000480 1.000480
5720 40.775981 40.775981 40.775981 1.000480 1.000480 1.000480
5730 40.775981 40.775981 40.775981 1.000480 1.000480 1.000480
5740 40.775981 40.775981 40.775981 1.000480 1.000480 1.000480
5750 40.775981 40.775981 40.775981 1.000480 1.000480 1.000480
5760 40.775981 40.775981 40.775981 1.000480 1.000480 1.000480
5770 40.775981 40.775981 40.775981 1.000480 1.000480 1.000480
5780 40.775981 40.775981 40.775981 1.000480 1.000480 1.000480
5790 40.775981 40.775981 40.775981 1.000480 1.000480 1.000480
5800 40.775981 40.775981 40.775981 1.000480 1.000480 1.000480
5810 40.775981 40.775981 40.775981 1.000480 1.000480 1.000480
5820 40.775981 40.775981 40.775981 1.000480 1.000480 1.000480
5830 40.775981 40.775981 40.775981 1.000480 1.000480 1.000480
5840 40.775981 40.775981 40.775981 1.000480 1.000480 1.000480
5850 40.775981 40.775981 40.775981 1.000480 1.000480 1.000480
5860 40.775981 40.775981 40.775981 1.000480 1.000480 1.000480
5870 40.775981 40.775981 40.775981 1.000480 1.000480 1.000480
5880 40.775981 40.775981 40.775981 1.000480 1.000480 1.000480
5890 40.775981 40.775981 40.775981 1.000480 1.000480 1.000480
5900 40.775981 40.775981 40.775981 1.000480 1.000480 1.000480
5910 40.775981 40.775981 40.775981 1.000480 1.000480 1.000480
5920 40.775981 40.775981 40.775981 1.000480 1.000480 1.000480
5930 40.775981 40.775981 40.775981 1.000480 1.000480 1.000480
5940 40.775981 40.775981 40.775981 1.000480 1.000480 1.000480
5950 40.775981 40.775981 40.775981 1.000480 1.000480 1.000480
5960 40.775981 40.775981 40.775981 1.000480 1.000480 1.000480
5970 40.775981 40.775981 40.775981 1.000480 1.000480 1.000480
5980 40.775981 40.775981 40.775981 1.000480 1.000480 1.000480
5990 40.775981 40.775981 40.775981 1.000480 1.000480 1.000480
6000 40.775981 40.775981 40.775981 1.000480 1.000480 1.000480
6010 40.775981 40.775981 40.775981 1.000480 1.000480 1.000480
6020 40.775981 40.775981 40.775981 1.000480 1.000480 1.000480
6030 40.775981 40.775981 40.775981 1.000480 1.000480 1.000480
6040 40.775981 40.775981 40.775981 1.000480 1.000480 1.000480
6050 40.775981 40.775981 40.775981 1.000480 1.000480 1.000480
6060 40.775981 40.775981 40.775981 1.000480 1.000480 1.000480
6070 40.775981 40.775981 40.775981 1.000480 1.000480 1.000480
6080 40.775981 40.775981 40.775981 1.000480 1.000480 1.000480
6090 40.775981 40.775981 40.775981 1.000480 1.000480 1.000480
6100 40.775981 40.775981 40.775981 1.000480 1.000480 1.000480
6110 40.775981 40.775981 40.775981 1.000480 1.000480 1.000480
6120 40.775981 40.775981 40.775981 1.000480 1.000480 1.000480
6130 40.775981 40.775981 40.775981 1.000480 1.000480 1.000480
6140 40.775981 40.775981 40.775981 1.000480 1.000480 1.000480
6150 40.775981 40.775981 40.775981 1.000480 1.000480 1.000480
6160 40.775981 40.775981 40.775981 1.000480 1.000480 1.000480
6170 40.775981 40.775981 40.775981 1.000480 1.000480 1.000480
6180 40.775981 40.775981 40.775981 1.000480 1.000480 1.000480
6190 40.775981 40.775981 40.775981 1.000480 1.000480 1.000480
6200 40.775981 40.775981 40.775981 1.000480 1.000480 1.000480
6210 40.775981 40.775981 40.775981 1.000480 1.000480 1.000480
6220 40.775981 40.775981 40.775981 1.000480 1.000480 1.000480
6230 40.775981 40.775981 40.775981 1.000480 1.000480 1.000480
6240 40.775981 40.775981 40.775981 1.000480 1.000480 1.000480
6250 40.775981 40.775981 40.775981 1.000480 1.000480 1.000480
6260 40.775981 40.775981 40.775981 1.000480 1.000480 1.000480
6270 40.775981 40.775981 40.775981 1.000480 1.000480 1.000480
6280 40.775981 40.775981 40.775981 1.000480 1.000480 1.000480
6290 40.775981 40.775981 40.775981 1.000480 1.000480 1.000480
6300 40.775981 40.775981 40.775981 1.000480 1.000480 1.000480
6310 40.775981 40.775981 40.775981 1.000480 1.000480 1.000480
6320 40.775981 40.775981 40.775981 1.000480 1.000480 1.000480
6330 40.775981 40.775981 40.775981 1.000480 1.000480 1.000480
6340 40.775981 40.775981 40.775981 1.000480 1.000480 1.000480
6350 40.775981 40.775981 40.775981 1.000480 1.000480 1.000480
6360 40.775981 40.775981 40.775981 1.000480 1.000480 1.000480
6370 40.775981 40.775981 40.775981 1.000480 1.000480 1.000480
6380 40.775981 40.775981 40.775981 1.000480 1.000480 1.000480
6390 40.775981 40.775981 40.775981 1.000480 1.000480 1.000480
6400 40.775981 40.775981 40.775981 1.000480 1.000480 1.000480
6410 40.775981 40.775981 40.775981 1.000480 1.000480 1.000480
6420 40.775981 40.775981 40.775981 1.000480 1.000480 1.000480
6430 40.775981 40.775981 40.775981 1.000480 1.000480 1.000480
6440 40.775981 40.775981 40.775981 1.000480 1.000480 1.000480
6450 40.775981 40.775981 40.775981 1.000480 1.000480 1.000480
6460 40.775981 40.775981 40.775981 1.000480 1.000480 1.000480
6470 40.775981 40.775981 40.775981 1.000480 1.000480 1.000480
6480 40.775981 40.775981 40.775981 1.000480 1.000480 1.000480
6490 40.775981 40.775981 40.775981 1.000480 1.000480 1.000480
6500 40.775981 40.775981 40.775981 1.000480 1.000480 1.000480
6510 40.775981 40.775981 40.775981 1.000480 1.000480 1.000480
6520 40.775981 40.775981 40.775981 1.000480 1.000480 1.000480
6530 40.775981 40.775981 40.775981 1.000480 1.000480 1.000480
6540 40.775981 40.775981 40.775981 1.000480 1.000480 1.000480
6550 40.775981 40.775981 40.775981 1.000480 1.000480 1.000480
6560 40.775981 40.775981 40.775981 1.000480 1.000480 1.000480
6570 40.775981 40.775981 40.775981 1.000480 1.000480 1.000480
6580 40.775981 40.775981 40.775981 1.000480 1.000480 1.000480
6590 40.775981 40.775981 40.775981 1.000480 1.000480 1.000480
6600 40.775981 40.775981 40.775981 1.000480 1.000480 1.000480
6610 40.775981 40.775981 40.775981 1.000480 1.000480 1.000480
6620 40.775981 40.775981 40.775981 1.000480 1.000480 1.000480
6630 40.775981 40.775981 40.775981 1.000480 1.000480 1.000480
6640 40.775981 40.775981 40.775981 1.000480 1.000480 1.000480
6650 40.775981 40.775981 40.775981 1.000480 1.000480 1.000480
6660 40.775981 40.775981 40.775981 1.000480 1.000480 1.000480
6670 40.775981 40.775981 40.775981 1.000480 1.000480 1.000480
6680 40.775981 40.775981 40.775981 1.000480 1.000480 1.000480
6690 40.775981 40.775981 40.775981 1.000480 1.000480 1.000480
6700 40.775981 40.775981 40.775981 1.000480 1.000480 1.000480
6710 40.775981 40.775981 40.775981 1.000480 1.000480 1.000480
6720 40.775981 40.775981 40.775981 1.000480 1.000480 1.000480
6730 40.775981 40.775981 40.775981 1.000480 1.000480 1.000480
6740 40.775981 40.775981 40.775981 1.000480 1.000480 1.000480
6750 40.775981 40.775981 40.775981 1.000480 1.000480 1.000480
6760 40.775981 40.775981 40.775981 1.000480 1.000480 1.000480
6770 40.775981 40.775981 40.775981 1.000480 1.000480 1.000480
6780 40.775981 40.775981 40.775981 1.000480 1.000480 1.000480
6790 40.775981 40.775981 40.775981 1.000480 1.000480 1.000480
6800 40.775981 40.775981 40.775981 1.000480 1.000480 1.000480
6810 40.775981 40.775981 40.775981 1.000480 1.000480 1.000480
6820 40.775981 40.775981 40.775981 1.000480 1.000480 1.000480
6830 40.775981 40.775981 40.775981 1.000480 1.000480 1.000480
6840 40.775981 40.775981 40.775981 1.000480 1.000480 1.000480
6850 40.775981 40.775981 40.775981 1.000480 1.000480 1.000480
6860 40.775981 40.775981 40.775981 1.000480 1.000480 1.000480
6870 40.775981 40.775981 40.775981 1.000480 1.000480 1.000480
6880 40.775981 40.775981 40.775981 1.000480 1.000480 1.000480
6890 40.775981 40.775981 40.775981 1.000480 1.000480 1.000480
6900 40.775981 40.775981 40.775981 1.000480 1.000480 1.000480
6910 40.775981 40.775981 40.775981 1.000480 1.000480 1.000480
6920 40.775981 40.775981 40.775981 1.000480 1.000480 1.000480
6930 40.775981 40.775981 40.775981 1.000480 1.000480 1.000480
6940 40.775981 40.775981 40.775981 1.000480 1.000480 1.000480
6950 40.775981 40.775981 40.775981 1.000480 1.000480 1.000480
6960 40.775981 40.775981 40.775981 1.000480 1.000480 1.000480
6970 40.775981 40.775981 40.775981 1.000480 1.000480 1.000480
6980 40.775981 40.775981 40.775981 1.000480 1.000480 1.000480
6990 40.775981 40.775981 40.775981 1.000480 1.000480 1.000480
7000 40.775981 40.775981 40.775981 1.000480 1.000480 1.000480
7010 40.775981 40.775981 40.775981 1.000480 1.000480 1.000480
7020 40.775981 40.775981 40.775981 1.000480 1.000480 1.000480
7030 40.775981 40.775981 40.775981 1.000480 1.000480 1.000480
7040 40.775981 40.775981 40.775981 1.000480 1.000480 1.000480
7050 40.775981 40.775981 40.775981 1.000480 1.000480 1.000480
7060 40.775981 40.775981 40.775981 1.000480 1.000480 1.000480
7070 40.775981 40.775981 40.775981 1.000480 1.000480 1.000480
7080 40.775981 40.775981 40.775981 1.000480 1.000480 1.000480
7090 40.775981 40.775981 40.775981 1.000480 1.000480 1.000480
7100 40.775981 40.775981 40.775981 1.000480 1.000480 1.000480
7110 40.775981 40.775981 40.775981 1.000480 1.000480 1.000480
7120 40.775981 40.775981 40.775981 1.000480 1.000480 1.000480
7130 40.775981 40.775981 40.775981 1.000480 1.000480 1.000480
7140 40.775981 40.775981 40.775981 1.000480 1.000480 1.000480
7150 40.775981 40.775981 40.775981 1.000480 1.000480 1.000480
7160 40.775981 40.775981 40.775981 1.000480 1.000480 1.000480
7170 40.775981 40.775981 40.775981 1.000480 1.000480 1.000480
7180 40.775981 40.775981 40.775981 1.000480 1.000480 1.000480
7190 40.775981 40.775981 40.775981 1.000480 1.000480 1.000480
7200 40.775981 40.775981 40.775981 1.000480 1.000480 1.000480
7210 40.775981 40.775981 40.775981 1.000480 1.000480 1.000480
7220 40.775981 40.775981 40.775981 1.000480 1.000480 1.000480
7230 40.775981 40.775981 40.775981 1.000480 1.000480 1.000480
7240 40.775981 40.775981 40.775981 1.000480 1.000480 1.000480
7250 40.775981 40.775981 40.775981 1.000480 1.000480 1.000480
7260 40.775981 40.775981 40.775981 1.000480 1.000480 1.000480
7270 40.775981 40.775981 40.775981 1.000480 1.000480 1.000480
7280 40.775981 40.775981 40.775981 1.000480 1.000480 1.000480
7290 40.775981 40.775981 40.775981 1.000480 1.000480 1.000480
7300 40.775981 40.775981 40.775981 1.000480 1.000480 1.000480
7310 40.775981 40.775981 40.775981 1.000480 1.000480 1.000480
7320 40.775981 40.775981 40.775981 1.000480 1.000480 1.000480
7330 40.775981 40.775981 40.775981 1.000480 1.000480 1.000480
7340 40.775981 40.775981 40.775981 1.000480 1.000480 1.000480
7350 40.775981 40.775981 40.775981 1.000480 1.000480 1.000480
7360 40.775981 40.775981 40.775981 1.000480 1.000480 1.000480
7370 40.775981 40.775981 40.775981 1.000480 1.000480 1.000480
7380 40.775981 40.775981 40.775981 1.000480 1.000480 1.000480
7390 40.775981 40.775981 40.775981 1.000480 1.000480 1.000480
7400 40.775981 40.775981 40.775981 1.000480 1.000480 1.000480
7410 40.775981 40.775981 40.775981 1.000480 1.000480 1.000480
7420 40.775981 40.775981 40.775981 1.000480 1.000480 1.000480
7430 40.775981 40.775981 40.775981 1.000480 1.000480 1.000480
7440 40.775981 40.775981 40.775981 1.000480 1.000480 1.000480
7450 40.775981 40.775981 40.775981 1.000480 1.000480 1.000480
7460 40.775981 40.775981 40.775981 1.000480 1.000480 1.000480
7470 40.775981 40.775981 40.775981 1.000480 1.000480 1.000480
7480 40.775981 40.775981 40.775981 1.000480 1.000480 1.000480
7490 40.775981 40.775981 40.775981 1.000480 1.000480 1.000480
7500 40.775981 40.775981 40.775981 1.000480 1.000480 1.000480
7510 40.775981 40.775981 40.775981 1.000480 1.000480 1.000480
7520 40.775981 40.775981 40.775981 1.000480 1.000480 1.000480
7530 40.775981 40.775981 40.775981 1.000480 1.000480 1.000480
7540 40.775981 40.775981 40.775981 1.000480 1.000480 1.000480
7550 40.775981 40.775981 40.775981 1.000480 1.000480 1.000480
7560 40.775981 40.775981 40.775981 1.000480 1.000480 1.000480
7570 40.775981 40.775981 40.775981 1.000480 1.000480 1.000480
7580 40.775981 40.775981 40.775981 1.000480 1.000480 1.000480
7590 40.775981 40.775981 40.775981 1.000480 1.000480 1.000480
7600 40.775981 40.775981 40.775981 1.000480 1.000480 1.000480
7610 40.775981 40.775981 40.775981 1.000480 1.000480 1.000480
7620 40.775981 40.775981 40.775981 1.000480 1.000480 1.000480
7630 40.775981 40.775981 40.775981 1.000480 1.000480 1.000480
7640 40.775981 40.775981 40.775981 1.000480 1.000480 1.000480
7650 40.775981 40.775981 40.775981 1.000480 1.000480 1.000480
7660 40.775981 40.775981 40.775981 1.000480 1.000480 1.000480
7670 40.775981 40.775981 40.775981 1.000480 1.000480 1.000480
7680 40.775981 40.775981 40.775981 1.000480 1.000480 1.000480
7690 40.775981 40.775981 40.775981 1.000480 1.000480 1.000480
7700 40.775981 40.775981 40.775981 1.000480 1.000480 1.000480
7710 40.775981 40.775981 40.775981 1.000480 1.000480 1.000480
7720 40.775981 40.775981 40.775981 1.000480 1.000480 1.000480
7730 40.775981 40.775981 40.775981 1.000480 1.000480 1.000480
7740 40.775981 40.775981 40.775981 1.000480 1.000480 1.000480
7750 40.775981 40.775981 40.775981 1.000480 1.000480 1.000480
7760 40.775981 40.775981 40.775981 1.000480 1.000480 1.000480
7770 40.775981 40.775981 40.775981 1.000480 1.000480 1.000480
7780 40.775981 40.775981 40.775981 1.000480 1.000480 1.000480
7790 40.775981 40.775981 40.775981 1.000480 1.000480 1.000480
7800 40.775981 40.775981 40.775981 1.000480 1.000480 1.000480
7810 40.775981 40.775981 40.775981 1.000480 1.000480 1.000480
7820 40.775981 40.775981 40.775981 1.000480 1.000480 1.000480
7830 40.775981 40.775981 40.775981 1.000480 1.000480 1.000480
7840 40.775981 40.775981 40.775981 1.000480 1.000480 1.000480
7850 40.775981 40.775981 40.775981 1.000480 1.000480 1.000480
7860 40.775981 40.775981 40.775981 1.000480 1.000480 1.000480
7870 40.775981 40.775981 40.775981 1.000480 1.000480 1.000480
7880 40.775981 40.775981 40.775981 1.000480 1.000480 1.000480
7890 40.775981 40.775981 40.775981 1.000480 1.000480 1.000480
7900 40.775981 40.775981 40.775981 1.000480 1.000480 1.000480
7910 40.775981 40.775981 40.775981 1.000480 1.000480 1.000480
7920 40.775981 40.775981 40.775981 1.000480 1.000480 1.000480
7930 40.775981 40.775981 40.775981 1.000480 1.000480 1.000480
7940 40.775981 40.775981 40.775981 1.000480 1.000480 1.000480
7950 40.775981 40.775981 40.775981 1.000480 1.000480 1.000480
7960 40.775981 40.775981 40.775981 1.000480 1.000480 1.000480
7970 40.775981 40.775981 40.775981 1.000480 1.000480 1.000480
7980 40.775981 40.775981 40.775981 1.000480 1.000480 1.000480
7990 40.775981 40.775981 40.775981 1.000480 1.000480 1.000480
8000 40.775981 40.775981 40.775981 1.000480 1.000480 1.000480
8010 40.775981 40.775981 40.775981 1.000480 1.000480 1.000480
8020 40.775981 40.775981 40.775981 1.000480 1.000480 1.000480
8030 40.775981 40.775981 40.775981 1.000480 1.000480 1.000480
8040 40.775981 40.775981 40.775981 1.000480 1.000480 1.000480
8050 40.775981 40.775981 40.775981 1.000480 1.000480 1.000480
8060 40.775981 40.775981 40.775981 1.000480 1.000480 1.000480
8070 40.775981 40.775981 40.775981 1.000480 1.000480 1.000480
8080 40.775981 40.775981 40.775981 1.000480 1.000480 1.000480
8090 40.775981 40.775981 40.775981 1.000480 1.000480 1.000480
8100 40.775981 40.775981 40.775981 1.000480 1.000480 1.000480
8110 40.775981 40.775981 40.775981 1.000480 1.000480 1.000480
8120 40.775981 40.775981 40.775981 1.000480 1.000480 1.000480
8130 40.775981 40.775981 40.775981 1.000480 1.000480 1.000480
8140 40.775981 40.775981 40.775981 1.000480 1.000480 1.000480
8150 40.775981 40.775981 40.775981 1.000480 1.000480 1.000480
8160 40.775981 40.775981 40.775981 1.000480 1.000480 1.000480
8170 40.775981 40.775981 40.775981 1.000480 1.000480 1.000480
8180 40.775981 40.775981 40.775981 1.000480 1.000480 1.000480
8190 40.775981 40.775981 40.775981 1.000480 1.000480 1.000480
8200 40.775981 40.775981 40.775981 1.000480 1.000480 1.000480
8210 40.775981 40.775981 40.775981 1.000480 1.000480 1.000480
8220 40.775981 40.775981 40.775981 1.000480 1.000480 1.000480
8230 40.775981 40.775981 40.775981 1.000480 1.000480 1.000480
8240 40.775981 40.775981 40.775981 1.000480 1.000480 1.000480
8250 40.775981 40.775981 40.775981 1.000480 1.000480 1.000480
8260 40.775981 40.775981 40.775981 1.000480 1.000480 1.000480
8270 40.775981 40.775981 40.775981 1.000480 1.000480 1.000480
8280 40.775981 40.775981 40.775981 1.000480 1.000480 1.000480
8290 40.775981 40.775981 40.775981 1.000480 1.000480 1.000480
8300 40.775981 40.775981 40.775981 1.000480 1.000480 1.000480
8310 40.775981 40.775981 40.775981 1.000480 1.000480 1.000480
8320 40.775981 40.775981 40.775981 1.000480 1.000480 1.000480
8330 40.775981 40.775981 40.775981 1.000480 1.000480 1.000480
8340 40.775981 40.775981 40.775981 1.000480 1.000480 1.000480
8350 40.775981 40.775981 40.775981 1.000480 1.000480 1.000480
8360 40.775981 40.775981 40.775981 1.000480 1.000480 1.000480
8370 40.775981 40.775981 40.775981 1.000480 1.000480 1.000480
8380 40.775981 40.775981 40.775981 1.000480 1.000480 1.000480
8390 40.775981 40.775981 40.775981 1.000480 1.000480 1.000480
8400 40.775981 40.775981 40.775981 1.000480 1.000480 1.000480
8410 40.775981 40.775981 40.775981 1.000480 1.000480 1.000480
8420 40.775981 40.775981 40.775981 1.000480 1.000480 1.000480
8430 40.775981 40.775981 40.775981 1.000480 1.000480 1.000480
8440 40.775981 40.775981 40.775981 1.000480 1.000480 1.000480
8450 40.775981 40.775981 40.775981 1.000480 1.000480 1.000480
8460 40.775981 40.775981 40.775981 1.000480 1.000480 1.000480
8470 40.775981 40.775981 40.775981 1.000480 1.000480 1.000480
8480 40.775981 40.775981 40.775981 1.000480 1.000480 1.000480
8490 40.775981 40.775981 40.775981 1.000480 1.000480 1.000480
8500 40.775981 40.775981 40.775981 1.000480 1.000480 1.000480
8510 40.775981 40.775981 40.775981 1.000480 1.000480 1.000480
8520 40.775981 40.775981 40.775981 1.000480 1.000480 1.000480
8530 40.775981 40.775981 40.775981 1.000480 1.000480 1.000480
8540 40.775981 40.775981 40.775981 1.000480 1.000480 1.000480
8550 40.775981 40.775981 40.775981 1.000480 1.000480 1.000480
8560 40.775981 40.775981 40.775981 1.000480 1.000480 1.000480
8570 40.775981 40.775981 40.775981 1.000480 1.000480 1.000480
8580 40.775981 40.775981 40.775981 1.000480 1.000480 1.000480
8590 40.775981 40.775981 40.775981 1.000480 1.000480 1.000480
8600 40.775981 40.775981 40.775981 1.000480 1.000480 1.000480
8610 40.775981 40.775981 40.775981 1.000480 1.000480 1.000480
8620 40.775981 40.775981 40.775981 1.000480 1.000480 1.000480
8630 40.775981 40.775981 40.775981 1.000480 1.000480 1.000480
8640 40.775981 40.775981 40.775981 1.000480 1.000480 1.000480
8650 40.775981 40.775981 40.775981 1.000480 1.000480 1.000480
8660 40.775981 40.775981 40.775981 1.000480 1.000480 1.000480
8670 40.775981 40.775981 40.775981 1.000480 1.000480 1.000480
8680 40.775981 40.775981 40.775981 1.000480 1.000480 1.000480
8690 40.775981 40.775981 40.775981 1.000480 1.000480 1.000480
8700 40.775981 40.775981 40.775981 1.000480 1.000480 1.000480
8710 40.775981 40.775981 40.775981 1.000480 1.000480 1.000480
8720 40.775981 40.775981 40.775981 1.000480 1.000480 1.000480
8730 40.775981 40.775981 40.775981 1.000480 1.000480 1.000480
8740 40.775981 40.775981 40.775981 1.000480 1.000480 1.000480
8750 40.775981 40.775981 40.775981 1.000480 1.000480 1.000480
8760 40.775981 40.775981 40.775981 1.000480 1.000480 1.000480
8770 40.775981 40.775981 40.775981 1.000480 1.000480 1.000480
8780 40.775981 40.775981 40.775981 1.000480 1.000480 1.000480
8790 40.775981 40.775981 40.775981 1.000480 1.000480 1.000480
8800 40.775981 40.775981 40.775981 1.000480 1.000480 1.000480
8810 40.775981 40.775981 40.775981 1.000480 1.000480 1.000480
8820 40.775981 40.775981 40.775981 1.000480 1.000480 1.000480
8830 40.775981 40.775981 40.775981 1.000480 1.000480 1.000480
8840 40.775981 40.775981 40.775981 1.000480 1.000480 1.000480
8850 40.775981 40.775981 40.775981 1.000480 1.000480 1.000480
8860 40.775981 40.775981 40.775981 1.000480 1.000480 1.000480
8870 40.775981 40.775981 40.775981 1.000480 1.000480 1.000480
8880 40.775981 40.775981 40.775981 1.000480 1.000480 1.000480
8890 40.775981 40.775981 40.775981 1.000480 1.000480 1.000480
8900 40.775981 40.775981 40.775981 1.000480 1.000480 1.000480
8910 40.775981 40.775981 40.775981 1.000480 1.000480 1.000480
8920 40.775981 40.775981 40.775981 1.000480 1.000480 1.000480
8930 40.775981 40.775981 40.775981 1.000480 1.000480 1.000480
8940 40.775981 40.775981 40.775981 1.000480 1.000480 1.000480
8950 40.775981 40.775981 40.775981 1.000480 1.000480 1.000480
8960 40.775981 40.775981 40.775981 1.000480 1.000480 1.000480
8970 40.775981 40.775981 40.775981 1.000480 1.000480 1.000480
8980 40.775981 40.775981 40.775981 1.000480 1.000480 1.000480
8990 40.775981 40.775981 40.775981 1.000480 1.000480 1.000480
9000 40.775981 40.775981 40.775981 1.000480 1.000480 1.000480
9010 40.775981 40.775981 40.775981 1.000480 1.000480 1.000480
9020 40.775981 40.775981 40.775981 1.000480 1.000480 1.000480
9030 40.775981 40.775981 40.775981 1.000480 1.000480 1.000480
9040 40.775981 40.775981 40.775981 1.000480 1.000480 1.000480
9050 40.775981 40.775981 40.775981 1.000480 1.000480 1.000480
9060 40.775981 40.775981 40.775981 1.000480 1.000480 1.000480
9070 40.775981 40.775981 40.775981 1.000480 1.000480 1.000480
9080 40.775981 40.775981 40.775981 1.000480 1.000480 1.000480
9090 40.775981 40.775981 40.775981 1.000480 1.000480 1.000480
9100 40.775981 40.775981 40.775981 1.000480 1.000480 1.000480
9110 40.775981 40.775981 40.775981 1.000480 1.000480 1.000480
9120 40.775981 40.775981 40.775981 1.000480 1.000480 1.000480
9130 40.775981 40.775981 40.775981 1.000480 1.000480 1.000480
9140 40.775981 40.775981 40.775981 1.000480 1.000480 1.000480
9150 40.775981 40.775981 40.775981 1.000480 1.000480 1.000480
9160 40.775981 40.775981 40.775981 1.000480 1.000480 1.000480
9170 40.775981 40.775981 40.775981 1.000480 1.000480 1.000480
9180 40.775981 40.775981 40.775981 1.000480 1.000480 1.000480
9190 40.775981 40.775981 40.775981 1.000480 1.000480 1.000480
9200 40.775981 40.775981 40.775981 1.000480 1.000480 1.000480
9210 40.775981 40.775981 40.775981 1.000480 1.000480 1.000480
9220 40.775981 40.775981 40.775981 1.000480 1.000480 1.000480
9230 40.775981 40.775981 40.775981 1.000480 1.000480 1.000480
9240 40.775981 40.775981 40.775981 1.000480 1.000480 1.000480
9250 40.775981 40.775981 40.775981 1.000480 1.000480 1.000480
9260 40.775981 40.775981 40.775981 1.000480 1.000480 1.000480
9270 40.775981 40.775981 40.775981 1.000480 1.000480 1.000480
9280 40.775981 40.775981 40.775981 1.000480 1.000480 1.000480
9290 40.775981 40.775981 40.775981 1.000480 1.000480 1.000480
9300 40.775981 40.775981 40.775981 1.000480 1.000480 1.000480
9310 40.775981 40.775981 40.775981 1.000480 1.000480 1.000480
9320 40.775981 40.775981 40.775981 1.000480 1.000480 1.000480
9330 40.775981 40.775981 40.775981 1.000480 1.000480 1.000480
9340 40.775981 40.775981 40.775981 1.000480 1.000480 1.000480
9350 40.775981 40.775981 40.775981 1.000480 1.000480 1.000480
9360 40.775981 40.775981 40.775981 1.000480 1.000480 1.000480
9370 40.775981 40.775981 40.775981 1.000480 1.000480 1.000480
9380 40.775981 40.775981 40.775981 1.000480 1.000480 1.000480
9390 40.775981 40.775981 40.775981 1.000480 1.000480 1.000480
9400 40.775981 40.775981 40.775981 1.000480 1.000480 1.000480
9410 40.775981 40.775981 40.775981 1.000480 1.000480 1.000480
9420 40.775981 40.775981 40.775981 1.000480 1.000480 1.000480
9430 40.775981 40.775981 40.775981 1.000480 1.000480 1.000480
9440 40.775981 40.775981 40.775981 1.000480 1.000480 1.000480
9450 40.775981 40.775981 40.775981 1.000480 1.000480 1.000480
9460 40.775981 40.775981 40.775981 1.000480 1.000480 1.000480
9470 40.775981 40.775981 40.775981 1.000480 1.000480 1.000480
9480 40.775981 40.775981 40.775981 1.000480 1.000480 1.000480
9490 40.775981 40.775981 40.775981 1.000480 1.000480 1.000480
9500 40.775981 40.775981 40.775981 1.000480 1.000480 1.000480
9510 40.775981 40.775981 40.775981 1.000480 1.000480 1.000480
9520 40.775981 40.775981 40.775981 1.000480 1.000480 1.000480
9530 40.775981 40.775981 40.775981 1.000480 1.000480 1.000480
9540 40.775981 40.775981 40.775981 1.000480 1.000480 1.000480
9550 40.775981 40.775981 40.775981 1.000480 1.000480 1.000480
9560 40.775981 40.775981 40.775981 1.000480 1.000480 1.000480
9570 40.775981 40.775981 40.775981 1.000480 1.000480 1.000480
9580 40.775981 40.775981 40.775981 1.000480 1.000480 1.000480
9590 40.775981 40.775981 40.775981 1.000480 1.000480 1.000480
9600 40.775981 40.775981 40.775981 1.000480 1.000480 1.000480
9610 40.775981 40.775981 40.775981 1.000480 1.000480 1.000480
9620 40.775981 40.775981 40.775981 1.000480 1.000480 1.000480
9630 40.775981 40.775981 40.775981 1.000480 1.000480 1.000480
9640 40.775981 40.775981 40.775981 1.000480 1.000480 1.000480
9650 40.775981 40.775981 40.775981 1.000480 1.000480 1.000480
9660 40.775981 40.775981 40.775981 1.000480 1.000480 1.000480
9670 40.775981 40.775981 40.775981 1.000480 1.000480 1.000480
9680 40.775981 40.775981 40.775981 1.000480 1.000480 1.000480
9690 40.775981 40.775981 40.775981 1.000480 1.000480 1.000480
9700 40.775981 40.775981 40.775981 1.000480 1.000480 1.000480
9710 40.775981 40.775981 40.775981 1.000480 1.000480 1.000480
9720 40.775981 40.775981 40.775981 1.000480 1.000480 1.000480
9730 40.775981 40.775981 40.775981 1.000480 1.000480 1.000480
9740 40.775981 40.775981 40.775981 1.000480 1.000480 1.000480
9750 40.775981 40.775981 40.775981 1.000480 1.000480 1.000480
9760 40.775981 40.775981 40.775981 1.000480 1.000480 1.000480
9770 40.775981 40.775981 40.775981 1.000480 1.000480 1.000480
9780 40.775981 40.775981 40.775981 1.000480 1.000480 1.000480
9790 40.775981 40.775981 40.775981 1.000480 1.000480 1.000480
9800 40.775981 40.775981 40.775981 1.000480 1.000480 1.000480
9810 40.775981 40.775981 40.775981 1.000480 1.000480 1.000480
9820 40.775981 40.775981 40.775981 1.000480 1.000480 1.000480
9830 40.775981 40.775981 40.775981 1.000480 1.000480 1.000480
9840 40.775981 40.775981 40.775981 1.000480 1.000480 1.000480
9850 40.775981 40.775981 40.775981 1.000480 1.000480 1.000480
9860 40.775981 40.775981 40.775981 1.000480 1.000480 1.000480
9870 40.775981 40.775981 40.775981 1.000480 1.000480 1.000480
9880 40.775981 40.775981 40.775981 1.000480 1.000480 1.000480
9890 40.775981 40.775981 40.775981 1.000480 1.000480 1.000480
9900 40.775981 40.775981 40.775981 1.000480 1.000480 1.000480
9910 40.775981 40.775981 40.775981 1.000480 1.000480 1.000480
9920 40.775981 40.775981 40.775981 1.000480 1.000480 1.000480
9930 40.775981 40.775981 40.775981 1.000480 1.000480 1.000480
9940 40.775981 40.775981 40.775981 1.000480 1.000480 1.000480
9950 40.775981 40.775981 40.775981 1.000480 1.000480 1.000480
9960 40.775981 40.775981 40.775981 1.000480 1.000480 1.000480
9970 40.775981 40.775981 40.775981 1.000480 1.000480 1.000480
9980 40.775981 40.775981 40.775981 1.000480 1.000480 1.000480
9990 40.775981 40.775981 40.775981 1.000480 1.000480 1.000480
10000 40.775981 40.775981 40.775981 1.000480 1.000480 1.000480
