# generation power_min power_avg power_max util_min util_avg util_max
1 19.085469 19.085469 19.085469 1.379693 1.488589 1.499814
10 19.028800 19.028800 19.028800 1.379693 1.483233 1.499814
20 19.028800 19.028800 19.028800 1.208287 1.472820 1.499814
30 19.151278 19.151278 19.151278 1.208287 1.460156 1.499708
40 19.493817 19.493817 19.493817 1.208287 1.445273 1.499708
50 19.830853 19.830853 19.830853 1.157947 1.425662 1.499483
60 19.830853 19.830853 19.830853 1.157947 1.406556 1.499483
70 19.830853 19.830853 19.830853 1.157947 1.384025 1.499150
80 19.830853 19.830853 19.830853 1.157947 1.362210 1.498124
90 19.830853 19.830853 19.830853 1.128946 1.334608 1.498124
100 19.830853 19.830853 19.830853 1.126029 1.309144 1.497884
110 20.053062 20.053062 20.053062 1.067736 1.278756 1.497884
120 20.053062 20.053062 20.053062 1.067736 1.253128 1.487790
130 20.233558 20.233558 20.233558 1.064470 1.227023 1.400747
140 20.233558 20.233558 20.233558 1.019464 1.205367 1.360771
150 20.233558 20.233558 20.233558 1.019464 1.183429 1.343950
160 20.334391 20.334391 20.334391 1.019464 1.164875 1.293069
170 20.334391 20.334391 20.334391 1.019464 1.147744 1.293069
180 20.369815 20.369815 20.369815 0.996157 1.129420 1.247514
190 20.369815 20.369815 20.369815 0.996157 1.117847 1.221653
200 20.380566 20.369815 20.380566 0.996157 1.106254 1.211686
210 20.380566 20.369815 20.380566 0.996157 1.095147 1.184092
220 20.380566 20.369815 20.380566 0.996157 1.084210 1.184092
230 20.380566 20.369815 20.380566 0.996157 1.073840 1.168626
240 20.380566 19.938555 20.380566 0.982332 1.061080 1.145181
250 20.380566 19.927219 20.380566 0.982332 1.050143 1.138263
260 20.380566 19.765350 20.380566 0.982332 1.040416 1.099037
270 20.369815 19.742942 20.369815 0.982332 1.034388 1.093650
280 20.369815 19.694760 20.369815 0.982332 1.028383 1.086692
290 20.369815 19.730503 20.369815 0.982332 1.023816 1.071906
300 20.369815 19.708823 20.369815 0.982332 1.017942 1.056704
310 20.369815 19.677658 20.369815 0.982332 1.014635 1.056704
320 20.369815 19.666503 20.369815 0.982332 1.011563 1.046215
330 20.123672 19.620273 20.123672 0.982332 1.009160 1.038991
340 19.893212 19.583994 19.893212 0.982177 1.007230 1.029156
350 19.893212 19.564353 19.893212 0.981309 1.005577 1.029156
360 19.667343 19.510126 19.667343 0.981309 1.005195 1.029156
370 19.667343 19.502848 19.667343 0.981309 1.003439 1.029156
380 19.667343 19.494115 19.667343 0.981309 1.001228 1.029156
390 19.654932 19.487318 19.654932 0.981309 0.999870 1.029156
400 19.586093 19.467380 19.586093 0.973834 0.998744 1.017006
410 19.552638 19.451484 19.552638 0.971864 0.999206 1.017006
420 19.545229 19.426069 19.545229 0.971864 0.998865 1.020887
430 19.511940 19.403391 19.511940 0.968425 0.998054 1.020887
440 19.494053 19.383202 19.494053 0.968425 0.998013 1.020887
450 19.457770 19.358509 19.457770 0.968425 0.998268 1.020887
460 19.447270 19.335842 19.447270 0.968425 0.998809 1.020887
470 19.430142 19.294150 19.430142 0.968425 0.998956 1.020887
480 19.422637 19.245085 19.422637 0.968425 0.999127 1.020887
490 19.382401 19.185216 19.382401 0.968425 1.000101 1.020887
500 19.364830 19.166888 19.364830 0.968425 0.999295 1.020887
510 19.313542 19.086325 19.313542 0.968911 0.999638 1.020887
520 19.258182 19.018203 19.258182 0.968911 1.000529 1.020887
530 19.239666 18.970381 19.239666 0.968911 1.000568 1.020887
540 19.226675 18.939920 19.226675 0.968911 0.999533 1.012397
550 19.200523 18.905467 19.200523 0.971151 0.999659 1.009510
560 19.098724 18.871139 19.098724 0.990386 1.000084 1.009510
570 19.033443 18.836591 19.033443 0.990386 1.000160 1.009510
580 18.997923 18.822544 18.997923 0.990386 0.999954 1.006161
590 18.533623 18.800873 18.949110 0.990386 0.999943 1.006161
600 18.533623 18.776350 18.911344 0.990999 0.999996 1.006157
610 18.533623 18.759704 18.840869 0.990999 0.999844 1.006157
620 18.533623 18.737506 18.840869 0.990999 0.999953 1.006157
630 18.790786 18.710811 18.790786 0.990999 1.000103 1.008669
640 18.473127 18.692744 18.790786 0.990999 0.999787 1.008669
650 18.473127 18.668870 18.780318 0.990999 0.999631 1.008669
660 18.473127 18.640043 18.780289 0.996590 0.999761 1.008669
670 18.464086 18.631922 18.766794 0.996590 0.999603 1.008669
680 18.464086 18.609355 18.747767 0.996590 0.999251 1.008669
690 18.464086 18.577803 18.733868 0.996590 0.998991 1.008669
700 18.464086 18.567449 18.707948 0.996590 0.998640 1.002296
710 18.464086 18.563332 18.679638 0.996590 0.998308 1.002296
720 18.464086 18.557878 18.679638 0.996590 0.997962 1.002296
730 18.464086 18.552528 18.675291 0.996590 0.997644 1.001072
740 18.464086 18.536416 18.675291 0.996590 0.997371 1.001072
750 18.464086 18.525169 18.627592 0.996590 0.997093 1.001072
760 18.464086 18.521692 18.533623 0.996590 0.997047 1.000308
770 18.533623 18.517797 18.533623 0.996590 0.997218 1.000473
780 18.533623 18.514515 18.533623 0.996590 0.997374 1.000473
790 18.533623 18.509180 18.533623 0.996590 0.997589 1.000473
800 18.391246 18.502843 18.533623 0.996590 0.997765 1.000473
810 18.391246 18.496947 18.533623 0.996590 0.997969 1.000807
820 18.391246 18.490115 18.533623 0.996590 0.998191 1.000807
830 18.391246 18.483532 18.533623 0.996590 0.998376 1.000807
840 18.391246 18.476310 18.533623 0.996590 0.998603 1.000807
850 18.391246 18.468882 18.533623 0.996590 0.998845 1.000807
860 18.391246 18.465231 18.473127 0.998465 0.998963 1.000807
870 18.473127 18.463236 18.473127 0.998465 0.999033 1.001551
880 18.473127 18.459394 18.473127 0.998465 0.999080 1.001551
890 18.473127 18.455697 18.473127 0.998465 0.999229 1.001551
900 18.464086 18.448789 18.464086 0.998465 0.999346 1.001551
910 18.464086 18.444868 18.464086 0.998465 0.999525 1.001551
920 18.464086 18.440783 18.464086 0.998465 0.999755 1.001551
930 18.464086 18.433395 18.464086 0.998465 1.000012 1.001551
940 18.461876 18.424501 18.461876 0.998799 1.000288 1.001551
950 18.461876 18.409937 18.461876 0.998799 1.000503 1.001551
960 18.405808 18.388689 18.405808 0.999543 1.000758 1.001551
970 18.405808 18.388689 18.405808 0.999543 1.000862 1.001551
980 18.405808 18.388689 18.405808 0.999543 1.000970 1.001551
990 18.405808 18.388689 18.405808 0.999543 1.001078 1.001551
1000 18.391246 18.387937 18.391246 0.999543 1.001225 1.001551
1010 18.391246 18.383209 18.391246 0.999543 1.001413 1.001551
1020 18.321733 18.321733 18.321733 1.001551 1.001551 1.001551
1030 18.321733 18.321733 18.321733 1.001551 1.001551 1.001551
1040 18.321733 18.321733 18.321733 1.001551 1.001551 1.001551
1050 18.321733 18.321733 18.321733 1.001551 1.001551 1.001551
1060 18.321733 18.321733 18.321733 1.001551 1.001551 1.001551
1070 18.321733 18.321733 18.321733 1.001551 1.001551 1.001551
1080 18.321733 18.321733 18.321733 1.001551 1.001551 1.001551
1090 18.321733 18.321733 18.321733 1.001551 1.001551 1.001551
1100 18.321733 18.321733 18.321733 1.001551 1.001551 1.001551
1110 18.321733 18.321733 18.321733 1.001551 1.001551 1.001551
1120 18.321733 18.321733 18.321733 1.001551 1.001551 1.001551
1130 18.321733 18.321733 18.321733 1.001551 1.001551 1.001551
1140 18.321733 18.321733 18.321733 1.001551 1.001551 1.001551
1150 18.321733 18.321733 18.321733 1.001551 1.001551 1.001551
1160 18.321733 18.321733 18.321733 1.001551 1.001551 1.001551
1170 18.321733 18.321733 18.321733 1.001551 1.001551 1.001551
1180 18.321733 18.321733 18.321733 1.001551 1.001551 1.001551
1190 18.321733 18.321733 18.321733 1.001551 1.001551 1.001551
1200 18.321733 18.321733 18.321733 1.001551 1.001551 1.001551
1210 18.321733 18.321733 18.321733 1.001551 1.001551 1.001551
1220 18.321733 18.321733 18.321733 1.001551 1.001551 1.001551
1230 18.321733 18.321733 18.321733 1.001551 1.001551 1.001551
1240 18.321733 18.321733 18.321733 1.001551 1.001551 1.001551
1250 18.321733 18.321733 18.321733 1.001551 1.001551 1.001551
1260 18.321733 18.321733 18.321733 1.001551 1.001551 1.001551
1270 18.321733 18.321733 18.321733 1.001551 1.001551 1.001551
1280 18.321733 18.321733 18.321733 1.001551 1.001551 1.001551
1290 18.321733 18.321733 18.321733 1.001551 1.001551 1.001551
1300 18.321733 18.321733 18.321733 1.001551 1.001551 1.001551
1310 18.321733 18.321733 18.321733 1.001551 1.001551 1.001551
1320 18.321733 18.321733 18.321733 1.001551 1.001551 1.001551
1330 18.321733 18.321733 18.321733 1.001551 1.001551 1.001551
1340 18.321733 18.321733 18.321733 1.001551 1.001551 1.001551
1350 18.321733 18.321733 18.321733 1.001551 1.001551 1.001551
1360 18.321733 18.321733 18.321733 1.001551 1.001551 1.001551
1370 18.321733 18.321733 18.321733 1.001551 1.001551 1.001551
1380 18.321733 18.321733 18.321733 1.001551 1.001551 1.001551
1390 18.321733 18.321733 18.321733 1.001551 1.001551 1.001551
1400 18.321733 18.321733 18.321733 1.001551 1.001551 1.001551
1410 18.321733 18.321733 18.321733 1.001551 1.001551 1.001551
1420 18.321733 18.321733 18.321733 1.001551 1.001551 1.001551
1430 18.321733 18.321733 18.321733 1.001551 1.001551 1.001551
1440 18.321733 18.321733 18.321733 1.001551 1.001551 1.001551
1450 18.321733 18.321733 18.321733 1.001551 1.001551 1.001551
1460 18.321733 18.321733 18.321733 1.001551 1.001551 1.001551
1470 18.321733 18.321733 18.321733 1.001551 1.001551 1.001551
1480 18.321733 18.321733 18.321733 1.001551 1.001551 1.001551
1490 18.321733 18.321733 18.321733 1.001551 1.001551 1.001551
1500 18.321733 18.321733 18.321733 1.001551 1.001551 1.001551
1510 18.321733 18.321733 18.321733 1.001551 1.001551 1.001551
1520 18.321733 18.321733 18.321733 1.001551 1.001551 1.001551
1530 18.321733 18.321733 18.321733 1.001551 1.001551 1.001551
1540 18.321733 18.321733 18.321733 1.001551 1.001551 1.001551
1550 18.321733 18.321733 18.321733 1.001551 1.001551 1.001551
1560 18.321733 18.321733 18.321733 1.001551 1.001551 1.001551
1570 18.321733 18.321733 18.321733 1.001551 1.001551 1.001551
1580 18.321733 18.321733 18.321733 1.001551 1.001551 1.001551
1590 18.321733 18.321733 18.321733 1.001551 1.001551 1.001551
1600 18.321733 18.321733 18.321733 1.001551 1.001551 1.001551
1610 18.321733 18.321733 18.321733 1.001551 1.001551 1.001551
1620 18.321733 18.321733 18.321733 1.001551 1.001551 1.001551
1630 18.321733 18.321733 18.321733 1.001551 1.001551 1.001551
1640 18.321733 18.321733 18.321733 1.001551 1.001551 1.001551
1650 18.321733 18.321733 18.321733 1.001551 1.001551 1.001551
1660 18.321733 18.321733 18.321733 1.001551 1.001551 1.001551
1670 18.321733 18.321733 18.321733 1.001551 1.001551 1.001551
1680 18.321733 18.321733 18.321733 1.001551 1.001551 1.001551
1690 18.321733 18.321733 18.321733 1.001551 1.001551 1.001551
1700 18.321733 18.321733 18.321733 1.001551 1.001551 1.001551
1710 18.321733 18.321733 18.321733 1.001551 1.001551 1.001551
1720 18.321733 18.321733 18.321733 1.001551 1.001551 1.001551
1730 18.321733 18.321733 18.321733 1.001551 1.001551 1.001551
1740 18.321733 18.321733 18.321733 1.001551 1.001551 1.001551
1750 18.321733 18.321733 18.321733 1.001551 1.001551 1.001551
1760 18.321733 18.321733 18.321733 1.001551 1.001551 1.001551
1770 18.321733 18.321733 18.321733 1.001551 1.001551 1.001551
1780 18.321733 18.321733 18.321733 1.001551 1.001551 1.001551
1790 18.321733 18.321733 18.321733 1.001551 1.001551 1.001551
1800 18.321733 18.321733 18.321733 1.001551 1.001551 1.001551
1810 18.321733 18.321733 18.321733 1.001551 1.001551 1.001551
1820 18.321733 18.321733 18.321733 1.001551 1.001551 1.001551
1830 18.321733 18.321733 18.321733 1.001551 1.001551 1.001551
1840 18.321733 18.321733 18.321733 1.001551 1.001551 1.001551
1850 18.321733 18.321733 18.321733 1.001551 1.001551 1.001551
1860 18.321733 18.321733 18.321733 1.001551 1.001551 1.001551
1870 18.321733 18.321733 18.321733 1.001551 1.001551 1.001551
1880 18.321733 18.321733 18.321733 1.001551 1.001551 1.001551
1890 18.321733 18.321733 18.321733 1.001551 1.001551 1.001551
1900 18.321733 18.321733 18.321733 1.001551 1.001551 1.001551
1910 18.321733 18.321733 18.321733 1.001551 1.001551 1.001551
1920 18.321733 18.321733 18.321733 1.001551 1.001551 1.001551
1930 18.321733 18.321733 18.321733 1.001551 1.001551 1.001551
1940 18.321733 18.321733 18.321733 1.001551 1.001551 1.001551
1950 18.321733 18.321733 18.321733 1.001551 1.001551 1.001551
1960 18.321733 18.321733 18.321733 1.001551 1.001551 1.001551
1970 18.321733 18.321733 18.321733 1.001551 1.001551 1.001551
1980 18.321733 18.321733 18.321733 1.001551 1.001551 1.001551
1990 18.321733 18.321733 18.321733 1.001551 1.001551 1.001551
2000 18.321733 18.321733 18.321733 1.001551 1.001551 1.001551
2010 18.321733 18.321733 18.321733 1.001551 1.001551 1.001551
2020 18.321733 18.321733 18.321733 1.001551 1.001551 1.001551
2030 18.321733 18.321733 18.321733 1.001551 1.001551 1.001551
2040 18.321733 18.321733 18.321733 1.001551 1.001551 1.001551
2050 18.321733 18.321733 18.321733 1.001551 1.001551 1.001551
2060 18.321733 18.321733 18.321733 1.001551 1.001551 1.001551
2070 18.321733 18.321733 18.321733 1.001551 1.001551 1.001551
2080 18.321733 18.321733 18.321733 1.001551 1.001551 1.001551
2090 18.321733 18.321733 18.321733 1.001551 1.001551 1.001551
2100 18.321733 18.321733 18.321733 1.001551 1.001551 1.001551
2110 18.321733 18.321733 18.321733 1.001551 1.001551 1.001551
2120 18.321733 18.321733 18.321733 1.001551 1.001551 1.001551
2130 18.321733 18.321733 18.321733 1.001551 1.001551 1.001551
2140 18.321733 18.321733 18.321733 1.001551 1.001551 1.001551
2150 18.321733 18.321733 18.321733 1.001551 1.001551 1.001551
2160 18.321733 18.321733 18.321733 1.001551 1.001551 1.001551
2170 18.321733 18.321733 18.321733 1.001551 1.001551 1.001551
2180 18.321733 18.321733 18.321733 1.001551 1.001551 1.001551
2190 18.321733 18.321733 18.321733 1.001551 1.001551 1.001551
2200 18.321733 18.321733 18.321733 1.001551 1.001551 1.001551
2210 18.321733 18.321733 18.321733 1.001551 1.001551 1.001551
2220 18.321733 18.321733 18.321733 1.001551 1.001551 1.001551
2230 18.321733 18.321733 18.321733 1.001551 1.001551 1.001551
2240 18.321733 18.321733 18.321733 1.001551 1.001551 1.001551
2250 18.321733 18.321733 18.321733 1.001551 1.001551 1.001551
2260 18.321733 18.321733 18.321733 1.001551 1.001551 1.001551
2270 18.321733 18.321733 18.321733 1.001551 1.001551 1.001551
2280 18.321733 18.321733 18.321733 1.001551 1.001551 1.001551
2290 18.321733 18.321733 18.321733 1.001551 1.001551 1.001551
2300 18.321733 18.321733 18.321733 1.001551 1.001551 1.001551
2310 18.321733 18.321733 18.321733 1.001551 1.001551 1.001551
2320 18.321733 18.321733 18.321733 1.001551 1.001551 1.001551
2330 18.321733 18.321733 18.321733 1.001551 1.001551 1.001551
2340 18.321733 18.321733 18.321733 1.001551 1.001551 1.001551
2350 18.321733 18.321733 18.321733 1.001551 1.001551 1.001551
2360 18.321733 18.321733 18.321733 1.001551 1.001551 1.001551
2370 18.321733 18.321733 18.321733 1.001551 1.001551 1.001551
2380 18.321733 18.321733 18.321733 1.001551 1.001551 1.001551
2390 18.321733 18.321733 18.321733 1.001551 1.001551 1.001551
2400 18.321733 18.321733 18.321733 1.001551 1.001551 1.001551
2410 18.321733 18.321733 18.321733 1.001551 1.001551 1.001551
2420 18.321733 18.321733 18.321733 1.001551 1.001551 1.001551
2430 18.321733 18.321733 18.321733 1.001551 1.001551 1.001551
2440 18.321733 18.321733 18.321733 1.001551 1.001551 1.001551
2450 18.321733 18.321733 18.321733 1.001551 1.001551 1.001551
2460 18.321733 18.321733 18.321733 1.001551 1.001551 1.001551
2470 18.321733 18.321733 18.321733 1.001551 1.001551 1.001551
2480 18.321733 18.321733 18.321733 1.001551 1.001551 1.001551
2490 18.321733 18.321733 18.321733 1.001551 1.001551 1.001551
2500 18.321733 18.321733 18.321733 1.001551 1.001551 1.001551
2510 18.321733 18.321733 18.321733 1.001551 1.001551 1.001551
2520 18.321733 18.321733 18.321733 1.001551 1.001551 1.001551
2530 18.321733 18.321733 18.321733 1.001551 1.001551 1.001551
2540 18.321733 18.321733 18.321733 1.001551 1.001551 1.001551
2550 18.321733 18.321733 18.321733 1.001551 1.001551 1.001551
2560 18.321733 18.321733 18.321733 1.001551 1.001551 1.001551
2570 18.321733 18.321733 18.321733 1.001551 1.001551 1.001551
2580 18.321733 18.321733 18.321733 1.001551 1.001551 1.001551
2590 18.321733 18.321733 18.321733 1.001551 1.001551 1.001551
2600 18.321733 18.321733 18.321733 1.001551 1.001551 1.001551
2610 18.321733 18.321733 18.321733 1.001551 1.001551 1.001551
2620 18.321733 18.321733 18.321733 1.001551 1.001551 1.001551
2630 18.321733 18.321733 18.321733 1.001551 1.001551 1.001551
2640 18.321733 18.321733 18.321733 1.001551 1.001551 1.001551
2650 18.321733 18.321733 18.321733 1.001551 1.001551 1.001551
2660 18.321733 18.321733 18.321733 1.001551 1.001551 1.001551
2670 18.321733 18.321733 18.321733 1.001551 1.001551 1.001551
2680 18.321733 18.321733 18.321733 1.001551 1.001551 1.001551
2690 18.321733 18.321733 18.321733 1.001551 1.001551 1.001551
2700 18.321733 18.321733 18.321733 1.001551 1.001551 1.001551
2710 18.321733 18.321733 18.321733 1.001551 1.001551 1.001551
2720 18.321733 18.321733 18.321733 1.001551 1.001551 1.001551
2730 18.321733 18.321733 18.321733 1.001551 1.001551 1.001551
2740 18.321733 18.321733 18.321733 1.001551 1.001551 1.001551
2750 18.321733 18.321733 18.321733 1.001551 1.001551 1.001551
2760 18.321733 18.321733 18.321733 1.001551 1.001551 1.001551
2770 18.321733 18.321733 18.321733 1.001551 1.001551 1.001551
2780 18.321733 18.321733 18.321733 1.001551 1.001551 1.001551
2790 18.321733 18.321733 18.321733 1.001551 1.001551 1.001551
2800 18.321733 18.321733 18.321733 1.001551 1.001551 1.001551
2810 18.321733 18.321733 18.321733 1.001551 1.001551 1.001551
2820 18.321733 18.321733 18.321733 1.001551 1.001551 1.001551
2830 18.321733 18.321733 18.321733 1.001551 1.001551 1.001551
2840 18.321733 18.321733 18.321733 1.001551 1.001551 1.001551
2850 18.321733 18.321733 18.321733 1.001551 1.001551 1.001551
2860 18.321733 18.321733 18.321733 1.001551 1.001551 1.001551
2870 18.321733 18.321733 18.321733 1.001551 1.001551 1.001551
2880 18.321733 18.321733 18.321733 1.001551 1.001551 1.001551
2890 18.321733 18.321733 18.321733 1.001551 1.001551 1.001551
2900 18.321733 18.321733 18.321733 1.001551 1.001551 1.001551
2910 18.321733 18.321733 18.321733 1.001551 1.001551 1.001551
2920 18.321733 18.321733 18.321733 1.001551 1.001551 1.001551
2930 18.321733 18.321733 18.321733 1.001551 1.001551 1.001551
2940 18.321733 18.321733 18.321733 1.001551 1.001551 1.001551
2950 18.321733 18.321733 18.321733 1.001551 1.001551 1.001551
2960 18.321733 18.321733 18.321733 1.001551 1.001551 1.001551
2970 18.321733 18.321733 18.321733 1.001551 1.001551 1.001551
2980 18.321733 18.321733 18.321733 1.001551 1.001551 1.001551
2990 18.321733 18.321733 18.321733 1.001551 1.001551 1.001551
3000 18.321733 18.321733 18.321733 1.001551 1.001551 1.001551
3010 18.321733 18.321733 18.321733 1.001551 1.001551 1.001551
3020 18.321733 18.321733 18.321733 1.001551 1.001551 1.001551
3030 18.321733 18.321733 18.321733 1.001551 1.001551 1.001551
3040 18.321733 18.321733 18.321733 1.001551 1.001551 1.001551
3050 18.321733 18.321733 18.321733 1.001551 1.001551 1.001551
3060 18.321733 18.321733 18.321733 1.001551 1.001551 1.001551
3070 18.321733 18.321733 18.321733 1.001551 1.001551 1.001551
3080 18.321733 18.321733 18.321733 1.001551 1.001551 1.001551
3090 18.321733 18.321733 18.321733 1.001551 1.001551 1.001551
3100 18.321733 18.321733 18.321733 1.001551 1.001551 1.001551
3110 18.321733 18.321733 18.321733 1.001551 1.001551 1.001551
3120 18.321733 18.321733 18.321733 1.001551 1.001551 1.001551
3130 18.321733 18.321733 18.321733 1.001551 1.001551 1.001551
3140 18.321733 18.321733 18.321733 1.001551 1.001551 1.001551
3150 18.321733 18.321733 18.321733 1.001551 1.001551 1.001551
3160 18.321733 18.321733 18.321733 1.001551 1.001551 1.001551
3170 18.321733 18.321733 18.321733 1.001551 1.001551 1.001551
3180 18.321733 18.321733 18.321733 1.001551 1.001551 1.001551
3190 18.321733 18.321733 18.321733 1.001551 1.001551 1.001551
3200 18.321733 18.321733 18.321733 1.001551 1.001551 1.001551
3210 18.321733 18.321733 18.321733 1.001551 1.001551 1.001551
3220 18.321733 18.321733 18.321733 1.001551 1.001551 1.001551
3230 18.321733 18.321733 18.321733 1.001551 1.001551 1.001551
3240 18.321733 18.321733 18.321733 1.001551 1.001551 1.001551
3250 18.321733 18.321733 18.321733 1.001551 1.001551 1.001551
3260 18.321733 18.321733 18.321733 1.001551 1.001551 1.001551
3270 18.321733 18.321733 18.321733 1.001551 1.001551 1.001551
3280 18.321733 18.321733 18.321733 1.001551 1.001551 1.001551
3290 18.321733 18.321733 18.321733 1.001551 1.001551 1.001551
3300 18.321733 18.321733 18.321733 1.001551 1.001551 1.001551
3310 18.321733 18.321733 18.321733 1.001551 1.001551 1.001551
3320 18.321733 18.321733 18.321733 1.001551 1.001551 1.001551
3330 18.321733 18.321733 18.321733 1.001551 1.001551 1.001551
3340 18.321733 18.321733 18.321733 1.001551 1.001551 1.001551
3350 18.321733 18.321733 18.321733 1.001551 1.001551 1.001551
3360 18.321733 18.321733 18.321733 1.001551 1.001551 1.001551
3370 18.321733 18.321733 18.321733 1.001551 1.001551 1.001551
3380 18.321733 18.321733 18.321733 1.001551 1.001551 1.001551
3390 18.321733 18.321733 18.321733 1.001551 1.001551 1.001551
3400 18.321733 18.321733 18.321733 1.001551 1.001551 1.001551
3410 18.321733 18.321733 18.321733 1.001551 1.001551 1.001551
3420 18.321733 18.321733 18.321733 1.001551 1.001551 1.001551
3430 18.321733 18.321733 18.321733 1.001551 1.001551 1.001551
3440 18.321733 18.321733 18.321733 1.001551 1.001551 1.001551
3450 18.321733 18.321733 18.321733 1.001551 1.001551 1.001551
3460 18.321733 18.321733 18.321733 1.001551 1.001551 1.001551
3470 18.321733 18.321733 18.321733 1.001551 1.001551 1.001551
3480 18.321733 18.321733 18.321733 1.001551 1.001551 1.001551
3490 18.321733 18.321733 18.321733 1.001551 1.001551 1.001551
3500 18.321733 18.321733 18.321733 1.001551 1.001551 1.001551
3510 18.321733 18.321733 18.321733 1.001551 1.001551 1.001551
3520 18.321733 18.321733 18.321733 1.001551 1.001551 1.001551
3530 18.321733 18.321733 18.321733 1.001551 1.001551 1.001551
3540 18.321733 18.321733 18.321733 1.001551 1.001551 1.001551
3550 18.321733 18.321733 18.321733 1.001551 1.001551 1.001551
3560 18.321733 18.321733 18.321733 1.001551 1.001551 1.001551
3570 18.321733 18.321733 18.321733 1.001551 1.001551 1.001551
3580 18.321733 18.321733 18.321733 1.001551 1.001551 1.001551
3590 18.321733 18.321733 18.321733 1.001551 1.001551 1.001551
3600 18.321733 18.321733 18.321733 1.001551 1.001551 1.001551
3610 18.321733 18.321733 18.321733 1.001551 1.001551 1.001551
3620 18.321733 18.321733 18.321733 1.001551 1.001551 1.001551
3630 18.321733 18.321733 18.321733 1.001551 1.001551 1.001551
3640 18.321733 18.321733 18.321733 1.001551 1.001551 1.001551
3650 18.321733 18.321733 18.321733 1.001551 1.001551 1.001551
3660 18.321733 18.321733 18.321733 1.001551 1.001551 1.001551
3670 18.321733 18.321733 18.321733 1.001551 1.001551 1.001551
3680 18.321733 18.321733 18.321733 1.001551 1.001551 1.001551
3690 18.321733 18.321733 18.321733 1.001551 1.001551 1.001551
3700 18.321733 18.321733 18.321733 1.001551 1.001551 1.001551
3710 18.321733 18.321733 18.321733 1.001551 1.001551 1.001551
3720 18.321733 18.321733 18.321733 1.001551 1.001551 1.001551
3730 18.321733 18.321733 18.321733 1.001551 1.001551 1.001551
3740 18.321733 18.321733 18.321733 1.001551 1.001551 1.001551
3750 18.321733 18.321733 18.321733 1.001551 1.001551 1.001551
3760 18.321733 18.321733 18.321733 1.001551 1.001551 1.001551
3770 18.321733 18.321733 18.321733 1.001551 1.001551 1.001551
3780 18.321733 18.321733 18.321733 1.001551 1.001551 1.001551
3790 18.321733 18.321733 18.321733 1.001551 1.001551 1.001551
3800 18.321733 18.321733 18.321733 1.001551 1.001551 1.001551
3810 18.321733 18.321733 18.321733 1.001551 1.001551 1.001551
3820 18.321733 18.321733 18.321733 1.001551 1.001551 1.001551
3830 18.321733 18.321733 18.321733 1.001551 1.001551 1.001551
3840 18.321733 18.321733 18.321733 1.001551 1.001551 1.001551
3850 18.321733 18.321733 18.321733 1.001551 1.001551 1.001551
3860 18.321733 18.321733 18.321733 1.001551 1.001551 1.001551
3870 18.321733 18.321733 18.321733 1.001551 1.001551 1.001551
3880 18.321733 18.321733 18.321733 1.001551 1.001551 1.001551
3890 18.321733 18.321733 18.321733 1.001551 1.001551 1.001551
3900 18.321733 18.321733 18.321733 1.001551 1.001551 1.001551
3910 18.321733 18.321733 18.321733 1.001551 1.001551 1.001551
3920 18.321733 18.321733 18.321733 1.001551 1.001551 1.001551
3930 18.321733 18.321733 18.321733 1.001551 1.001551 1.001551
3940 18.321733 18.321733 18.321733 1.001551 1.001551 1.001551
3950 18.321733 18.321733 18.321733 1.001551 1.001551 1.001551
3960 18.321733 18.321733 18.321733 1.001551 1.001551 1.001551
3970 18.321733 18.321733 18.321733 1.001551 1.001551 1.001551
3980 18.321733 18.321733 18.321733 1.001551 1.001551 1.001551
3990 18.321733 18.321733 18.321733 1.001551 1.001551 1.001551
4000 18.321733 18.321733 18.321733 1.001551 1.001551 1.001551
4010 18.321733 18.321733 18.321733 1.001551 1.001551 1.001551
4020 18.321733 18.321733 18.321733 1.001551 1.001551 1.001551
4030 18.321733 18.321733 18.321733 1.001551 1.001551 1.001551
4040 18.321733 18.321733 18.321733 1.001551 1.001551 1.001551
4050 18.321733 18.321733 18.321733 1.001551 1.001551 1.001551
4060 18.321733 18.321733 18.321733 1.001551 1.001551 1.001551
4070 18.321733 18.321733 18.321733 1.001551 1.001551 1.001551
4080 18.321733 18.321733 18.321733 1.001551 1.001551 1.001551
4090 18.321733 18.321733 18.321733 1.001551 1.001551 1.001551
4100 18.321733 18.321733 18.321733 1.001551 1.001551 1.001551
4110 18.321733 18.321733 18.321733 1.001551 1.001551 1.001551
4120 18.321733 18.321733 18.321733 1.001551 1.001551 1.001551
4130 18.321733 18.321733 18.321733 1.001551 1.001551 1.001551
4140 18.321733 18.321733 18.321733 1.001551 1.001551 1.001551
4150 18.321733 18.321733 18.321733 1.001551 1.001551 1.001551
4160 18.321733 18.321733 18.321733 1.001551 1.001551 1.001551
4170 18.321733 18.321733 18.321733 1.001551 1.001551 1.001551
4180 18.321733 18.321733 18.321733 1.001551 1.001551 1.001551
4190 18.321733 18.321733 18.321733 1.001551 1.001551 1.001551
4200 18.321733 18.321733 18.321733 1.001551 1.001551 1.001551
4210 18.321733 18.321733 18.321733 1.001551 1.001551 1.001551
4220 18.321733 18.321733 18.321733 1.001551 1.001551 1.001551
4230 18.321733 18.321733 18.321733 1.001551 1.001551 1.001551
4240 18.321733 18.321733 18.321733 1.001551 1.001551 1.001551
4250 18.321733 18.321733 18.321733 1.001551 1.001551 1.001551
4260 18.321733 18.321733 18.321733 1.001551 1.001551 1.001551
4270 18.321733 18.321733 18.321733 1.001551 1.001551 1.001551
4280 18.321733 18.321733 18.321733 1.001551 1.001551 1.001551
4290 18.321733 18.321733 18.321733 1.001551 1.001551 1.001551
4300 18.321733 18.321733 18.321733 1.001551 1.001551 1.001551
4310 18.321733 18.321733 18.321733 1.001551 1.001551 1.001551
4320 18.321733 18.321733 18.321733 1.001551 1.001551 1.001551
4330 18.321733 18.321733 18.321733 1.001551 1.001551 1.001551
4340 18.321733 18.321733 18.321733 1.001551 1.001551 1.001551
4350 18.321733 18.321733 18.321733 1.001551 1.001551 1.001551
4360 18.321733 18.321733 18.321733 1.001551 1.001551 1.001551
4370 18.321733 18.321733 18.321733 1.001551 1.001551 1.001551
4380 18.321733 18.321733 18.321733 1.001551 1.001551 1.001551
4390 18.321733 18.321733 18.321733 1.001551 1.001551 1.001551
4400 18.321733 18.321733 18.321733 1.001551 1.001551 1.001551
4410 18.321733 18.321733 18.321733 1.001551 1.001551 1.001551
4420 18.321733 18.321733 18.321733 1.001551 1.001551 1.001551
4430 18.321733 18.321733 18.321733 1.001551 1.001551 1.001551
4440 18.321733 18.321733 18.321733 1.001551 1.001551 1.001551
4450 18.321733 18.321733 18.321733 1.001551 1.001551 1.001551
4460 18.321733 18.321733 18.321733 1.001551 1.001551 1.001551
4470 18.321733 18.321733 18.321733 1.001551 1.001551 1.001551
4480 18.321733 18.321733 18.321733 1.001551 1.001551 1.001551
4490 18.321733 18.321733 18.321733 1.001551 1.001551 1.001551
4500 18.321733 18.321733 18.321733 1.001551 1.001551 1.001551
4510 18.321733 18.321733 18.321733 1.001551 1.001551 1.001551
4520 18.321733 18.321733 18.321733 1.001551 1.001551 1.001551
4530 18.321733 18.321733 18.321733 1.001551 1.001551 1.001551
4540 18.321733 18.321733 18.321733 1.001551 1.001551 1.001551
4550 18.321733 18.321733 18.321733 1.001551 1.001551 1.001551
4560 18.321733 18.321733 18.321733 1.001551 1.001551 1.001551
4570 18.321733 18.321733 18.321733 1.001551 1.001551 1.001551
4580 18.321733 18.321733 18.321733 1.001551 1.001551 1.001551
4590 18.321733 18.321733 18.321733 1.001551 1.001551 1.001551
4600 18.321733 18.321733 18.321733 1.001551 1.001551 1.001551
4610 18.321733 18.321733 18.321733 1.001551 1.001551 1.001551
4620 18.321733 18.321733 18.321733 1.001551 1.001551 1.001551
4630 18.321733 18.321733 18.321733 1.001551 1.001551 1.001551
4640 18.321733 18.321733 18.321733 1.001551 1.001551 1.001551
4650 18.321733 18.321733 18.321733 1.001551 1.001551 1.001551
4660 18.321733 18.321733 18.321733 1.001551 1.001551 1.001551
4670 18.321733 18.321733 18.321733 1.001551 1.001551 1.001551
4680 18.321733 18.321733 18.321733 1.001551 1.001551 1.001551
4690 18.321733 18.321733 18.321733 1.001551 1.001551 1.001551
4700 18.321733 18.321733 18.321733 1.001551 1.001551 1.001551
4710 18.321733 18.321733 18.321733 1.001551 1.001551 1.001551
4720 18.321733 18.321733 18.321733 1.001551 1.001551 1.001551
4730 18.321733 18.321733 18.321733 1.001551 1.001551 1.001551
4740 18.321733 18.321733 18.321733 1.001551 1.001551 1.001551
4750 18.321733 18.321733 18.321733 1.001551 1.001551 1.001551
4760 18.321733 18.321733 18.321733 1.001551 1.001551 1.001551
4770 18.321733 18.321733 18.321733 1.001551 1.001551 1.001551
4780 18.321733 18.321733 18.321733 1.001551 1.001551 1.001551
4790 18.321733 18.321733 18.321733 1.001551 1.001551 1.001551
4800 18.321733 18.321733 18.321733 1.001551 1.001551 1.001551
4810 18.321733 18.321733 18.321733 1.001551 1.001551 1.001551
4820 18.321733 18.321733 18.321733 1.001551 1.001551 1.001551
4830 18.321733 18.321733 18.321733 1.001551 1.001551 1.001551
4840 18.321733 18.321733 18.321733 1.001551 1.001551 1.001551
4850 18.321733 18.321733 18.321733 1.001551 1.001551 1.001551
4860 18.321733 18.321733 18.321733 1.001551 1.001551 1.001551
4870 18.321733 18.321733 18.321733 1.001551 1.001551 1.001551
4880 18.321733 18.321733 18.321733 1.001551 1.001551 1.001551
4890 18.321733 18.321733 18.321733 1.001551 1.001551 1.001551
4900 18.321733 18.321733 18.321733 1.001551 1.001551 1.001551
4910 18.321733 18.321733 18.321733 1.001551 1.001551 1.001551
4920 18.321733 18.321733 18.321733 1.001551 1.001551 1.001551
4930 18.321733 18.321733 18.321733 1.001551 1.001551 1.001551
4940 18.321733 18.321733 18.321733 1.001551 1.001551 1.001551
4950 18.321733 18.321733 18.321733 1.001551 1.001551 1.001551
4960 18.321733 18.321733 18.321733 1.001551 1.001551 1.001551
4970 18.321733 18.321733 18.321733 1.001551 1.001551 1.001551
4980 18.321733 18.321733 18.321733 1.001551 1.001551 1.001551
4990 18.321733 18.321733 18.321733 1.001551 1.001551 1.001551
5000 18.321733 18.321733 18.321733 1.001551 1.001551 1.001551
5010 18.321733 18.321733 18.321733 1.001551 1.001551 1.001551
5020 18.321733 18.321733 18.321733 1.001551 1.001551 1.001551
5030 18.321733 18.321733 18.321733 1.001551 1.001551 1.001551
5040 18.321733 18.321733 18.321733 1.001551 1.001551 1.001551
5050 18.321733 18.321733 18.321733 1.001551 1.001551 1.001551
5060 18.321733 18.321733 18.321733 1.001551 1.001551 1.001551
5070 18.321733 18.321733 18.321733 1.001551 1.001551 1.001551
5080 18.321733 18.321733 18.321733 1.001551 1.001551 1.001551
5090 18.321733 18.321733 18.321733 1.001551 1.001551 1.001551
5100 18.321733 18.321733 18.321733 1.001551 1.001551 1.001551
5110 18.321733 18.321733 18.321733 1.001551 1.001551 1.001551
5120 18.321733 18.321733 18.321733 1.001551 1.001551 1.001551
5130 18.321733 18.321733 18.321733 1.001551 1.001551 1.001551
5140 18.321733 18.321733 18.321733 1.001551 1.001551 1.001551
5150 18.321733 18.321733 18.321733 1.001551 1.001551 1.001551
5160 18.321733 18.321733 18.321733 1.001551 1.001551 1.001551
5170 18.321733 18.321733 18.321733 1.001551 1.001551 1.001551
5180 18.321733 18.321733 18.321733 1.001551 1.001551 1.001551
5190 18.321733 18.321733 18.321733 1.001551 1.001551 1.001551
5200 18.321733 18.321733 18.321733 1.001551 1.001551 1.001551
5210 18.321733 18.321733 18.321733 1.001551 1.001551 1.001551
5220 18.321733 18.321733 18.321733 1.001551 1.001551 1.001551
5230 18.321733 18.321733 18.321733 1.001551 1.001551 1.001551
5240 18.321733 18.321733 18.321733 1.001551 1.001551 1.001551
5250 18.321733 18.321733 18.321733 1.001551 1.001551 1.001551
5260 18.321733 18.321733 18.321733 1.001551 1.001551 1.001551
5270 18.321733 18.321733 18.321733 1.001551 1.001551 1.001551
5280 18.321733 18.321733 18.321733 1.001551 1.001551 1.001551
5290 18.321733 18.321733 18.321733 1.001551 1.001551 1.001551
5300 18.321733 18.321733 18.321733 1.001551 1.001551 1.001551
5310 18.321733 18.321733 18.321733 1.001551 1.001551 1.001551
5320 18.321733 18.321733 18.321733 1.001551 1.001551 1.001551
5330 18.321733 18.321733 18.321733 1.001551 1.001551 1.001551
5340 18.321733 18.321733 18.321733 1.001551 1.001551 1.001551
5350 18.321733 18.321733 18.321733 1.001551 1.001551 1.001551
5360 18.321733 18.321733 18.321733 1.001551 1.001551 1.001551
5370 18.321733 18.321733 18.321733 1.001551 1.001551 1.001551
5380 18.321733 18.321733 18.321733 1.001551 1.001551 1.001551
5390 18.321733 18.321733 18.321733 1.001551 1.001551 1.001551
5400 18.321733 18.321733 18.321733 1.001551 1.001551 1.001551
5410 18.321733 18.321733 18.321733 1.001551 1.001551 1.001551
5420 18.321733 18.321733 18.321733 1.001551 1.001551 1.001551
5430 18.321733 18.321733 18.321733 1.001551 1.001551 1.001551
5440 18.321733 18.321733 18.321733 1.001551 1.001551 1.001551
5450 18.321733 18.321733 18.321733 1.001551 1.001551 1.001551
5460 18.321733 18.321733 18.321733 1.001551 1.001551 1.001551
5470 18.321733 18.321733 18.321733 1.001551 1.001551 1.001551
5480 18.321733 18.321733 18.321733 1.001551 1.001551 1.001551
5490 18.321733 18.321733 18.321733 1.001551 1.001551 1.001551
5500 18.321733 18.321733 18.321733 1.001551 1.001551 1.001551
5510 18.321733 18.321733 18.321733 1.001551 1.001551 1.001551
5520 18.321733 18.321733 18.321733 1.001551 1.001551 1.001551
5530 18.321733 18.321733 18.321733 1.001551 1.001551 1.001551
5540 18.321733 18.321733 18.321733 1.001551 1.001551 1.001551
5550 18.321733 18.321733 18.321733 1.001551 1.001551 1.001551
5560 18.321733 18.321733 18.321733 1.001551 1.001551 1.001551
5570 18.321733 18.321733 18.321733 1.001551 1.001551 1.001551
5580 18.321733 18.321733 18.321733 1.001551 1.001551 1.001551
5590 18.321733 18.321733 18.321733 1.001551 1.001551 1.001551
5600 18.321733 18.321733 18.321733 1.001551 1.001551 1.001551
5610 18.321733 18.321733 18.321733 1.001551 1.001551 1.001551
5620 18.321733 18.321733 18.321733 1.001551 1.001551 1.001551
5630 18.321733 18.321733 18.321733 1.001551 1.001551 1.001551
5640 18.321733 18.321733 18.321733 1.001551 1.001551 1.001551
5650 18.321733 18.321733 18.321733 1.001551 1.001551 1.001551
5660 18.321733 18.321733 18.321733 1.001551 1.001551 1.001551
5670 18.321733 18.321733 18.321733 1.001551 1.001551 1.001551
5680 18.321733 18.321733 18.321733 1.001551 1.001551 1.001551
5690 18.321733 18.321733 18.321733 1.001551 1.001551 1.001551
5700 18.321733 18.321733 18.321733 1.001551 1.001551 1.001551
5710 18.321733 18.321733 18.321733 1.001551 1.001551 1.001551
5720 18.321733 18.321733 18.321733 1.001551 1.001551 1.001551
5730 18.321733 18.321733 18.321733 1.001551 1.001551 1.001551
5740 18.321733 18.321733 18.321733 1.001551 1.001551 1.001551
5750 18.321733 18.321733 18.321733 1.001551 1.001551 1.001551
5760 18.321733 18.321733 18.321733 1.001551 1.001551 1.001551
5770 18.321733 18.321733 18.321733 1.001551 1.001551 1.001551
5780 18.321733 18.321733 18.321733 1.001551 1.001551 1.001551
5790 18.321733 18.321733 18.321733 1.001551 1.001551 1.001551
5800 18.321733 18.321733 18.321733 1.001551 1.001551 1.001551
5810 18.321733 18.321733 18.321733 1.001551 1.001551 1.001551
5820 18.321733 18.321733 18.321733 1.001551 1.001551 1.001551
5830 18.321733 18.321733 18.321733 1.001551 1.001551 1.001551
5840 18.321733 18.321733 18.321733 1.001551 1.001551 1.001551
5850 18.321733 18.321733 18.321733 1.001551 1.001551 1.001551
5860 18.321733 18.321733 18.321733 1.001551 1.001551 1.001551
5870 18.321733 18.321733 18.321733 1.001551 1.001551 1.001551
5880 18.321733 18.321733 18.321733 1.001551 1.001551 1.001551
5890 18.321733 18.321733 18.321733 1.001551 1.001551 1.001551
5900 18.321733 18.321733 18.321733 1.001551 1.001551 1.001551
5910 18.321733 18.321733 18.321733 1.001551 1.001551 1.001551
5920 18.321733 18.321733 18.321733 1.001551 1.001551 1.001551
5930 18.321733 18.321733 18.321733 1.001551 1.001551 1.001551
5940 18.321733 18.321733 18.321733 1.001551 1.001551 1.001551
5950 18.321733 18.321733 18.321733 1.001551 1.001551 1.001551
5960 18.321733 18.321733 18.321733 1.001551 1.001551 1.001551
5970 18.321733 18.321733 18.321733 1.001551 1.001551 1.001551
5980 18.321733 18.321733 18.321733 1.001551 1.001551 1.001551
5990 18.321733 18.321733 18.321733 1.001551 1.001551 1.001551
6000 18.321733 18.321733 18.321733 1.001551 1.001551 1.001551
6010 18.321733 18.321733 18.321733 1.001551 1.001551 1.001551
6020 18.321733 18.321733 18.321733 1.001551 1.001551 1.001551
6030 18.321733 18.321733 18.321733 1.001551 1.001551 1.001551
6040 18.321733 18.321733 18.321733 1.001551 1.001551 1.001551
6050 18.321733 18.321733 18.321733 1.001551 1.001551 1.001551
6060 18.321733 18.321733 18.321733 1.001551 1.001551 1.001551
6070 18.321733 18.321733 18.321733 1.001551 1.001551 1.001551
6080 18.321733 18.321733 18.321733 1.001551 1.001551 1.001551
6090 18.321733 18.321733 18.321733 1.001551 1.001551 1.001551
6100 18.321733 18.321733 18.321733 1.001551 1.001551 1.001551
6110 18.321733 18.321733 18.321733 1.001551 1.001551 1.001551
6120 18.321733 18.321733 18.321733 1.001551 1.001551 1.001551
6130 18.321733 18.321733 18.321733 1.001551 1.001551 1.001551
6140 18.321733 18.321733 18.321733 1.001551 1.001551 1.001551
6150 18.321733 18.321733 18.321733 1.001551 1.001551 1.001551
6160 18.321733 18.321733 18.321733 1.001551 1.001551 1.001551
6170 18.321733 18.321733 18.321733 1.001551 1.001551 1.001551
6180 18.321733 18.321733 18.321733 1.001551 1.001551 1.001551
6190 18.321733 18.321733 18.321733 1.001551 1.001551 1.001551
6200 18.321733 18.321733 18.321733 1.001551 1.001551 1.001551
6210 18.321733 18.321733 18.321733 1.001551 1.001551 1.001551
6220 18.321733 18.321733 18.321733 1.001551 1.001551 1.001551
6230 18.321733 18.321733 18.321733 1.001551 1.001551 1.001551
6240 18.321733 18.321733 18.321733 1.001551 1.001551 1.001551
6250 18.321733 18.321733 18.321733 1.001551 1.001551 1.001551
6260 18.321733 18.321733 18.321733 1.001551 1.001551 1.001551
6270 18.321733 18.321733 18.321733 1.001551 1.001551 1.001551
6280 18.321733 18.321733 18.321733 1.001551 1.001551 1.001551
6290 18.321733 18.321733 18.321733 1.001551 1.001551 1.001551
6300 18.321733 18.321733 18.321733 1.001551 1.001551 1.001551
6310 18.321733 18.321733 18.321733 1.001551 1.001551 1.001551
6320 18.321733 18.321733 18.321733 1.001551 1.001551 1.001551
6330 18.321733 18.321733 18.321733 1.001551 1.001551 1.001551
6340 18.321733 18.321733 18.321733 1.001551 1.001551 1.001551
6350 18.321733 18.321733 18.321733 1.001551 1.001551 1.001551
6360 18.321733 18.321733 18.321733 1.001551 1.001551 1.001551
6370 18.321733 18.321733 18.321733 1.001551 1.001551 1.001551
6380 18.321733 18.321733 18.321733 1.001551 1.001551 1.001551
6390 18.321733 18.321733 18.321733 1.001551 1.001551 1.001551
6400 18.321733 18.321733 18.321733 1.001551 1.001551 1.001551
6410 18.321733 18.321733 18.321733 1.001551 1.001551 1.001551
6420 18.321733 18.321733 18.321733 1.001551 1.001551 1.001551
6430 18.321733 18.321733 18.321733 1.001551 1.001551 1.001551
6440 18.321733 18.321733 18.321733 1.001551 1.001551 1.001551
6450 18.321733 18.321733 18.321733 1.001551 1.001551 1.001551
6460 18.321733 18.321733 18.321733 1.001551 1.001551 1.001551
6470 18.321733 18.321733 18.321733 1.001551 1.001551 1.001551
6480 18.321733 18.321733 18.321733 1.001551 1.001551 1.001551
6490 18.321733 18.321733 18.321733 1.001551 1.001551 1.001551
6500 18.321733 18.321733 18.321733 1.001551 1.001551 1.001551
6510 18.321733 18.321733 18.321733 1.001551 1.001551 1.001551
6520 18.321733 18.321733 18.321733 1.001551 1.001551 1.001551
6530 18.321733 18.321733 18.321733 1.001551 1.001551 1.001551
6540 18.321733 18.321733 18.321733 1.001551 1.001551 1.001551
6550 18.321733 18.321733 18.321733 1.001551 1.001551 1.001551
6560 18.321733 18.321733 18.321733 1.001551 1.001551 1.001551
6570 18.321733 18.321733 18.321733 1.001551 1.001551 1.001551
6580 18.321733 18.321733 18.321733 1.001551 1.001551 1.001551
6590 18.321733 18.321733 18.321733 1.001551 1.001551 1.001551
6600 18.321733 18.321733 18.321733 1.001551 1.001551 1.001551
6610 18.321733 18.321733 18.321733 1.001551 1.001551 1.001551
6620 18.321733 18.321733 18.321733 1.001551 1.001551 1.001551
6630 18.321733 18.321733 18.321733 1.001551 1.001551 1.001551
6640 18.321733 18.321733 18.321733 1.001551 1.001551 1.001551
6650 18.321733 18.321733 18.321733 1.001551 1.001551 1.001551
6660 18.321733 18.321733 18.321733 1.001551 1.001551 1.001551
6670 18.321733 18.321733 18.321733 1.001551 1.001551 1.001551
6680 18.321733 18.321733 18.321733 1.001551 1.001551 1.001551
6690 18.321733 18.321733 18.321733 1.001551 1.001551 1.001551
6700 18.321733 18.321733 18.321733 1.001551 1.001551 1.001551
6710 18.321733 18.321733 18.321733 1.001551 1.001551 1.001551
6720 18.321733 18.321733 18.321733 1.001551 1.001551 1.001551
6730 18.321733 18.321733 18.321733 1.001551 1.001551 1.001551
6740 18.321733 18.321733 18.321733 1.001551 1.001551 1.001551
6750 18.321733 18.321733 18.321733 1.001551 1.001551 1.001551
6760 18.321733 18.321733 18.321733 1.001551 1.001551 1.001551
6770 18.321733 18.321733 18.321733 1.001551 1.001551 1.001551
6780 18.321733 18.321733 18.321733 1.001551 1.001551 1.001551
6790 18.321733 18.321733 18.321733 1.001551 1.001551 1.001551
6800 18.321733 18.321733 18.321733 1.001551 1.001551 1.001551
6810 18.321733 18.321733 18.321733 1.001551 1.001551 1.001551
6820 18.321733 18.321733 18.321733 1.001551 1.001551 1.001551
6830 18.321733 18.321733 18.321733 1.001551 1.001551 1.001551
6840 18.321733 18.321733 18.321733 1.001551 1.001551 1.001551
6850 18.321733 18.321733 18.321733 1.001551 1.001551 1.001551
6860 18.321733 18.321733 18.321733 1.001551 1.001551 1.001551
6870 18.321733 18.321733 18.321733 1.001551 1.001551 1.001551
6880 18.321733 18.321733 18.321733 1.001551 1.001551 1.001551
6890 18.321733 18.321733 18.321733 1.001551 1.001551 1.001551
6900 18.321733 18.321733 18.321733 1.001551 1.001551 1.001551
6910 18.321733 18.321733 18.321733 1.001551 1.001551 1.001551
6920 18.321733 18.321733 18.321733 1.001551 1.001551 1.001551
6930 18.321733 18.321733 18.321733 1.001551 1.001551 1.001551
6940 18.321733 18.321733 18.321733 1.001551 1.001551 1.001551
6950 18.321733 18.321733 18.321733 1.001551 1.001551 1.001551
6960 18.321733 18.321733 18.321733 1.001551 1.001551 1.001551
6970 18.321733 18.321733 18.321733 1.001551 1.001551 1.001551
6980 18.321733 18.321733 18.321733 1.001551 1.001551 1.001551
6990 18.321733 18.321733 18.321733 1.001551 1.001551 1.001551
7000 18.321733 18.321733 18.321733 1.001551 1.001551 1.001551
7010 18.321733 18.321733 18.321733 1.001551 1.001551 1.001551
7020 18.321733 18.321733 18.321733 1.001551 1.001551 1.001551
7030 18.321733 18.321733 18.321733 1.001551 1.001551 1.001551
7040 18.321733 18.321733 18.321733 1.001551 1.001551 1.001551
7050 18.321733 18.321733 18.321733 1.001551 1.001551 1.001551
7060 18.321733 18.321733 18.321733 1.001551 1.001551 1.001551
7070 18.321733 18.321733 18.321733 1.001551 1.001551 1.001551
7080 18.321733 18.321733 18.321733 1.001551 1.001551 1.001551
7090 18.321733 18.321733 18.321733 1.001551 1.001551 1.001551
7100 18.321733 18.321733 18.321733 1.001551 1.001551 1.001551
7110 18.321733 18.321733 18.321733 1.001551 1.001551 1.001551
7120 18.321733 18.321733 18.321733 1.001551 1.001551 1.001551
7130 18.321733 18.321733 18.321733 1.001551 1.001551 1.001551
7140 18.321733 18.321733 18.321733 1.001551 1.001551 1.001551
7150 18.321733 18.321733 18.321733 1.001551 1.001551 1.001551
7160 18.321733 18.321733 18.321733 1.001551 1.001551 1.001551
7170 18.321733 18.321733 18.321733 1.001551 1.001551 1.001551
7180 18.321733 18.321733 18.321733 1.001551 1.001551 1.001551
7190 18.321733 18.321733 18.321733 1.001551 1.001551 1.001551
7200 18.321733 18.321733 18.321733 1.001551 1.001551 1.001551
7210 18.321733 18.321733 18.321733 1.001551 1.001551 1.001551
7220 18.321733 18.321733 18.321733 1.001551 1.001551 1.001551
7230 18.321733 18.321733 18.321733 1.001551 1.001551 1.001551
7240 18.321733 18.321733 18.321733 1.001551 1.001551 1.001551
7250 18.321733 18.321733 18.321733 1.001551 1.001551 1.001551
7260 18.321733 18.321733 18.321733 1.001551 1.001551 1.001551
7270 18.321733 18.321733 18.321733 1.001551 1.001551 1.001551
7280 18.321733 18.321733 18.321733 1.001551 1.001551 1.001551
7290 18.321733 18.321733 18.321733 1.001551 1.001551 1.001551
7300 18.321733 18.321733 18.321733 1.001551 1.001551 1.001551
7310 18.321733 18.321733 18.321733 1.001551 1.001551 1.001551
7320 18.321733 18.321733 18.321733 1.001551 1.001551 1.001551
7330 18.321733 18.321733 18.321733 1.001551 1.001551 1.001551
7340 18.321733 18.321733 18.321733 1.001551 1.001551 1.001551
7350 18.321733 18.321733 18.321733 1.001551 1.001551 1.001551
7360 18.321733 18.321733 18.321733 1.001551 1.001551 1.001551
7370 18.321733 18.321733 18.321733 1.001551 1.001551 1.001551
7380 18.321733 18.321733 18.321733 1.001551 1.001551 1.001551
7390 18.321733 18.321733 18.321733 1.001551 1.001551 1.001551
7400 18.321733 18.321733 18.321733 1.001551 1.001551 1.001551
7410 18.321733 18.321733 18.321733 1.001551 1.001551 1.001551
7420 18.321733 18.321733 18.321733 1.001551 1.001551 1.001551
7430 18.321733 18.321733 18.321733 1.001551 1.001551 1.001551
7440 18.321733 18.321733 18.321733 1.001551 1.001551 1.001551
7450 18.321733 18.321733 18.321733 1.001551 1.001551 1.001551
7460 18.321733 18.321733 18.321733 1.001551 1.001551 1.001551
7470 18.321733 18.321733 18.321733 1.001551 1.001551 1.001551
7480 18.321733 18.321733 18.321733 1.001551 1.001551 1.001551
7490 18.321733 18.321733 18.321733 1.001551 1.001551 1.001551
7500 18.321733 18.321733 18.321733 1.001551 1.001551 1.001551
7510 18.321733 18.321733 18.321733 1.001551 1.001551 1.001551
7520 18.321733 18.321733 18.321733 1.001551 1.001551 1.001551
7530 18.321733 18.321733 18.321733 1.001551 1.001551 1.001551
7540 18.321733 18.321733 18.321733 1.001551 1.001551 1.001551
7550 18.321733 18.321733 18.321733 1.001551 1.001551 1.001551
7560 18.321733 18.321733 18.321733 1.001551 1.001551 1.001551
7570 18.321733 18.321733 18.321733 1.001551 1.001551 1.001551
7580 18.321733 18.321733 18.321733 1.001551 1.001551 1.001551
7590 18.321733 18.321733 18.321733 1.001551 1.001551 1.001551
7600 18.321733 18.321733 18.321733 1.001551 1.001551 1.001551
7610 18.321733 18.321733 18.321733 1.001551 1.001551 1.001551
7620 18.321733 18.321733 18.321733 1.001551 1.001551 1.001551
7630 18.321733 18.321733 18.321733 1.001551 1.001551 1.001551
7640 18.321733 18.321733 18.321733 1.001551 1.001551 1.001551
7650 18.321733 18.321733 18.321733 1.001551 1.001551 1.001551
7660 18.321733 18.321733 18.321733 1.001551 1.001551 1.001551
7670 18.321733 18.321733 18.321733 1.001551 1.001551 1.001551
7680 18.321733 18.321733 18.321733 1.001551 1.001551 1.001551
7690 18.321733 18.321733 18.321733 1.001551 1.001551 1.001551
7700 18.321733 18.321733 18.321733 1.001551 1.001551 1.001551
7710 18.321733 18.321733 18.321733 1.001551 1.001551 1.001551
7720 18.321733 18.321733 18.321733 1.001551 1.001551 1.001551
7730 18.321733 18.321733 18.321733 1.001551 1.001551 1.001551
7740 18.321733 18.321733 18.321733 1.001551 1.001551 1.001551
7750 18.321733 18.321733 18.321733 1.001551 1.001551 1.001551
7760 18.321733 18.321733 18.321733 1.001551 1.001551 1.001551
7770 18.321733 18.321733 18.321733 1.001551 1.001551 1.001551
7780 18.321733 18.321733 18.321733 1.001551 1.001551 1.001551
7790 18.321733 18.321733 18.321733 1.001551 1.001551 1.001551
7800 18.321733 18.321733 18.321733 1.001551 1.001551 1.001551
7810 18.321733 18.321733 18.321733 1.001551 1.001551 1.001551
7820 18.321733 18.321733 18.321733 1.001551 1.001551 1.001551
7830 18.321733 18.321733 18.321733 1.001551 1.001551 1.001551
7840 18.321733 18.321733 18.321733 1.001551 1.001551 1.001551
7850 18.321733 18.321733 18.321733 1.001551 1.001551 1.001551
7860 18.321733 18.321733 18.321733 1.001551 1.001551 1.001551
7870 18.321733 18.321733 18.321733 1.001551 1.001551 1.001551
7880 18.321733 18.321733 18.321733 1.001551 1.001551 1.001551
7890 18.321733 18.321733 18.321733 1.001551 1.001551 1.001551
7900 18.321733 18.321733 18.321733 1.001551 1.001551 1.001551
7910 18.321733 18.321733 18.321733 1.001551 1.001551 1.001551
7920 18.321733 18.321733 18.321733 1.001551 1.001551 1.001551
7930 18.321733 18.321733 18.321733 1.001551 1.001551 1.001551
7940 18.321733 18.321733 18.321733 1.001551 1.001551 1.001551
7950 18.321733 18.321733 18.321733 1.001551 1.001551 1.001551
7960 18.321733 18.321733 18.321733 1.001551 1.001551 1.001551
7970 18.321733 18.321733 18.321733 1.001551 1.001551 1.001551
7980 18.321733 18.321733 18.321733 1.001551 1.001551 1.001551
7990 18.321733 18.321733 18.321733 1.001551 1.001551 1.001551
8000 18.321733 18.321733 18.321733 1.001551 1.001551 1.001551
8010 18.321733 18.321733 18.321733 1.001551 1.001551 1.001551
8020 18.321733 18.321733 18.321733 1.001551 1.001551 1.001551
8030 18.321733 18.321733 18.321733 1.001551 1.001551 1.001551
8040 18.321733 18.321733 18.321733 1.001551 1.001551 1.001551
8050 18.321733 18.321733 18.321733 1.001551 1.001551 1.001551
8060 18.321733 18.321733 18.321733 1.001551 1.001551 1.001551
8070 18.321733 18.321733 18.321733 1.001551 1.001551 1.001551
8080 18.321733 18.321733 18.321733 1.001551 1.001551 1.001551
8090 18.321733 18.321733 18.321733 1.001551 1.001551 1.001551
8100 18.321733 18.321733 18.321733 1.001551 1.001551 1.001551
8110 18.321733 18.321733 18.321733 1.001551 1.001551 1.001551
8120 18.321733 18.321733 18.321733 1.001551 1.001551 1.001551
8130 18.321733 18.321733 18.321733 1.001551 1.001551 1.001551
8140 18.321733 18.321733 18.321733 1.001551 1.001551 1.001551
8150 18.321733 18.321733 18.321733 1.001551 1.001551 1.001551
8160 18.321733 18.321733 18.321733 1.001551 1.001551 1.001551
8170 18.321733 18.321733 18.321733 1.001551 1.001551 1.001551
8180 18.321733 18.321733 18.321733 1.001551 1.001551 1.001551
8190 18.321733 18.321733 18.321733 1.001551 1.001551 1.001551
8200 18.321733 18.321733 18.321733 1.001551 1.001551 1.001551
8210 18.321733 18.321733 18.321733 1.001551 1.001551 1.001551
8220 18.321733 18.321733 18.321733 1.001551 1.001551 1.001551
8230 18.321733 18.321733 18.321733 1.001551 1.001551 1.001551
8240 18.321733 18.321733 18.321733 1.001551 1.001551 1.001551
8250 18.321733 18.321733 18.321733 1.001551 1.001551 1.001551
8260 18.321733 18.321733 18.321733 1.001551 1.001551 1.001551
8270 18.321733 18.321733 18.321733 1.001551 1.001551 1.001551
8280 18.321733 18.321733 18.321733 1.001551 1.001551 1.001551
8290 18.321733 18.321733 18.321733 1.001551 1.001551 1.001551
8300 18.321733 18.321733 18.321733 1.001551 1.001551 1.001551
8310 18.321733 18.321733 18.321733 1.001551 1.001551 1.001551
8320 18.321733 18.321733 18.321733 1.001551 1.001551 1.001551
8330 18.321733 18.321733 18.321733 1.001551 1.001551 1.001551
8340 18.321733 18.321733 18.321733 1.001551 1.001551 1.001551
8350 18.321733 18.321733 18.321733 1.001551 1.001551 1.001551
8360 18.321733 18.321733 18.321733 1.001551 1.001551 1.001551
8370 18.321733 18.321733 18.321733 1.001551 1.001551 1.001551
8380 18.321733 18.321733 18.321733 1.001551 1.001551 1.001551
8390 18.321733 18.321733 18.321733 1.001551 1.001551 1.001551
8400 18.321733 18.321733 18.321733 1.001551 1.001551 1.001551
8410 18.321733 18.321733 18.321733 1.001551 1.001551 1.001551
8420 18.321733 18.321733 18.321733 1.001551 1.001551 1.001551
8430 18.321733 18.321733 18.321733 1.001551 1.001551 1.001551
8440 18.321733 18.321733 18.321733 1.001551 1.001551 1.001551
8450 18.321733 18.321733 18.321733 1.001551 1.001551 1.001551
8460 18.321733 18.321733 18.321733 1.001551 1.001551 1.001551
8470 18.321733 18.321733 18.321733 1.001551 1.001551 1.001551
8480 18.321733 18.321733 18.321733 1.001551 1.001551 1.001551
8490 18.321733 18.321733 18.321733 1.001551 1.001551 1.001551
8500 18.321733 18.321733 18.321733 1.001551 1.001551 1.001551
8510 18.321733 18.321733 18.321733 1.001551 1.001551 1.001551
8520 18.321733 18.321733 18.321733 1.001551 1.001551 1.001551
8530 18.321733 18.321733 18.321733 1.001551 1.001551 1.001551
8540 18.321733 18.321733 18.321733 1.001551 1.001551 1.001551
8550 18.321733 18.321733 18.321733 1.001551 1.001551 1.001551
8560 18.321733 18.321733 18.321733 1.001551 1.001551 1.001551
8570 18.321733 18.321733 18.321733 1.001551 1.001551 1.001551
8580 18.321733 18.321733 18.321733 1.001551 1.001551 1.001551
8590 18.321733 18.321733 18.321733 1.001551 1.001551 1.001551
8600 18.321733 18.321733 18.321733 1.001551 1.001551 1.001551
8610 18.321733 18.321733 18.321733 1.001551 1.001551 1.001551
8620 18.321733 18.321733 18.321733 1.001551 1.001551 1.001551
8630 18.321733 18.321733 18.321733 1.001551 1.001551 1.001551
8640 18.321733 18.321733 18.321733 1.001551 1.001551 1.001551
8650 18.321733 18.321733 18.321733 1.001551 1.001551 1.001551
8660 18.321733 18.321733 18.321733 1.001551 1.001551 1.001551
8670 18.321733 18.321733 18.321733 1.001551 1.001551 1.001551
8680 18.321733 18.321733 18.321733 1.001551 1.001551 1.001551
8690 18.321733 18.321733 18.321733 1.001551 1.001551 1.001551
8700 18.321733 18.321733 18.321733 1.001551 1.001551 1.001551
8710 18.321733 18.321733 18.321733 1.001551 1.001551 1.001551
8720 18.321733 18.321733 18.321733 1.001551 1.001551 1.001551
8730 18.321733 18.321733 18.321733 1.001551 1.001551 1.001551
8740 18.321733 18.321733 18.321733 1.001551 1.001551 1.001551
8750 18.321733 18.321733 18.321733 1.001551 1.001551 1.001551
8760 18.321733 18.321733 18.321733 1.001551 1.001551 1.001551
8770 18.321733 18.321733 18.321733 1.001551 1.001551 1.001551
8780 18.321733 18.321733 18.321733 1.001551 1.001551 1.001551
8790 18.321733 18.321733 18.321733 1.001551 1.001551 1.001551
8800 18.321733 18.321733 18.321733 1.001551 1.001551 1.001551
8810 18.321733 18.321733 18.321733 1.001551 1.001551 1.001551
8820 18.321733 18.321733 18.321733 1.001551 1.001551 1.001551
8830 18.321733 18.321733 18.321733 1.001551 1.001551 1.001551
8840 18.321733 18.321733 18.321733 1.001551 1.001551 1.001551
8850 18.321733 18.321733 18.321733 1.001551 1.001551 1.001551
8860 18.321733 18.321733 18.321733 1.001551 1.001551 1.001551
8870 18.321733 18.321733 18.321733 1.001551 1.001551 1.001551
8880 18.321733 18.321733 18.321733 1.001551 1.001551 1.001551
8890 18.321733 18.321733 18.321733 1.001551 1.001551 1.001551
8900 18.321733 18.321733 18.321733 1.001551 1.001551 1.001551
8910 18.321733 18.321733 18.321733 1.001551 1.001551 1.001551
8920 18.321733 18.321733 18.321733 1.001551 1.001551 1.001551
8930 18.321733 18.321733 18.321733 1.001551 1.001551 1.001551
8940 18.321733 18.321733 18.321733 1.001551 1.001551 1.001551
8950 18.321733 18.321733 18.321733 1.001551 1.001551 1.001551
8960 18.321733 18.321733 18.321733 1.001551 1.001551 1.001551
8970 18.321733 18.321733 18.321733 1.001551 1.001551 1.001551
8980 18.321733 18.321733 18.321733 1.001551 1.001551 1.001551
8990 18.321733 18.321733 18.321733 1.001551 1.001551 1.001551
9000 18.321733 18.321733 18.321733 1.001551 1.001551 1.001551
9010 18.321733 18.321733 18.321733 1.001551 1.001551 1.001551
9020 18.321733 18.321733 18.321733 1.001551 1.001551 1.001551
9030 18.321733 18.321733 18.321733 1.001551 1.001551 1.001551
9040 18.321733 18.321733 18.321733 1.001551 1.001551 1.001551
9050 18.321733 18.321733 18.321733 1.001551 1.001551 1.001551
9060 18.321733 18.321733 18.321733 1.001551 1.001551 1.001551
9070 18.321733 18.321733 18.321733 1.001551 1.001551 1.001551
9080 18.321733 18.321733 18.321733 1.001551 1.001551 1.001551
9090 18.321733 18.321733 18.321733 1.001551 1.001551 1.001551
9100 18.321733 18.321733 18.321733 1.001551 1.001551 1.001551
9110 18.321733 18.321733 18.321733 1.001551 1.001551 1.001551
9120 18.321733 18.321733 18.321733 1.001551 1.001551 1.001551
9130 18.321733 18.321733 18.321733 1.001551 1.001551 1.001551
9140 18.321733 18.321733 18.321733 1.001551 1.001551 1.001551
9150 18.321733 18.321733 18.321733 1.001551 1.001551 1.001551
9160 18.321733 18.321733 18.321733 1.001551 1.001551 1.001551
9170 18.321733 18.321733 18.321733 1.001551 1.001551 1.001551
9180 18.321733 18.321733 18.321733 1.001551 1.001551 1.001551
9190 18.321733 18.321733 18.321733 1.001551 1.001551 1.001551
9200 18.321733 18.321733 18.321733 1.001551 1.001551 1.001551
9210 18.321733 18.321733 18.321733 1.001551 1.001551 1.001551
9220 18.321733 18.321733 18.321733 1.001551 1.001551 1.001551
9230 18.321733 18.321733 18.321733 1.001551 1.001551 1.001551
9240 18.321733 18.321733 18.321733 1.001551 1.001551 1.001551
9250 18.321733 18.321733 18.321733 1.001551 1.001551 1.001551
9260 18.321733 18.321733 18.321733 1.001551 1.001551 1.001551
9270 18.321733 18.321733 18.321733 1.001551 1.001551 1.001551
9280 18.321733 18.321733 18.321733 1.001551 1.001551 1.001551
9290 18.321733 18.321733 18.321733 1.001551 1.001551 1.001551
9300 18.321733 18.321733 18.321733 1.001551 1.001551 1.001551
9310 18.321733 18.321733 18.321733 1.001551 1.001551 1.001551
9320 18.321733 18.321733 18.321733 1.001551 1.001551 1.001551
9330 18.321733 18.321733 18.321733 1.001551 1.001551 1.001551
9340 18.321733 18.321733 18.321733 1.001551 1.001551 1.001551
9350 18.321733 18.321733 18.321733 1.001551 1.001551 1.001551
9360 18.321733 18.321733 18.321733 1.001551 1.001551 1.001551
9370 18.321733 18.321733 18.321733 1.001551 1.001551 1.001551
9380 18.321733 18.321733 18.321733 1.001551 1.001551 1.001551
9390 18.321733 18.321733 18.321733 1.001551 1.001551 1.001551
9400 18.321733 18.321733 18.321733 1.001551 1.001551 1.001551
9410 18.321733 18.321733 18.321733 1.001551 1.001551 1.001551
9420 18.321733 18.321733 18.321733 1.001551 1.001551 1.001551
9430 18.321733 18.321733 18.321733 1.001551 1.001551 1.001551
9440 18.321733 18.321733 18.321733 1.001551 1.001551 1.001551
9450 18.321733 18.321733 18.321733 1.001551 1.001551 1.001551
9460 18.321733 18.321733 18.321733 1.001551 1.001551 1.001551
9470 18.321733 18.321733 18.321733 1.001551 1.001551 1.001551
9480 18.321733 18.321733 18.321733 1.001551 1.001551 1.001551
9490 18.321733 18.321733 18.321733 1.001551 1.001551 1.001551
9500 18.321733 18.321733 18.321733 1.001551 1.001551 1.001551
9510 18.321733 18.321733 18.321733 1.001551 1.001551 1.001551
9520 18.321733 18.321733 18.321733 1.001551 1.001551 1.001551
9530 18.321733 18.321733 18.321733 1.001551 1.001551 1.001551
9540 18.321733 18.321733 18.321733 1.001551 1.001551 1.001551
9550 18.321733 18.321733 18.321733 1.001551 1.001551 1.001551
9560 18.321733 18.321733 18.321733 1.001551 1.001551 1.001551
9570 18.321733 18.321733 18.321733 1.001551 1.001551 1.001551
9580 18.321733 18.321733 18.321733 1.001551 1.001551 1.001551
9590 18.321733 18.321733 18.321733 1.001551 1.001551 1.001551
9600 18.321733 18.321733 18.321733 1.001551 1.001551 1.001551
9610 18.321733 18.321733 18.321733 1.001551 1.001551 1.001551
9620 18.321733 18.321733 18.321733 1.001551 1.001551 1.001551
9630 18.321733 18.321733 18.321733 1.001551 1.001551 1.001551
9640 18.321733 18.321733 18.321733 1.001551 1.001551 1.001551
9650 18.321733 18.321733 18.321733 1.001551 1.001551 1.001551
9660 18.321733 18.321733 18.321733 1.001551 1.001551 1.001551
9670 18.321733 18.321733 18.321733 1.001551 1.001551 1.001551
9680 18.321733 18.321733 18.321733 1.001551 1.001551 1.001551
9690 18.321733 18.321733 18.321733 1.001551 1.001551 1.001551
9700 18.321733 18.321733 18.321733 1.001551 1.001551 1.001551
9710 18.321733 18.321733 18.321733 1.001551 1.001551 1.001551
9720 18.321733 18.321733 18.321733 1.001551 1.001551 1.001551
9730 18.321733 18.321733 18.321733 1.001551 1.001551 1.001551
9740 18.321733 18.321733 18.321733 1.001551 1.001551 1.001551
9750 18.321733 18.321733 18.321733 1.001551 1.001551 1.001551
9760 18.321733 18.321733 18.321733 1.001551 1.001551 1.001551
9770 18.321733 18.321733 18.321733 1.001551 1.001551 1.001551
9780 18.321733 18.321733 18.321733 1.001551 1.001551 1.001551
9790 18.321733 18.321733 18.321733 1.001551 1.001551 1.001551
9800 18.321733 18.321733 18.321733 1.001551 1.001551 1.001551
9810 18.321733 18.321733 18.321733 1.001551 1.001551 1.001551
9820 18.321733 18.321733 18.321733 1.001551 1.001551 1.001551
9830 18.321733 18.321733 18.321733 1.001551 1.001551 1.001551
9840 18.321733 18.321733 18.321733 1.001551 1.001551 1.001551
9850 18.321733 18.321733 18.321733 1.001551 1.001551 1.001551
9860 18.321733 18.321733 18.321733 1.001551 1.001551 1.001551
9870 18.321733 18.321733 18.321733 1.001551 1.001551 1.001551
9880 18.321733 18.321733 18.321733 1.001551 1.001551 1.001551
9890 18.321733 18.321733 18.321733 1.001551 1.001551 1.001551
9900 18.321733 18.321733 18.321733 1.001551 1.001551 1.001551
9910 18.321733 18.321733 18.321733 1.001551 1.001551 1.001551
9920 18.321733 18.321733 18.321733 1.001551 1.001551 1.001551
9930 18.321733 18.321733 18.321733 1.001551 1.001551 1.001551
9940 18.321733 18.321733 18.321733 1.001551 1.001551 1.001551
9950 18.321733 18.321733 18.321733 1.001551 1.001551 1.001551
9960 18.321733 18.321733 18.321733 1.001551 1.001551 1.001551
9970 18.321733 18.321733 18.321733 1.001551 1.001551 1.001551
9980 18.321733 18.321733 18.321733 1.001551 1.001551 1.001551
9990 18.321733 18.321733 18.321733 1.001551 1.001551 1.001551
10000 18.321733 18.321733 18.321733 1.001551 1.001551 1.001551
