# generation power_min power_avg power_max util_min util_avg util_max
1 15.124299 17.654836 20.421546 0.189107 0.240518 0.298059
10 14.577722 17.320306 19.122417 0.182360 0.233737 0.286023
20 13.826482 17.030453 18.559218 0.170462 0.229107 0.274731
30 13.826482 16.803918 18.132748 0.170462 0.225807 0.261246
40 13.265583 16.547972 17.701286 0.162593 0.222434 0.261246
50 13.265583 16.321909 17.566499 0.162593 0.218606 0.261246
60 13.265583 16.104754 17.451675 0.162593 0.213518 0.252662
70 13.265583 15.891084 17.253432 0.158477 0.209432 0.242095
80 12.965131 15.626856 16.941717 0.158477 0.205153 0.242095
90 12.965131 15.371735 16.736903 0.158477 0.200164 0.235554
100 12.965131 15.132659 16.512355 0.154622 0.195311 0.235485
110 11.941075 14.818811 16.263047 0.130897 0.189624 0.232115
120 11.941075 14.537223 16.018601 0.130897 0.184575 0.222949
130 11.941075 14.326793 15.784622 0.130897 0.180278 0.222851
140 11.941075 14.066457 15.605548 0.130897 0.175083 0.218704
150 11.941075 13.799183 15.274883 0.130897 0.170433 0.218704
160 11.504049 13.530301 15.045135 0.130897 0.165051 0.215922
170 11.504049 13.278440 14.864188 0.130897 0.160732 0.202302
180 11.504049 13.062153 14.221321 0.130897 0.156880 0.185346
190 11.332106 12.859971 13.944620 0.128038 0.154143 0.184153
200 10.957899 12.635724 13.822570 0.121060 0.150665 0.184153
210 10.776680 12.437003 13.688025 0.121060 0.147757 0.184153
220 10.776680 12.247206 13.407793 0.121060 0.144311 0.169542
230 10.776680 12.076941 13.138675 0.121060 0.141958 0.169542
240 10.490631 11.867121 12.870005 0.121020 0.138981 0.162459
250 10.382247 11.699442 12.646714 0.121020 0.136639 0.162459
260 10.382247 11.565385 12.374367 0.119587 0.134490 0.158859
270 10.382247 11.426181 12.239583 0.118014 0.132528 0.154428
280 10.199265 11.295953 11.977502 0.118014 0.131352 0.154428
290 10.179214 11.147849 11.923172 0.111331 0.129310 0.154428
300 9.784156 11.021409 11.772049 0.110814 0.127759 0.143998
310 9.784156 10.888814 11.707080 0.110814 0.126272 0.143998
320 9.784156 10.771200 11.504049 0.109491 0.124435 0.141986
330 9.784156 10.655740 11.332106 0.109491 0.122836 0.136693
340 9.784156 10.556717 11.121340 0.109491 0.121889 0.134117
350 9.768275 10.475549 11.019667 0.103887 0.120961 0.134117
360 9.768275 10.385822 10.854872 0.102640 0.119732 0.129606
370 9.713742 10.311714 10.738246 0.102640 0.118778 0.128283
380 9.269506 10.236866 10.670184 0.102640 0.117576 0.128283
390 9.223262 10.153665 10.586162 0.102640 0.116419 0.128283
400 9.223262 10.084753 10.488538 0.102640 0.115335 0.125410
410 9.223262 10.009421 10.459915 0.102640 0.114323 0.125410
420 9.223262 9.931284 10.392712 0.102640 0.113449 0.125410
430 9.223262 9.853010 10.271485 0.100204 0.112117 0.123783
440 9.223262 9.781856 10.168526 0.100204 0.111112 0.123783
450 9.217081 9.720426 10.083343 0.100204 0.110266 0.123783
460 9.217081 9.665715 10.000260 0.100204 0.109553 0.118308
470 8.919567 9.602434 9.921124 0.100204 0.109094 0.118308
480 8.919567 9.531197 9.882472 0.098115 0.108363 0.114532
490 8.726720 9.463085 9.784156 0.098115 0.107990 0.114532
500 8.726720 9.412136 9.731214 0.098115 0.107459 0.114532
510 8.726720 9.353906 9.686720 0.098115 0.107083 0.114532
520 8.726720 9.296663 9.626814 0.098115 0.106653 0.114532
530 8.726720 9.235523 9.598094 0.098115 0.106094 0.114532
540 8.726720 9.184406 9.529195 0.098115 0.105737 0.114532
550 8.654706 9.130051 9.454999 0.098115 0.105133 0.111401
560 8.654706 9.085858 9.316851 0.098115 0.104764 0.111401
570 8.654706 9.049625 9.262215 0.098115 0.104391 0.110385
580 8.538774 9.012894 9.223262 0.094771 0.103975 0.110385
590 8.538774 8.978446 9.176823 0.094771 0.103471 0.109463
600 8.535661 8.937665 9.096421 0.094771 0.102956 0.107550
610 8.535661 8.907884 9.076659 0.094771 0.102460 0.107550
620 8.428256 8.872901 9.065022 0.094771 0.102217 0.107550
630 8.428256 8.845059 9.039091 0.094771 0.101857 0.106784
640 8.428256 8.809163 9.007082 0.094771 0.101333 0.106784
650 8.428256 8.776533 9.006536 0.094771 0.100759 0.106784
660 8.428256 8.744483 8.939153 0.094771 0.100176 0.106784
670 8.428256 8.709482 8.925976 0.094771 0.099863 0.106784
680 8.428256 8.678945 8.863895 0.094771 0.099494 0.106784
690 8.428256 8.650489 8.835662 0.094771 0.099224 0.101253
700 8.396739 8.626264 8.738709 0.094771 0.099069 0.101253
710 8.220724 8.593205 8.733878 0.094270 0.098958 0.101253
720 8.189207 8.559389 8.733878 0.094270 0.098882 0.101253
730 8.189207 8.532932 8.724849 0.093821 0.098781 0.101253
740 8.189207 8.498589 8.654706 0.093821 0.098505 0.101253
750 8.189207 8.466844 8.614354 0.093821 0.098197 0.101253
760 8.189207 8.441636 8.587957 0.093821 0.097942 0.101253
770 8.189207 8.416995 8.587957 0.093821 0.097740 0.101253
780 8.189207 8.389777 8.538774 0.093821 0.097295 0.101253
790 8.189207 8.362123 8.534768 0.093821 0.096914 0.101253
800 8.138441 8.333774 8.534768 0.093821 0.096426 0.101253
810 8.120698 8.302319 8.477987 0.093821 0.096038 0.101253
820 8.120698 8.279226 8.428256 0.093821 0.095966 0.101253
830 8.120698 8.259758 8.380425 0.094270 0.095542 0.101253
840 8.120698 8.244337 8.327236 0.094270 0.095457 0.096459
850 8.120698 8.231918 8.327236 0.094270 0.095473 0.096459
860 8.120698 8.219006 8.320531 0.094270 0.095489 0.096459
870 8.089182 8.204334 8.318207 0.095193 0.095648 0.096459
880 8.089182 8.199647 8.220724 0.095193 0.095737 0.096459
890 8.089182 8.194440 8.220724 0.095193 0.095826 0.096459
900 8.089182 8.190919 8.220724 0.095193 0.095927 0.096459
910 8.089182 8.187082 8.220724 0.095193 0.096041 0.096459
920 8.089182 8.182422 8.220724 0.095193 0.096167 0.096459
930 8.089182 8.174845 8.220724 0.095193 0.096231 0.096459
940 8.089182 8.167143 8.189207 0.095193 0.096218 0.096459
950 8.089182 8.161209 8.189207 0.095193 0.096155 0.096459
960 8.089182 8.154783 8.189207 0.095193 0.096092 0.096459
970 8.089182 8.146041 8.189207 0.095193 0.096041 0.096459
980 8.089182 8.136354 8.189207 0.095193 0.096028 0.096459
990 8.089182 8.126667 8.189207 0.095193 0.096016 0.096459
1000 8.089182 8.117294 8.189207 0.095193 0.095990 0.096459
1010 8.089182 8.107292 8.189207 0.095193 0.095990 0.096459
1020 8.089182 8.101158 8.120698 0.095193 0.095978 0.096459
1030 8.089182 8.098321 8.120698 0.095193 0.096092 0.096459
1040 8.089182 8.095170 8.120698 0.095193 0.096218 0.096459
1050 8.089182 8.092018 8.120698 0.095193 0.096345 0.096459
1060 8.089182 8.089182 8.089182 0.096459 0.096459 0.096459
1070 8.089182 8.089182 8.089182 0.096459 0.096459 0.096459
1080 8.089182 8.089182 8.089182 0.096459 0.096459 0.096459
1090 8.089182 8.089182 8.089182 0.096459 0.096459 0.096459
1100 8.089182 8.089182 8.089182 0.096459 0.096459 0.096459
1110 8.089182 8.089182 8.089182 0.096459 0.096459 0.096459
1120 8.089182 8.089182 8.089182 0.096459 0.096459 0.096459
1130 8.089182 8.089182 8.089182 0.096459 0.096459 0.096459
1140 8.089182 8.089182 8.089182 0.096459 0.096459 0.096459
1150 8.089182 8.089182 8.089182 0.096459 0.096459 0.096459
1160 8.089182 8.089182 8.089182 0.096459 0.096459 0.096459
1170 8.089182 8.089182 8.089182 0.096459 0.096459 0.096459
1180 8.089182 8.089182 8.089182 0.096459 0.096459 0.096459
1190 8.089182 8.089182 8.089182 0.096459 0.096459 0.096459
1200 8.089182 8.089182 8.089182 0.096459 0.096459 0.096459
1210 8.089182 8.089182 8.089182 0.096459 0.096459 0.096459
1220 8.089182 8.089182 8.089182 0.096459 0.096459 0.096459
1230 8.089182 8.089182 8.089182 0.096459 0.096459 0.096459
1240 8.089182 8.089182 8.089182 0.096459 0.096459 0.096459
1250 8.089182 8.089182 8.089182 0.096459 0.096459 0.096459
1260 8.089182 8.089182 8.089182 0.096459 0.096459 0.096459
1270 8.089182 8.089182 8.089182 0.096459 0.096459 0.096459
1280 8.089182 8.089182 8.089182 0.096459 0.096459 0.096459
1290 8.089182 8.089182 8.089182 0.096459 0.096459 0.096459
1300 8.089182 8.089182 8.089182 0.096459 0.096459 0.096459
1310 8.089182 8.089182 8.089182 0.096459 0.096459 0.096459
1320 8.089182 8.089182 8.089182 0.096459 0.096459 0.096459
1330 8.089182 8.089182 8.089182 0.096459 0.096459 0.096459
1340 8.089182 8.089182 8.089182 0.096459 0.096459 0.096459
1350 8.089182 8.089182 8.089182 0.096459 0.096459 0.096459
1360 8.089182 8.089182 8.089182 0.096459 0.096459 0.096459
1370 8.089182 8.089182 8.089182 0.096459 0.096459 0.096459
1380 8.089182 8.089182 8.089182 0.096459 0.096459 0.096459
1390 8.089182 8.089182 8.089182 0.096459 0.096459 0.096459
1400 8.089182 8.089182 8.089182 0.096459 0.096459 0.096459
1410 8.089182 8.089182 8.089182 0.096459 0.096459 0.096459
1420 8.089182 8.089182 8.089182 0.096459 0.096459 0.096459
1430 8.089182 8.089182 8.089182 0.096459 0.096459 0.096459
1440 8.089182 8.089182 8.089182 0.096459 0.096459 0.096459
1450 8.089182 8.089182 8.089182 0.096459 0.096459 0.096459
1460 8.089182 8.089182 8.089182 0.096459 0.096459 0.096459
1470 8.089182 8.089182 8.089182 0.096459 0.096459 0.096459
1480 8.089182 8.089182 8.089182 0.096459 0.096459 0.096459
1490 8.089182 8.089182 8.089182 0.096459 0.096459 0.096459
1500 8.089182 8.089182 8.089182 0.096459 0.096459 0.096459
1510 8.089182 8.089182 8.089182 0.096459 0.096459 0.096459
1520 8.089182 8.089182 8.089182 0.096459 0.096459 0.096459
1530 8.089182 8.089182 8.089182 0.096459 0.096459 0.096459
1540 8.089182 8.089182 8.089182 0.096459 0.096459 0.096459
1550 8.089182 8.089182 8.089182 0.096459 0.096459 0.096459
1560 8.089182 8.089182 8.089182 0.096459 0.096459 0.096459
1570 8.089182 8.089182 8.089182 0.096459 0.096459 0.096459
1580 8.089182 8.089182 8.089182 0.096459 0.096459 0.096459
1590 8.089182 8.089182 8.089182 0.096459 0.096459 0.096459
1600 8.089182 8.089182 8.089182 0.096459 0.096459 0.096459
1610 8.089182 8.089182 8.089182 0.096459 0.096459 0.096459
1620 8.089182 8.089182 8.089182 0.096459 0.096459 0.096459
1630 8.089182 8.089182 8.089182 0.096459 0.096459 0.096459
1640 8.089182 8.089182 8.089182 0.096459 0.096459 0.096459
1650 8.089182 8.089182 8.089182 0.096459 0.096459 0.096459
1660 8.089182 8.089182 8.089182 0.096459 0.096459 0.096459
1670 8.089182 8.089182 8.089182 0.096459 0.096459 0.096459
1680 8.089182 8.089182 8.089182 0.096459 0.096459 0.096459
1690 8.089182 8.089182 8.089182 0.096459 0.096459 0.096459
1700 8.089182 8.089182 8.089182 0.096459 0.096459 0.096459
1710 8.089182 8.089182 8.089182 0.096459 0.096459 0.096459
1720 8.089182 8.089182 8.089182 0.096459 0.096459 0.096459
1730 8.089182 8.089182 8.089182 0.096459 0.096459 0.096459
1740 8.089182 8.089182 8.089182 0.096459 0.096459 0.096459
1750 8.089182 8.089182 8.089182 0.096459 0.096459 0.096459
1760 8.089182 8.089182 8.089182 0.096459 0.096459 0.096459
1770 8.089182 8.089182 8.089182 0.096459 0.096459 0.096459
1780 8.089182 8.089182 8.089182 0.096459 0.096459 0.096459
1790 8.089182 8.089182 8.089182 0.096459 0.096459 0.096459
1800 8.089182 8.089182 8.089182 0.096459 0.096459 0.096459
1810 8.089182 8.089182 8.089182 0.096459 0.096459 0.096459
1820 8.089182 8.089182 8.089182 0.096459 0.096459 0.096459
1830 8.089182 8.089182 8.089182 0.096459 0.096459 0.096459
1840 8.089182 8.089182 8.089182 0.096459 0.096459 0.096459
1850 8.089182 8.089182 8.089182 0.096459 0.096459 0.096459
1860 8.089182 8.089182 8.089182 0.096459 0.096459 0.096459
1870 8.089182 8.089182 8.089182 0.096459 0.096459 0.096459
1880 8.089182 8.089182 8.089182 0.096459 0.096459 0.096459
1890 8.089182 8.089182 8.089182 0.096459 0.096459 0.096459
1900 8.089182 8.089182 8.089182 0.096459 0.096459 0.096459
1910 8.089182 8.089182 8.089182 0.096459 0.096459 0.096459
1920 8.089182 8.089182 8.089182 0.096459 0.096459 0.096459
1930 8.089182 8.089182 8.089182 0.096459 0.096459 0.096459
1940 8.089182 8.089182 8.089182 0.096459 0.096459 0.096459
1950 8.089182 8.089182 8.089182 0.096459 0.096459 0.096459
1960 8.089182 8.089182 8.089182 0.096459 0.096459 0.096459
1970 8.089182 8.089182 8.089182 0.096459 0.096459 0.096459
1980 8.089182 8.089182 8.089182 0.096459 0.096459 0.096459
1990 8.089182 8.089182 8.089182 0.096459 0.096459 0.096459
2000 8.089182 8.089182 8.089182 0.096459 0.096459 0.096459
2010 8.089182 8.089182 8.089182 0.096459 0.096459 0.096459
2020 8.089182 8.089182 8.089182 0.096459 0.096459 0.096459
2030 8.089182 8.089182 8.089182 0.096459 0.096459 0.096459
2040 8.089182 8.089182 8.089182 0.096459 0.096459 0.096459
2050 8.089182 8.089182 8.089182 0.096459 0.096459 0.096459
2060 8.089182 8.089182 8.089182 0.096459 0.096459 0.096459
2070 8.089182 8.089182 8.089182 0.096459 0.096459 0.096459
2080 8.089182 8.089182 8.089182 0.096459 0.096459 0.096459
2090 8.089182 8.089182 8.089182 0.096459 0.096459 0.096459
2100 8.089182 8.089182 8.089182 0.096459 0.096459 0.096459
2110 8.089182 8.089182 8.089182 0.096459 0.096459 0.096459
2120 8.089182 8.089182 8.089182 0.096459 0.096459 0.096459
2130 8.089182 8.089182 8.089182 0.096459 0.096459 0.096459
2140 8.089182 8.089182 8.089182 0.096459 0.096459 0.096459
2150 8.089182 8.089182 8.089182 0.096459 0.096459 0.096459
2160 8.089182 8.089182 8.089182 0.096459 0.096459 0.096459
2170 8.089182 8.089182 8.089182 0.096459 0.096459 0.096459
2180 8.089182 8.089182 8.089182 0.096459 0.096459 0.096459
2190 8.089182 8.089182 8.089182 0.096459 0.096459 0.096459
2200 8.089182 8.089182 8.089182 0.096459 0.096459 0.096459
2210 8.089182 8.089182 8.089182 0.096459 0.096459 0.096459
2220 8.089182 8.089182 8.089182 0.096459 0.096459 0.096459
2230 8.089182 8.089182 8.089182 0.096459 0.096459 0.096459
2240 8.089182 8.089182 8.089182 0.096459 0.096459 0.096459
2250 8.089182 8.089182 8.089182 0.096459 0.096459 0.096459
2260 8.089182 8.089182 8.089182 0.096459 0.096459 0.096459
2270 8.089182 8.089182 8.089182 0.096459 0.096459 0.096459
2280 8.089182 8.089182 8.089182 0.096459 0.096459 0.096459
2290 8.089182 8.089182 8.089182 0.096459 0.096459 0.096459
2300 8.089182 8.089182 8.089182 0.096459 0.096459 0.096459
2310 8.089182 8.089182 8.089182 0.096459 0.096459 0.096459
2320 8.089182 8.089182 8.089182 0.096459 0.096459 0.096459
2330 8.089182 8.089182 8.089182 0.096459 0.096459 0.096459
2340 8.089182 8.089182 8.089182 0.096459 0.096459 0.096459
2350 8.089182 8.089182 8.089182 0.096459 0.096459 0.096459
2360 8.089182 8.089182 8.089182 0.096459 0.096459 0.096459
2370 8.089182 8.089182 8.089182 0.096459 0.096459 0.096459
2380 8.089182 8.089182 8.089182 0.096459 0.096459 0.096459
2390 8.089182 8.089182 8.089182 0.096459 0.096459 0.096459
2400 8.089182 8.089182 8.089182 0.096459 0.096459 0.096459
2410 8.089182 8.089182 8.089182 0.096459 0.096459 0.096459
2420 8.089182 8.089182 8.089182 0.096459 0.096459 0.096459
2430 8.089182 8.089182 8.089182 0.096459 0.096459 0.096459
2440 8.089182 8.089182 8.089182 0.096459 0.096459 0.096459
2450 8.089182 8.089182 8.089182 0.096459 0.096459 0.096459
2460 8.089182 8.089182 8.089182 0.096459 0.096459 0.096459
2470 8.089182 8.089182 8.089182 0.096459 0.096459 0.096459
2480 8.089182 8.089182 8.089182 0.096459 0.096459 0.096459
2490 8.089182 8.089182 8.089182 0.096459 0.096459 0.096459
2500 8.089182 8.089182 8.089182 0.096459 0.096459 0.096459
2510 8.089182 8.089182 8.089182 0.096459 0.096459 0.096459
2520 8.089182 8.089182 8.089182 0.096459 0.096459 0.096459
2530 8.089182 8.089182 8.089182 0.096459 0.096459 0.096459
2540 8.089182 8.089182 8.089182 0.096459 0.096459 0.096459
2550 8.089182 8.089182 8.089182 0.096459 0.096459 0.096459
2560 8.089182 8.089182 8.089182 0.096459 0.096459 0.096459
2570 8.089182 8.089182 8.089182 0.096459 0.096459 0.096459
2580 8.089182 8.089182 8.089182 0.096459 0.096459 0.096459
2590 8.089182 8.089182 8.089182 0.096459 0.096459 0.096459
2600 8.089182 8.089182 8.089182 0.096459 0.096459 0.096459
2610 8.089182 8.089182 8.089182 0.096459 0.096459 0.096459
2620 8.089182 8.089182 8.089182 0.096459 0.096459 0.096459
2630 8.089182 8.089182 8.089182 0.096459 0.096459 0.096459
2640 8.089182 8.089182 8.089182 0.096459 0.096459 0.096459
2650 8.089182 8.089182 8.089182 0.096459 0.096459 0.096459
2660 8.089182 8.089182 8.089182 0.096459 0.096459 0.096459
2670 8.089182 8.089182 8.089182 0.096459 0.096459 0.096459
2680 8.089182 8.089182 8.089182 0.096459 0.096459 0.096459
2690 8.089182 8.089182 8.089182 0.096459 0.096459 0.096459
2700 8.089182 8.089182 8.089182 0.096459 0.096459 0.096459
2710 8.089182 8.089182 8.089182 0.096459 0.096459 0.096459
2720 8.089182 8.089182 8.089182 0.096459 0.096459 0.096459
2730 8.089182 8.089182 8.089182 0.096459 0.096459 0.096459
2740 8.089182 8.089182 8.089182 0.096459 0.096459 0.096459
2750 8.089182 8.089182 8.089182 0.096459 0.096459 0.096459
2760 8.089182 8.089182 8.089182 0.096459 0.096459 0.096459
2770 8.089182 8.089182 8.089182 0.096459 0.096459 0.096459
2780 8.089182 8.089182 8.089182 0.096459 0.096459 0.096459
2790 8.089182 8.089182 8.089182 0.096459 0.096459 0.096459
2800 8.089182 8.089182 8.089182 0.096459 0.096459 0.096459
2810 8.089182 8.089182 8.089182 0.096459 0.096459 0.096459
2820 8.089182 8.089182 8.089182 0.096459 0.096459 0.096459
2830 8.089182 8.089182 8.089182 0.096459 0.096459 0.096459
2840 8.089182 8.089182 8.089182 0.096459 0.096459 0.096459
2850 8.089182 8.089182 8.089182 0.096459 0.096459 0.096459
2860 8.089182 8.089182 8.089182 0.096459 0.096459 0.096459
2870 8.089182 8.089182 8.089182 0.096459 0.096459 0.096459
2880 8.089182 8.089182 8.089182 0.096459 0.096459 0.096459
2890 8.089182 8.089182 8.089182 0.096459 0.096459 0.096459
2900 8.089182 8.089182 8.089182 0.096459 0.096459 0.096459
2910 8.089182 8.089182 8.089182 0.096459 0.096459 0.096459
2920 8.089182 8.089182 8.089182 0.096459 0.096459 0.096459
2930 8.089182 8.089182 8.089182 0.096459 0.096459 0.096459
2940 8.089182 8.089182 8.089182 0.096459 0.096459 0.096459
2950 8.089182 8.089182 8.089182 0.096459 0.096459 0.096459
2960 8.089182 8.089182 8.089182 0.096459 0.096459 0.096459
2970 8.089182 8.089182 8.089182 0.096459 0.096459 0.096459
2980 8.089182 8.089182 8.089182 0.096459 0.096459 0.096459
2990 8.089182 8.089182 8.089182 0.096459 0.096459 0.096459
3000 8.089182 8.089182 8.089182 0.096459 0.096459 0.096459
3010 8.089182 8.089182 8.089182 0.096459 0.096459 0.096459
3020 8.089182 8.089182 8.089182 0.096459 0.096459 0.096459
3030 8.089182 8.089182 8.089182 0.096459 0.096459 0.096459
3040 8.089182 8.089182 8.089182 0.096459 0.096459 0.096459
3050 8.089182 8.089182 8.089182 0.096459 0.096459 0.096459
3060 8.089182 8.089182 8.089182 0.096459 0.096459 0.096459
3070 8.089182 8.089182 8.089182 0.096459 0.096459 0.096459
3080 8.089182 8.089182 8.089182 0.096459 0.096459 0.096459
3090 8.089182 8.089182 8.089182 0.096459 0.096459 0.096459
3100 8.089182 8.089182 8.089182 0.096459 0.096459 0.096459
3110 8.089182 8.089182 8.089182 0.096459 0.096459 0.096459
3120 8.089182 8.089182 8.089182 0.096459 0.096459 0.096459
3130 8.089182 8.089182 8.089182 0.096459 0.096459 0.096459
3140 8.089182 8.089182 8.089182 0.096459 0.096459 0.096459
3150 8.089182 8.089182 8.089182 0.096459 0.096459 0.096459
3160 8.089182 8.089182 8.089182 0.096459 0.096459 0.096459
3170 8.089182 8.089182 8.089182 0.096459 0.096459 0.096459
3180 8.089182 8.089182 8.089182 0.096459 0.096459 0.096459
3190 8.089182 8.089182 8.089182 0.096459 0.096459 0.096459
3200 8.089182 8.089182 8.089182 0.096459 0.096459 0.096459
3210 8.089182 8.089182 8.089182 0.096459 0.096459 0.096459
3220 8.089182 8.089182 8.089182 0.096459 0.096459 0.096459
3230 8.089182 8.089182 8.089182 0.096459 0.096459 0.096459
3240 8.089182 8.089182 8.089182 0.096459 0.096459 0.096459
3250 8.089182 8.089182 8.089182 0.096459 0.096459 0.096459
3260 8.089182 8.089182 8.089182 0.096459 0.096459 0.096459
3270 8.089182 8.089182 8.089182 0.096459 0.096459 0.096459
3280 8.089182 8.089182 8.089182 0.096459 0.096459 0.096459
3290 8.089182 8.089182 8.089182 0.096459 0.096459 0.096459
3300 8.089182 8.089182 8.089182 0.096459 0.096459 0.096459
3310 8.089182 8.089182 8.089182 0.096459 0.096459 0.096459
3320 8.089182 8.089182 8.089182 0.096459 0.096459 0.096459
3330 8.089182 8.089182 8.089182 0.096459 0.096459 0.096459
3340 8.089182 8.089182 8.089182 0.096459 0.096459 0.096459
3350 8.089182 8.089182 8.089182 0.096459 0.096459 0.096459
3360 8.089182 8.089182 8.089182 0.096459 0.096459 0.096459
3370 8.089182 8.089182 8.089182 0.096459 0.096459 0.096459
3380 8.089182 8.089182 8.089182 0.096459 0.096459 0.096459
3390 8.089182 8.089182 8.089182 0.096459 0.096459 0.096459
3400 8.089182 8.089182 8.089182 0.096459 0.096459 0.096459
3410 8.089182 8.089182 8.089182 0.096459 0.096459 0.096459
3420 8.089182 8.089182 8.089182 0.096459 0.096459 0.096459
3430 8.089182 8.089182 8.089182 0.096459 0.096459 0.096459
3440 8.089182 8.089182 8.089182 0.096459 0.096459 0.096459
3450 8.089182 8.089182 8.089182 0.096459 0.096459 0.096459
3460 8.089182 8.089182 8.089182 0.096459 0.096459 0.096459
3470 8.089182 8.089182 8.089182 0.096459 0.096459 0.096459
3480 8.089182 8.089182 8.089182 0.096459 0.096459 0.096459
3490 8.089182 8.089182 8.089182 0.096459 0.096459 0.096459
3500 8.089182 8.089182 8.089182 0.096459 0.096459 0.096459
3510 8.089182 8.089182 8.089182 0.096459 0.096459 0.096459
3520 8.089182 8.089182 8.089182 0.096459 0.096459 0.096459
3530 8.089182 8.089182 8.089182 0.096459 0.096459 0.096459
3540 8.089182 8.089182 8.089182 0.096459 0.096459 0.096459
3550 8.089182 8.089182 8.089182 0.096459 0.096459 0.096459
3560 8.089182 8.089182 8.089182 0.096459 0.096459 0.096459
3570 8.089182 8.089182 8.089182 0.096459 0.096459 0.096459
3580 8.089182 8.089182 8.089182 0.096459 0.096459 0.096459
3590 8.089182 8.089182 8.089182 0.096459 0.096459 0.096459
3600 8.089182 8.089182 8.089182 0.096459 0.096459 0.096459
3610 8.089182 8.089182 8.089182 0.096459 0.096459 0.096459
3620 8.089182 8.089182 8.089182 0.096459 0.096459 0.096459
3630 8.089182 8.089182 8.089182 0.096459 0.096459 0.096459
3640 8.089182 8.089182 8.089182 0.096459 0.096459 0.096459
3650 8.089182 8.089182 8.089182 0.096459 0.096459 0.096459
3660 8.089182 8.089182 8.089182 0.096459 0.096459 0.096459
3670 8.089182 8.089182 8.089182 0.096459 0.096459 0.096459
3680 8.089182 8.089182 8.089182 0.096459 0.096459 0.096459
3690 8.089182 8.089182 8.089182 0.096459 0.096459 0.096459
3700 8.089182 8.089182 8.089182 0.096459 0.096459 0.096459
3710 8.089182 8.089182 8.089182 0.096459 0.096459 0.096459
3720 8.089182 8.089182 8.089182 0.096459 0.096459 0.096459
3730 8.089182 8.089182 8.089182 0.096459 0.096459 0.096459
3740 8.089182 8.089182 8.089182 0.096459 0.096459 0.096459
3750 8.089182 8.089182 8.089182 0.096459 0.096459 0.096459
3760 8.089182 8.089182 8.089182 0.096459 0.096459 0.096459
3770 8.089182 8.089182 8.089182 0.096459 0.096459 0.096459
3780 8.089182 8.089182 8.089182 0.096459 0.096459 0.096459
3790 8.089182 8.089182 8.089182 0.096459 0.096459 0.096459
3800 8.089182 8.089182 8.089182 0.096459 0.096459 0.096459
3810 8.089182 8.089182 8.089182 0.096459 0.096459 0.096459
3820 8.089182 8.089182 8.089182 0.096459 0.096459 0.096459
3830 8.089182 8.089182 8.089182 0.096459 0.096459 0.096459
3840 8.089182 8.089182 8.089182 0.096459 0.096459 0.096459
3850 8.089182 8.089182 8.089182 0.096459 0.096459 0.096459
3860 8.089182 8.089182 8.089182 0.096459 0.096459 0.096459
3870 8.089182 8.089182 8.089182 0.096459 0.096459 0.096459
3880 8.089182 8.089182 8.089182 0.096459 0.096459 0.096459
3890 8.089182 8.089182 8.089182 0.096459 0.096459 0.096459
3900 8.089182 8.089182 8.089182 0.096459 0.096459 0.096459
3910 8.089182 8.089182 8.089182 0.096459 0.096459 0.096459
3920 8.089182 8.089182 8.089182 0.096459 0.096459 0.096459
3930 8.089182 8.089182 8.089182 0.096459 0.096459 0.096459
3940 8.089182 8.089182 8.089182 0.096459 0.096459 0.096459
3950 8.089182 8.089182 8.089182 0.096459 0.096459 0.096459
3960 8.089182 8.089182 8.089182 0.096459 0.096459 0.096459
3970 8.089182 8.089182 8.089182 0.096459 0.096459 0.096459
3980 8.089182 8.089182 8.089182 0.096459 0.096459 0.096459
3990 8.089182 8.089182 8.089182 0.096459 0.096459 0.096459
4000 8.089182 8.089182 8.089182 0.096459 0.096459 0.096459
4010 8.089182 8.089182 8.089182 0.096459 0.096459 0.096459
4020 8.089182 8.089182 8.089182 0.096459 0.096459 0.096459
4030 8.089182 8.089182 8.089182 0.096459 0.096459 0.096459
4040 8.089182 8.089182 8.089182 0.096459 0.096459 0.096459
4050 8.089182 8.089182 8.089182 0.096459 0.096459 0.096459
4060 8.089182 8.089182 8.089182 0.096459 0.096459 0.096459
4070 8.089182 8.089182 8.089182 0.096459 0.096459 0.096459
4080 8.089182 8.089182 8.089182 0.096459 0.096459 0.096459
4090 8.089182 8.089182 8.089182 0.096459 0.096459 0.096459
4100 8.089182 8.089182 8.089182 0.096459 0.096459 0.096459
4110 8.089182 8.089182 8.089182 0.096459 0.096459 0.096459
4120 8.089182 8.089182 8.089182 0.096459 0.096459 0.096459
4130 8.089182 8.089182 8.089182 0.096459 0.096459 0.096459
4140 8.089182 8.089182 8.089182 0.096459 0.096459 0.096459
4150 8.089182 8.089182 8.089182 0.096459 0.096459 0.096459
4160 8.089182 8.089182 8.089182 0.096459 0.096459 0.096459
4170 8.089182 8.089182 8.089182 0.096459 0.096459 0.096459
4180 8.089182 8.089182 8.089182 0.096459 0.096459 0.096459
4190 8.089182 8.089182 8.089182 0.096459 0.096459 0.096459
4200 8.089182 8.089182 8.089182 0.096459 0.096459 0.096459
4210 8.089182 8.089182 8.089182 0.096459 0.096459 0.096459
4220 8.089182 8.089182 8.089182 0.096459 0.096459 0.096459
4230 8.089182 8.089182 8.089182 0.096459 0.096459 0.096459
4240 8.089182 8.089182 8.089182 0.096459 0.096459 0.096459
4250 8.089182 8.089182 8.089182 0.096459 0.096459 0.096459
4260 8.089182 8.089182 8.089182 0.096459 0.096459 0.096459
4270 8.089182 8.089182 8.089182 0.096459 0.096459 0.096459
4280 8.089182 8.089182 8.089182 0.096459 0.096459 0.096459
4290 8.089182 8.089182 8.089182 0.096459 0.096459 0.096459
4300 8.089182 8.089182 8.089182 0.096459 0.096459 0.096459
4310 8.089182 8.089182 8.089182 0.096459 0.096459 0.096459
4320 8.089182 8.089182 8.089182 0.096459 0.096459 0.096459
4330 8.089182 8.089182 8.089182 0.096459 0.096459 0.096459
4340 8.089182 8.089182 8.089182 0.096459 0.096459 0.096459
4350 8.089182 8.089182 8.089182 0.096459 0.096459 0.096459
4360 8.089182 8.089182 8.089182 0.096459 0.096459 0.096459
4370 8.089182 8.089182 8.089182 0.096459 0.096459 0.096459
4380 8.089182 8.089182 8.089182 0.096459 0.096459 0.096459
4390 8.089182 8.089182 8.089182 0.096459 0.096459 0.096459
4400 8.089182 8.089182 8.089182 0.096459 0.096459 0.096459
4410 8.089182 8.089182 8.089182 0.096459 0.096459 0.096459
4420 8.089182 8.089182 8.089182 0.096459 0.096459 0.096459
4430 8.089182 8.089182 8.089182 0.096459 0.096459 0.096459
4440 8.089182 8.089182 8.089182 0.096459 0.096459 0.096459
4450 8.089182 8.089182 8.089182 0.096459 0.096459 0.096459
4460 8.089182 8.089182 8.089182 0.096459 0.096459 0.096459
4470 8.089182 8.089182 8.089182 0.096459 0.096459 0.096459
4480 8.089182 8.089182 8.089182 0.096459 0.096459 0.096459
4490 8.089182 8.089182 8.089182 0.096459 0.096459 0.096459
4500 8.089182 8.089182 8.089182 0.096459 0.096459 0.096459
4510 8.089182 8.089182 8.089182 0.096459 0.096459 0.096459
4520 8.089182 8.089182 8.089182 0.096459 0.096459 0.096459
4530 8.089182 8.089182 8.089182 0.096459 0.096459 0.096459
4540 8.089182 8.089182 8.089182 0.096459 0.096459 0.096459
4550 8.089182 8.089182 8.089182 0.096459 0.096459 0.096459
4560 8.089182 8.089182 8.089182 0.096459 0.096459 0.096459
4570 8.089182 8.089182 8.089182 0.096459 0.096459 0.096459
4580 8.089182 8.089182 8.089182 0.096459 0.096459 0.096459
4590 8.089182 8.089182 8.089182 0.096459 0.096459 0.096459
4600 8.089182 8.089182 8.089182 0.096459 0.096459 0.096459
4610 8.089182 8.089182 8.089182 0.096459 0.096459 0.096459
4620 8.089182 8.089182 8.089182 0.096459 0.096459 0.096459
4630 8.089182 8.089182 8.089182 0.096459 0.096459 0.096459
4640 8.089182 8.089182 8.089182 0.096459 0.096459 0.096459
4650 8.089182 8.089182 8.089182 0.096459 0.096459 0.096459
4660 8.089182 8.089182 8.089182 0.096459 0.096459 0.096459
4670 8.089182 8.089182 8.089182 0.096459 0.096459 0.096459
4680 8.089182 8.089182 8.089182 0.096459 0.096459 0.096459
4690 8.089182 8.089182 8.089182 0.096459 0.096459 0.096459
4700 8.089182 8.089182 8.089182 0.096459 0.096459 0.096459
4710 8.089182 8.089182 8.089182 0.096459 0.096459 0.096459
4720 8.089182 8.089182 8.089182 0.096459 0.096459 0.096459
4730 8.089182 8.089182 8.089182 0.096459 0.096459 0.096459
4740 8.089182 8.089182 8.089182 0.096459 0.096459 0.096459
4750 8.089182 8.089182 8.089182 0.096459 0.096459 0.096459
4760 8.089182 8.089182 8.089182 0.096459 0.096459 0.096459
4770 8.089182 8.089182 8.089182 0.096459 0.096459 0.096459
4780 8.089182 8.089182 8.089182 0.096459 0.096459 0.096459
4790 8.089182 8.089182 8.089182 0.096459 0.096459 0.096459
4800 8.089182 8.089182 8.089182 0.096459 0.096459 0.096459
4810 8.089182 8.089182 8.089182 0.096459 0.096459 0.096459
4820 8.089182 8.089182 8.089182 0.096459 0.096459 0.096459
4830 8.089182 8.089182 8.089182 0.096459 0.096459 0.096459
4840 8.089182 8.089182 8.089182 0.096459 0.096459 0.096459
4850 8.089182 8.089182 8.089182 0.096459 0.096459 0.096459
4860 8.089182 8.089182 8.089182 0.096459 0.096459 0.096459
4870 8.089182 8.089182 8.089182 0.096459 0.096459 0.096459
4880 8.089182 8.089182 8.089182 0.096459 0.096459 0.096459
4890 8.089182 8.089182 8.089182 0.096459 0.096459 0.096459
4900 8.089182 8.089182 8.089182 0.096459 0.096459 0.096459
4910 8.089182 8.089182 8.089182 0.096459 0.096459 0.096459
4920 8.089182 8.089182 8.089182 0.096459 0.096459 0.096459
4930 8.089182 8.089182 8.089182 0.096459 0.096459 0.096459
4940 8.089182 8.089182 8.089182 0.096459 0.096459 0.096459
4950 8.089182 8.089182 8.089182 0.096459 0.096459 0.096459
4960 8.089182 8.089182 8.089182 0.096459 0.096459 0.096459
4970 8.089182 8.089182 8.089182 0.096459 0.096459 0.096459
4980 8.089182 8.089182 8.089182 0.096459 0.096459 0.096459
4990 8.089182 8.089182 8.089182 0.096459 0.096459 0.096459
5000 8.089182 8.089182 8.089182 0.096459 0.096459 0.096459
5010 8.089182 8.089182 8.089182 0.096459 0.096459 0.096459
5020 8.089182 8.089182 8.089182 0.096459 0.096459 0.096459
5030 8.089182 8.089182 8.089182 0.096459 0.096459 0.096459
5040 8.089182 8.089182 8.089182 0.096459 0.096459 0.096459
5050 8.089182 8.089182 8.089182 0.096459 0.096459 0.096459
5060 8.089182 8.089182 8.089182 0.096459 0.096459 0.096459
5070 8.089182 8.089182 8.089182 0.096459 0.096459 0.096459
5080 8.089182 8.089182 8.089182 0.096459 0.096459 0.096459
5090 8.089182 8.089182 8.089182 0.096459 0.096459 0.096459
5100 8.089182 8.089182 8.089182 0.096459 0.096459 0.096459
5110 8.089182 8.089182 8.089182 0.096459 0.096459 0.096459
5120 8.089182 8.089182 8.089182 0.096459 0.096459 0.096459
5130 8.089182 8.089182 8.089182 0.096459 0.096459 0.096459
5140 8.089182 8.089182 8.089182 0.096459 0.096459 0.096459
5150 8.089182 8.089182 8.089182 0.096459 0.096459 0.096459
5160 8.089182 8.089182 8.089182 0.096459 0.096459 0.096459
5170 8.089182 8.089182 8.089182 0.096459 0.096459 0.096459
5180 8.089182 8.089182 8.089182 0.096459 0.096459 0.096459
5190 8.089182 8.089182 8.089182 0.096459 0.096459 0.096459
5200 8.089182 8.089182 8.089182 0.096459 0.096459 0.096459
5210 8.089182 8.089182 8.089182 0.096459 0.096459 0.096459
5220 8.089182 8.089182 8.089182 0.096459 0.096459 0.096459
5230 8.089182 8.089182 8.089182 0.096459 0.096459 0.096459
5240 8.089182 8.089182 8.089182 0.096459 0.096459 0.096459
5250 8.089182 8.089182 8.089182 0.096459 0.096459 0.096459
5260 8.089182 8.089182 8.089182 0.096459 0.096459 0.096459
5270 8.089182 8.089182 8.089182 0.096459 0.096459 0.096459
5280 8.089182 8.089182 8.089182 0.096459 0.096459 0.096459
5290 8.089182 8.089182 8.089182 0.096459 0.096459 0.096459
5300 8.089182 8.089182 8.089182 0.096459 0.096459 0.096459
5310 8.089182 8.089182 8.089182 0.096459 0.096459 0.096459
5320 8.089182 8.089182 8.089182 0.096459 0.096459 0.096459
5330 8.089182 8.089182 8.089182 0.096459 0.096459 0.096459
5340 8.089182 8.089182 8.089182 0.096459 0.096459 0.096459
5350 8.089182 8.089182 8.089182 0.096459 0.096459 0.096459
5360 8.089182 8.089182 8.089182 0.096459 0.096459 0.096459
5370 8.089182 8.089182 8.089182 0.096459 0.096459 0.096459
5380 8.089182 8.089182 8.089182 0.096459 0.096459 0.096459
5390 8.089182 8.089182 8.089182 0.096459 0.096459 0.096459
5400 8.089182 8.089182 8.089182 0.096459 0.096459 0.096459
5410 8.089182 8.089182 8.089182 0.096459 0.096459 0.096459
5420 8.089182 8.089182 8.089182 0.096459 0.096459 0.096459
5430 8.089182 8.089182 8.089182 0.096459 0.096459 0.096459
5440 8.089182 8.089182 8.089182 0.096459 0.096459 0.096459
5450 8.089182 8.089182 8.089182 0.096459 0.096459 0.096459
5460 8.089182 8.089182 8.089182 0.096459 0.096459 0.096459
5470 8.089182 8.089182 8.089182 0.096459 0.096459 0.096459
5480 8.089182 8.089182 8.089182 0.096459 0.096459 0.096459
5490 8.089182 8.089182 8.089182 0.096459 0.096459 0.096459
5500 8.089182 8.089182 8.089182 0.096459 0.096459 0.096459
5510 8.089182 8.089182 8.089182 0.096459 0.096459 0.096459
5520 8.089182 8.089182 8.089182 0.096459 0.096459 0.096459
5530 8.089182 8.089182 8.089182 0.096459 0.096459 0.096459
5540 8.089182 8.089182 8.089182 0.096459 0.096459 0.096459
5550 8.089182 8.089182 8.089182 0.096459 0.096459 0.096459
5560 8.089182 8.089182 8.089182 0.096459 0.096459 0.096459
5570 8.089182 8.089182 8.089182 0.096459 0.096459 0.096459
5580 8.089182 8.089182 8.089182 0.096459 0.096459 0.096459
5590 8.089182 8.089182 8.089182 0.096459 0.096459 0.096459
5600 8.089182 8.089182 8.089182 0.096459 0.096459 0.096459
5610 8.089182 8.089182 8.089182 0.096459 0.096459 0.096459
5620 8.089182 8.089182 8.089182 0.096459 0.096459 0.096459
5630 8.089182 8.089182 8.089182 0.096459 0.096459 0.096459
5640 8.089182 8.089182 8.089182 0.096459 0.096459 0.096459
5650 8.089182 8.089182 8.089182 0.096459 0.096459 0.096459
5660 8.089182 8.089182 8.089182 0.096459 0.096459 0.096459
5670 8.089182 8.089182 8.089182 0.096459 0.096459 0.096459
5680 8.089182 8.089182 8.089182 0.096459 0.096459 0.096459
5690 8.089182 8.089182 8.089182 0.096459 0.096459 0.096459
5700 8.089182 8.089182 8.089182 0.096459 0.096459 0.096459
5710 8.089182 8.089182 8.089182 0.096459 0.096459 0.096459
5720 8.089182 8.089182 8.089182 0.096459 0.096459 0.096459
5730 8.089182 8.089182 8.089182 0.096459 0.096459 0.096459
5740 8.089182 8.089182 8.089182 0.096459 0.096459 0.096459
5750 8.089182 8.089182 8.089182 0.096459 0.096459 0.096459
5760 8.089182 8.089182 8.089182 0.096459 0.096459 0.096459
5770 8.089182 8.089182 8.089182 0.096459 0.096459 0.096459
5780 8.089182 8.089182 8.089182 0.096459 0.096459 0.096459
5790 8.089182 8.089182 8.089182 0.096459 0.096459 0.096459
5800 8.089182 8.089182 8.089182 0.096459 0.096459 0.096459
5810 8.089182 8.089182 8.089182 0.096459 0.096459 0.096459
5820 8.089182 8.089182 8.089182 0.096459 0.096459 0.096459
5830 8.089182 8.089182 8.089182 0.096459 0.096459 0.096459
5840 8.089182 8.089182 8.089182 0.096459 0.096459 0.096459
5850 8.089182 8.089182 8.089182 0.096459 0.096459 0.096459
5860 8.089182 8.089182 8.089182 0.096459 0.096459 0.096459
5870 8.089182 8.089182 8.089182 0.096459 0.096459 0.096459
5880 8.089182 8.089182 8.089182 0.096459 0.096459 0.096459
5890 8.089182 8.089182 8.089182 0.096459 0.096459 0.096459
5900 8.089182 8.089182 8.089182 0.096459 0.096459 0.096459
5910 8.089182 8.089182 8.089182 0.096459 0.096459 0.096459
5920 8.089182 8.089182 8.089182 0.096459 0.096459 0.096459
5930 8.089182 8.089182 8.089182 0.096459 0.096459 0.096459
5940 8.089182 8.089182 8.089182 0.096459 0.096459 0.096459
5950 8.089182 8.089182 8.089182 0.096459 0.096459 0.096459
5960 8.089182 8.089182 8.089182 0.096459 0.096459 0.096459
5970 8.089182 8.089182 8.089182 0.096459 0.096459 0.096459
5980 8.089182 8.089182 8.089182 0.096459 0.096459 0.096459
5990 8.089182 8.089182 8.089182 0.096459 0.096459 0.096459
6000 8.089182 8.089182 8.089182 0.096459 0.096459 0.096459
6010 8.089182 8.089182 8.089182 0.096459 0.096459 0.096459
6020 8.089182 8.089182 8.089182 0.096459 0.096459 0.096459
6030 8.089182 8.089182 8.089182 0.096459 0.096459 0.096459
6040 8.089182 8.089182 8.089182 0.096459 0.096459 0.096459
6050 8.089182 8.089182 8.089182 0.096459 0.096459 0.096459
6060 8.089182 8.089182 8.089182 0.096459 0.096459 0.096459
6070 8.089182 8.089182 8.089182 0.096459 0.096459 0.096459
6080 8.089182 8.089182 8.089182 0.096459 0.096459 0.096459
6090 8.089182 8.089182 8.089182 0.096459 0.096459 0.096459
6100 8.089182 8.089182 8.089182 0.096459 0.096459 0.096459
6110 8.089182 8.089182 8.089182 0.096459 0.096459 0.096459
6120 8.089182 8.089182 8.089182 0.096459 0.096459 0.096459
6130 8.089182 8.089182 8.089182 0.096459 0.096459 0.096459
6140 8.089182 8.089182 8.089182 0.096459 0.096459 0.096459
6150 8.089182 8.089182 8.089182 0.096459 0.096459 0.096459
6160 8.089182 8.089182 8.089182 0.096459 0.096459 0.096459
6170 8.089182 8.089182 8.089182 0.096459 0.096459 0.096459
6180 8.089182 8.089182 8.089182 0.096459 0.096459 0.096459
6190 8.089182 8.089182 8.089182 0.096459 0.096459 0.096459
6200 8.089182 8.089182 8.089182 0.096459 0.096459 0.096459
6210 8.089182 8.089182 8.089182 0.096459 0.096459 0.096459
6220 8.089182 8.089182 8.089182 0.096459 0.096459 0.096459
6230 8.089182 8.089182 8.089182 0.096459 0.096459 0.096459
6240 8.089182 8.089182 8.089182 0.096459 0.096459 0.096459
6250 8.089182 8.089182 8.089182 0.096459 0.096459 0.096459
6260 8.089182 8.089182 8.089182 0.096459 0.096459 0.096459
6270 8.089182 8.089182 8.089182 0.096459 0.096459 0.096459
6280 8.089182 8.089182 8.089182 0.096459 0.096459 0.096459
6290 8.089182 8.089182 8.089182 0.096459 0.096459 0.096459
6300 8.089182 8.089182 8.089182 0.096459 0.096459 0.096459
6310 8.089182 8.089182 8.089182 0.096459 0.096459 0.096459
6320 8.089182 8.089182 8.089182 0.096459 0.096459 0.096459
6330 8.089182 8.089182 8.089182 0.096459 0.096459 0.096459
6340 8.089182 8.089182 8.089182 0.096459 0.096459 0.096459
6350 8.089182 8.089182 8.089182 0.096459 0.096459 0.096459
6360 8.089182 8.089182 8.089182 0.096459 0.096459 0.096459
6370 8.089182 8.089182 8.089182 0.096459 0.096459 0.096459
6380 8.089182 8.089182 8.089182 0.096459 0.096459 0.096459
6390 8.089182 8.089182 8.089182 0.096459 0.096459 0.096459
6400 8.089182 8.089182 8.089182 0.096459 0.096459 0.096459
6410 8.089182 8.089182 8.089182 0.096459 0.096459 0.096459
6420 8.089182 8.089182 8.089182 0.096459 0.096459 0.096459
6430 8.089182 8.089182 8.089182 0.096459 0.096459 0.096459
6440 8.089182 8.089182 8.089182 0.096459 0.096459 0.096459
6450 8.089182 8.089182 8.089182 0.096459 0.096459 0.096459
6460 8.089182 8.089182 8.089182 0.096459 0.096459 0.096459
6470 8.089182 8.089182 8.089182 0.096459 0.096459 0.096459
6480 8.089182 8.089182 8.089182 0.096459 0.096459 0.096459
6490 8.089182 8.089182 8.089182 0.096459 0.096459 0.096459
6500 8.089182 8.089182 8.089182 0.096459 0.096459 0.096459
6510 8.089182 8.089182 8.089182 0.096459 0.096459 0.096459
6520 8.089182 8.089182 8.089182 0.096459 0.096459 0.096459
6530 8.089182 8.089182 8.089182 0.096459 0.096459 0.096459
6540 8.089182 8.089182 8.089182 0.096459 0.096459 0.096459
6550 8.089182 8.089182 8.089182 0.096459 0.096459 0.096459
6560 8.089182 8.089182 8.089182 0.096459 0.096459 0.096459
6570 8.089182 8.089182 8.089182 0.096459 0.096459 0.096459
6580 8.089182 8.089182 8.089182 0.096459 0.096459 0.096459
6590 8.089182 8.089182 8.089182 0.096459 0.096459 0.096459
6600 8.089182 8.089182 8.089182 0.096459 0.096459 0.096459
6610 8.089182 8.089182 8.089182 0.096459 0.096459 0.096459
6620 8.089182 8.089182 8.089182 0.096459 0.096459 0.096459
6630 8.089182 8.089182 8.089182 0.096459 0.096459 0.096459
6640 8.089182 8.089182 8.089182 0.096459 0.096459 0.096459
6650 8.089182 8.089182 8.089182 0.096459 0.096459 0.096459
6660 8.089182 8.089182 8.089182 0.096459 0.096459 0.096459
6670 8.089182 8.089182 8.089182 0.096459 0.096459 0.096459
6680 8.089182 8.089182 8.089182 0.096459 0.096459 0.096459
6690 8.089182 8.089182 8.089182 0.096459 0.096459 0.096459
6700 8.089182 8.089182 8.089182 0.096459 0.096459 0.096459
6710 8.089182 8.089182 8.089182 0.096459 0.096459 0.096459
6720 8.089182 8.089182 8.089182 0.096459 0.096459 0.096459
6730 8.089182 8.089182 8.089182 0.096459 0.096459 0.096459
6740 8.089182 8.089182 8.089182 0.096459 0.096459 0.096459
6750 8.089182 8.089182 8.089182 0.096459 0.096459 0.096459
6760 8.089182 8.089182 8.089182 0.096459 0.096459 0.096459
6770 8.089182 8.089182 8.089182 0.096459 0.096459 0.096459
6780 8.089182 8.089182 8.089182 0.096459 0.096459 0.096459
6790 8.089182 8.089182 8.089182 0.096459 0.096459 0.096459
6800 8.089182 8.089182 8.089182 0.096459 0.096459 0.096459
6810 8.089182 8.089182 8.089182 0.096459 0.096459 0.096459
6820 8.089182 8.089182 8.089182 0.096459 0.096459 0.096459
6830 8.089182 8.089182 8.089182 0.096459 0.096459 0.096459
6840 8.089182 8.089182 8.089182 0.096459 0.096459 0.096459
6850 8.089182 8.089182 8.089182 0.096459 0.096459 0.096459
6860 8.089182 8.089182 8.089182 0.096459 0.096459 0.096459
6870 8.089182 8.089182 8.089182 0.096459 0.096459 0.096459
6880 8.089182 8.089182 8.089182 0.096459 0.096459 0.096459
6890 8.089182 8.089182 8.089182 0.096459 0.096459 0.096459
6900 8.089182 8.089182 8.089182 0.096459 0.096459 0.096459
6910 8.089182 8.089182 8.089182 0.096459 0.096459 0.096459
6920 8.089182 8.089182 8.089182 0.096459 0.096459 0.096459
6930 8.089182 8.089182 8.089182 0.096459 0.096459 0.096459
6940 8.089182 8.089182 8.089182 0.096459 0.096459 0.096459
6950 8.089182 8.089182 8.089182 0.096459 0.096459 0.096459
6960 8.089182 8.089182 8.089182 0.096459 0.096459 0.096459
6970 8.089182 8.089182 8.089182 0.096459 0.096459 0.096459
6980 8.089182 8.089182 8.089182 0.096459 0.096459 0.096459
6990 8.089182 8.089182 8.089182 0.096459 0.096459 0.096459
7000 8.089182 8.089182 8.089182 0.096459 0.096459 0.096459
7010 8.089182 8.089182 8.089182 0.096459 0.096459 0.096459
7020 8.089182 8.089182 8.089182 0.096459 0.096459 0.096459
7030 8.089182 8.089182 8.089182 0.096459 0.096459 0.096459
7040 8.089182 8.089182 8.089182 0.096459 0.096459 0.096459
7050 8.089182 8.089182 8.089182 0.096459 0.096459 0.096459
7060 8.089182 8.089182 8.089182 0.096459 0.096459 0.096459
7070 8.089182 8.089182 8.089182 0.096459 0.096459 0.096459
7080 8.089182 8.089182 8.089182 0.096459 0.096459 0.096459
7090 8.089182 8.089182 8.089182 0.096459 0.096459 0.096459
7100 8.089182 8.089182 8.089182 0.096459 0.096459 0.096459
7110 8.089182 8.089182 8.089182 0.096459 0.096459 0.096459
7120 8.089182 8.089182 8.089182 0.096459 0.096459 0.096459
7130 8.089182 8.089182 8.089182 0.096459 0.096459 0.096459
7140 8.089182 8.089182 8.089182 0.096459 0.096459 0.096459
7150 8.089182 8.089182 8.089182 0.096459 0.096459 0.096459
7160 8.089182 8.089182 8.089182 0.096459 0.096459 0.096459
7170 8.089182 8.089182 8.089182 0.096459 0.096459 0.096459
7180 8.089182 8.089182 8.089182 0.096459 0.096459 0.096459
7190 8.089182 8.089182 8.089182 0.096459 0.096459 0.096459
7200 8.089182 8.089182 8.089182 0.096459 0.096459 0.096459
7210 8.089182 8.089182 8.089182 0.096459 0.096459 0.096459
7220 8.089182 8.089182 8.089182 0.096459 0.096459 0.096459
7230 8.089182 8.089182 8.089182 0.096459 0.096459 0.096459
7240 8.089182 8.089182 8.089182 0.096459 0.096459 0.096459
7250 8.089182 8.089182 8.089182 0.096459 0.096459 0.096459
7260 8.089182 8.089182 8.089182 0.096459 0.096459 0.096459
7270 8.089182 8.089182 8.089182 0.096459 0.096459 0.096459
7280 8.089182 8.089182 8.089182 0.096459 0.096459 0.096459
7290 8.089182 8.089182 8.089182 0.096459 0.096459 0.096459
7300 8.089182 8.089182 8.089182 0.096459 0.096459 0.096459
7310 8.089182 8.089182 8.089182 0.096459 0.096459 0.096459
7320 8.089182 8.089182 8.089182 0.096459 0.096459 0.096459
7330 8.089182 8.089182 8.089182 0.096459 0.096459 0.096459
7340 8.089182 8.089182 8.089182 0.096459 0.096459 0.096459
7350 8.089182 8.089182 8.089182 0.096459 0.096459 0.096459
7360 8.089182 8.089182 8.089182 0.096459 0.096459 0.096459
7370 8.089182 8.089182 8.089182 0.096459 0.096459 0.096459
7380 8.089182 8.089182 8.089182 0.096459 0.096459 0.096459
7390 8.089182 8.089182 8.089182 0.096459 0.096459 0.096459
7400 8.089182 8.089182 8.089182 0.096459 0.096459 0.096459
7410 8.089182 8.089182 8.089182 0.096459 0.096459 0.096459
7420 8.089182 8.089182 8.089182 0.096459 0.096459 0.096459
7430 8.089182 8.089182 8.089182 0.096459 0.096459 0.096459
7440 8.089182 8.089182 8.089182 0.096459 0.096459 0.096459
7450 8.089182 8.089182 8.089182 0.096459 0.096459 0.096459
7460 8.089182 8.089182 8.089182 0.096459 0.096459 0.096459
7470 8.089182 8.089182 8.089182 0.096459 0.096459 0.096459
7480 8.089182 8.089182 8.089182 0.096459 0.096459 0.096459
7490 8.089182 8.089182 8.089182 0.096459 0.096459 0.096459
7500 8.089182 8.089182 8.089182 0.096459 0.096459 0.096459
7510 8.089182 8.089182 8.089182 0.096459 0.096459 0.096459
7520 8.089182 8.089182 8.089182 0.096459 0.096459 0.096459
7530 8.089182 8.089182 8.089182 0.096459 0.096459 0.096459
7540 8.089182 8.089182 8.089182 0.096459 0.096459 0.096459
7550 8.089182 8.089182 8.089182 0.096459 0.096459 0.096459
7560 8.089182 8.089182 8.089182 0.096459 0.096459 0.096459
7570 8.089182 8.089182 8.089182 0.096459 0.096459 0.096459
7580 8.089182 8.089182 8.089182 0.096459 0.096459 0.096459
7590 8.089182 8.089182 8.089182 0.096459 0.096459 0.096459
7600 8.089182 8.089182 8.089182 0.096459 0.096459 0.096459
7610 8.089182 8.089182 8.089182 0.096459 0.096459 0.096459
7620 8.089182 8.089182 8.089182 0.096459 0.096459 0.096459
7630 8.089182 8.089182 8.089182 0.096459 0.096459 0.096459
7640 8.089182 8.089182 8.089182 0.096459 0.096459 0.096459
7650 8.089182 8.089182 8.089182 0.096459 0.096459 0.096459
7660 8.089182 8.089182 8.089182 0.096459 0.096459 0.096459
7670 8.089182 8.089182 8.089182 0.096459 0.096459 0.096459
7680 8.089182 8.089182 8.089182 0.096459 0.096459 0.096459
7690 8.089182 8.089182 8.089182 0.096459 0.096459 0.096459
7700 8.089182 8.089182 8.089182 0.096459 0.096459 0.096459
7710 8.089182 8.089182 8.089182 0.096459 0.096459 0.096459
7720 8.089182 8.089182 8.089182 0.096459 0.096459 0.096459
7730 8.089182 8.089182 8.089182 0.096459 0.096459 0.096459
7740 8.089182 8.089182 8.089182 0.096459 0.096459 0.096459
7750 8.089182 8.089182 8.089182 0.096459 0.096459 0.096459
7760 8.089182 8.089182 8.089182 0.096459 0.096459 0.096459
7770 8.089182 8.089182 8.089182 0.096459 0.096459 0.096459
7780 8.089182 8.089182 8.089182 0.096459 0.096459 0.096459
7790 8.089182 8.089182 8.089182 0.096459 0.096459 0.096459
7800 8.089182 8.089182 8.089182 0.096459 0.096459 0.096459
7810 8.089182 8.089182 8.089182 0.096459 0.096459 0.096459
7820 8.089182 8.089182 8.089182 0.096459 0.096459 0.096459
7830 8.089182 8.089182 8.089182 0.096459 0.096459 0.096459
7840 8.089182 8.089182 8.089182 0.096459 0.096459 0.096459
7850 8.089182 8.089182 8.089182 0.096459 0.096459 0.096459
7860 8.089182 8.089182 8.089182 0.096459 0.096459 0.096459
7870 8.089182 8.089182 8.089182 0.096459 0.096459 0.096459
7880 8.089182 8.089182 8.089182 0.096459 0.096459 0.096459
7890 8.089182 8.089182 8.089182 0.096459 0.096459 0.096459
7900 8.089182 8.089182 8.089182 0.096459 0.096459 0.096459
7910 8.089182 8.089182 8.089182 0.096459 0.096459 0.096459
7920 8.089182 8.089182 8.089182 0.096459 0.096459 0.096459
7930 8.089182 8.089182 8.089182 0.096459 0.096459 0.096459
7940 8.089182 8.089182 8.089182 0.096459 0.096459 0.096459
7950 8.089182 8.089182 8.089182 0.096459 0.096459 0.096459
7960 8.089182 8.089182 8.089182 0.096459 0.096459 0.096459
7970 8.089182 8.089182 8.089182 0.096459 0.096459 0.096459
7980 8.089182 8.089182 8.089182 0.096459 0.096459 0.096459
7990 8.089182 8.089182 8.089182 0.096459 0.096459 0.096459
8000 8.089182 8.089182 8.089182 0.096459 0.096459 0.096459
8010 8.089182 8.089182 8.089182 0.096459 0.096459 0.096459
8020 8.089182 8.089182 8.089182 0.096459 0.096459 0.096459
8030 8.089182 8.089182 8.089182 0.096459 0.096459 0.096459
8040 8.089182 8.089182 8.089182 0.096459 0.096459 0.096459
8050 8.089182 8.089182 8.089182 0.096459 0.096459 0.096459
8060 8.089182 8.089182 8.089182 0.096459 0.096459 0.096459
8070 8.089182 8.089182 8.089182 0.096459 0.096459 0.096459
8080 8.089182 8.089182 8.089182 0.096459 0.096459 0.096459
8090 8.089182 8.089182 8.089182 0.096459 0.096459 0.096459
8100 8.089182 8.089182 8.089182 0.096459 0.096459 0.096459
8110 8.089182 8.089182 8.089182 0.096459 0.096459 0.096459
8120 8.089182 8.089182 8.089182 0.096459 0.096459 0.096459
8130 8.089182 8.089182 8.089182 0.096459 0.096459 0.096459
8140 8.089182 8.089182 8.089182 0.096459 0.096459 0.096459
8150 8.089182 8.089182 8.089182 0.096459 0.096459 0.096459
8160 8.089182 8.089182 8.089182 0.096459 0.096459 0.096459
8170 8.089182 8.089182 8.089182 0.096459 0.096459 0.096459
8180 8.089182 8.089182 8.089182 0.096459 0.096459 0.096459
8190 8.089182 8.089182 8.089182 0.096459 0.096459 0.096459
8200 8.089182 8.089182 8.089182 0.096459 0.096459 0.096459
8210 8.089182 8.089182 8.089182 0.096459 0.096459 0.096459
8220 8.089182 8.089182 8.089182 0.096459 0.096459 0.096459
8230 8.089182 8.089182 8.089182 0.096459 0.096459 0.096459
8240 8.089182 8.089182 8.089182 0.096459 0.096459 0.096459
8250 8.089182 8.089182 8.089182 0.096459 0.096459 0.096459
8260 8.089182 8.089182 8.089182 0.096459 0.096459 0.096459
8270 8.089182 8.089182 8.089182 0.096459 0.096459 0.096459
8280 8.089182 8.089182 8.089182 0.096459 0.096459 0.096459
8290 8.089182 8.089182 8.089182 0.096459 0.096459 0.096459
8300 8.089182 8.089182 8.089182 0.096459 0.096459 0.096459
8310 8.089182 8.089182 8.089182 0.096459 0.096459 0.096459
8320 8.089182 8.089182 8.089182 0.096459 0.096459 0.096459
8330 8.089182 8.089182 8.089182 0.096459 0.096459 0.096459
8340 8.089182 8.089182 8.089182 0.096459 0.096459 0.096459
8350 8.089182 8.089182 8.089182 0.096459 0.096459 0.096459
8360 8.089182 8.089182 8.089182 0.096459 0.096459 0.096459
8370 8.089182 8.089182 8.089182 0.096459 0.096459 0.096459
8380 8.089182 8.089182 8.089182 0.096459 0.096459 0.096459
8390 8.089182 8.089182 8.089182 0.096459 0.096459 0.096459
8400 8.089182 8.089182 8.089182 0.096459 0.096459 0.096459
8410 8.089182 8.089182 8.089182 0.096459 0.096459 0.096459
8420 8.089182 8.089182 8.089182 0.096459 0.096459 0.096459
8430 8.089182 8.089182 8.089182 0.096459 0.096459 0.096459
8440 8.089182 8.089182 8.089182 0.096459 0.096459 0.096459
8450 8.089182 8.089182 8.089182 0.096459 0.096459 0.096459
8460 8.089182 8.089182 8.089182 0.096459 0.096459 0.096459
8470 8.089182 8.089182 8.089182 0.096459 0.096459 0.096459
8480 8.089182 8.089182 8.089182 0.096459 0.096459 0.096459
8490 8.089182 8.089182 8.089182 0.096459 0.096459 0.096459
8500 8.089182 8.089182 8.089182 0.096459 0.096459 0.096459
8510 8.089182 8.089182 8.089182 0.096459 0.096459 0.096459
8520 8.089182 8.089182 8.089182 0.096459 0.096459 0.096459
8530 8.089182 8.089182 8.089182 0.096459 0.096459 0.096459
8540 8.089182 8.089182 8.089182 0.096459 0.096459 0.096459
8550 8.089182 8.089182 8.089182 0.096459 0.096459 0.096459
8560 8.089182 8.089182 8.089182 0.096459 0.096459 0.096459
8570 8.089182 8.089182 8.089182 0.096459 0.096459 0.096459
8580 8.089182 8.089182 8.089182 0.096459 0.096459 0.096459
8590 8.089182 8.089182 8.089182 0.096459 0.096459 0.096459
8600 8.089182 8.089182 8.089182 0.096459 0.096459 0.096459
8610 8.089182 8.089182 8.089182 0.096459 0.096459 0.096459
8620 8.089182 8.089182 8.089182 0.096459 0.096459 0.096459
8630 8.089182 8.089182 8.089182 0.096459 0.096459 0.096459
8640 8.089182 8.089182 8.089182 0.096459 0.096459 0.096459
8650 8.089182 8.089182 8.089182 0.096459 0.096459 0.096459
8660 8.089182 8.089182 8.089182 0.096459 0.096459 0.096459
8670 8.089182 8.089182 8.089182 0.096459 0.096459 0.096459
8680 8.089182 8.089182 8.089182 0.096459 0.096459 0.096459
8690 8.089182 8.089182 8.089182 0.096459 0.096459 0.096459
8700 8.089182 8.089182 8.089182 0.096459 0.096459 0.096459
8710 8.089182 8.089182 8.089182 0.096459 0.096459 0.096459
8720 8.089182 8.089182 8.089182 0.096459 0.096459 0.096459
8730 8.089182 8.089182 8.089182 0.096459 0.096459 0.096459
8740 8.089182 8.089182 8.089182 0.096459 0.096459 0.096459
8750 8.089182 8.089182 8.089182 0.096459 0.096459 0.096459
8760 8.089182 8.089182 8.089182 0.096459 0.096459 0.096459
8770 8.089182 8.089182 8.089182 0.096459 0.096459 0.096459
8780 8.089182 8.089182 8.089182 0.096459 0.096459 0.096459
8790 8.089182 8.089182 8.089182 0.096459 0.096459 0.096459
8800 8.089182 8.089182 8.089182 0.096459 0.096459 0.096459
8810 8.089182 8.089182 8.089182 0.096459 0.096459 0.096459
8820 8.089182 8.089182 8.089182 0.096459 0.096459 0.096459
8830 8.089182 8.089182 8.089182 0.096459 0.096459 0.096459
8840 8.089182 8.089182 8.089182 0.096459 0.096459 0.096459
8850 8.089182 8.089182 8.089182 0.096459 0.096459 0.096459
8860 8.089182 8.089182 8.089182 0.096459 0.096459 0.096459
8870 8.089182 8.089182 8.089182 0.096459 0.096459 0.096459
8880 8.089182 8.089182 8.089182 0.096459 0.096459 0.096459
8890 8.089182 8.089182 8.089182 0.096459 0.096459 0.096459
8900 8.089182 8.089182 8.089182 0.096459 0.096459 0.096459
8910 8.089182 8.089182 8.089182 0.096459 0.096459 0.096459
8920 8.089182 8.089182 8.089182 0.096459 0.096459 0.096459
8930 8.089182 8.089182 8.089182 0.096459 0.096459 0.096459
8940 8.089182 8.089182 8.089182 0.096459 0.096459 0.096459
8950 8.089182 8.089182 8.089182 0.096459 0.096459 0.096459
8960 8.089182 8.089182 8.089182 0.096459 0.096459 0.096459
8970 8.089182 8.089182 8.089182 0.096459 0.096459 0.096459
8980 8.089182 8.089182 8.089182 0.096459 0.096459 0.096459
8990 8.089182 8.089182 8.089182 0.096459 0.096459 0.096459
9000 8.089182 8.089182 8.089182 0.096459 0.096459 0.096459
9010 8.089182 8.089182 8.089182 0.096459 0.096459 0.096459
9020 8.089182 8.089182 8.089182 0.096459 0.096459 0.096459
9030 8.089182 8.089182 8.089182 0.096459 0.096459 0.096459
9040 8.089182 8.089182 8.089182 0.096459 0.096459 0.096459
9050 8.089182 8.089182 8.089182 0.096459 0.096459 0.096459
9060 8.089182 8.089182 8.089182 0.096459 0.096459 0.096459
9070 8.089182 8.089182 8.089182 0.096459 0.096459 0.096459
9080 8.089182 8.089182 8.089182 0.096459 0.096459 0.096459
9090 8.089182 8.089182 8.089182 0.096459 0.096459 0.096459
9100 8.089182 8.089182 8.089182 0.096459 0.096459 0.096459
9110 8.089182 8.089182 8.089182 0.096459 0.096459 0.096459
9120 8.089182 8.089182 8.089182 0.096459 0.096459 0.096459
9130 8.089182 8.089182 8.089182 0.096459 0.096459 0.096459
9140 8.089182 8.089182 8.089182 0.096459 0.096459 0.096459
9150 8.089182 8.089182 8.089182 0.096459 0.096459 0.096459
9160 8.089182 8.089182 8.089182 0.096459 0.096459 0.096459
9170 8.089182 8.089182 8.089182 0.096459 0.096459 0.096459
9180 8.089182 8.089182 8.089182 0.096459 0.096459 0.096459
9190 8.089182 8.089182 8.089182 0.096459 0.096459 0.096459
9200 8.089182 8.089182 8.089182 0.096459 0.096459 0.096459
9210 8.089182 8.089182 8.089182 0.096459 0.096459 0.096459
9220 8.089182 8.089182 8.089182 0.096459 0.096459 0.096459
9230 8.089182 8.089182 8.089182 0.096459 0.096459 0.096459
9240 8.089182 8.089182 8.089182 0.096459 0.096459 0.096459
9250 8.089182 8.089182 8.089182 0.096459 0.096459 0.096459
9260 8.089182 8.089182 8.089182 0.096459 0.096459 0.096459
9270 8.089182 8.089182 8.089182 0.096459 0.096459 0.096459
9280 8.089182 8.089182 8.089182 0.096459 0.096459 0.096459
9290 8.089182 8.089182 8.089182 0.096459 0.096459 0.096459
9300 8.089182 8.089182 8.089182 0.096459 0.096459 0.096459
9310 8.089182 8.089182 8.089182 0.096459 0.096459 0.096459
9320 8.089182 8.089182 8.089182 0.096459 0.096459 0.096459
9330 8.089182 8.089182 8.089182 0.096459 0.096459 0.096459
9340 8.089182 8.089182 8.089182 0.096459 0.096459 0.096459
9350 8.089182 8.089182 8.089182 0.096459 0.096459 0.096459
9360 8.089182 8.089182 8.089182 0.096459 0.096459 0.096459
9370 8.089182 8.089182 8.089182 0.096459 0.096459 0.096459
9380 8.089182 8.089182 8.089182 0.096459 0.096459 0.096459
9390 8.089182 8.089182 8.089182 0.096459 0.096459 0.096459
9400 8.089182 8.089182 8.089182 0.096459 0.096459 0.096459
9410 8.089182 8.089182 8.089182 0.096459 0.096459 0.096459
9420 8.089182 8.089182 8.089182 0.096459 0.096459 0.096459
9430 8.089182 8.089182 8.089182 0.096459 0.096459 0.096459
9440 8.089182 8.089182 8.089182 0.096459 0.096459 0.096459
9450 8.089182 8.089182 8.089182 0.096459 0.096459 0.096459
9460 8.089182 8.089182 8.089182 0.096459 0.096459 0.096459
9470 8.089182 8.089182 8.089182 0.096459 0.096459 0.096459
9480 8.089182 8.089182 8.089182 0.096459 0.096459 0.096459
9490 8.089182 8.089182 8.089182 0.096459 0.096459 0.096459
9500 8.089182 8.089182 8.089182 0.096459 0.096459 0.096459
9510 8.089182 8.089182 8.089182 0.096459 0.096459 0.096459
9520 8.089182 8.089182 8.089182 0.096459 0.096459 0.096459
9530 8.089182 8.089182 8.089182 0.096459 0.096459 0.096459
9540 8.089182 8.089182 8.089182 0.096459 0.096459 0.096459
9550 8.089182 8.089182 8.089182 0.096459 0.096459 0.096459
9560 8.089182 8.089182 8.089182 0.096459 0.096459 0.096459
9570 8.089182 8.089182 8.089182 0.096459 0.096459 0.096459
9580 8.089182 8.089182 8.089182 0.096459 0.096459 0.096459
9590 8.089182 8.089182 8.089182 0.096459 0.096459 0.096459
9600 8.089182 8.089182 8.089182 0.096459 0.096459 0.096459
9610 8.089182 8.089182 8.089182 0.096459 0.096459 0.096459
9620 8.089182 8.089182 8.089182 0.096459 0.096459 0.096459
9630 8.089182 8.089182 8.089182 0.096459 0.096459 0.096459
9640 8.089182 8.089182 8.089182 0.096459 0.096459 0.096459
9650 8.089182 8.089182 8.089182 0.096459 0.096459 0.096459
9660 8.089182 8.089182 8.089182 0.096459 0.096459 0.096459
9670 8.089182 8.089182 8.089182 0.096459 0.096459 0.096459
9680 8.089182 8.089182 8.089182 0.096459 0.096459 0.096459
9690 8.089182 8.089182 8.089182 0.096459 0.096459 0.096459
9700 8.089182 8.089182 8.089182 0.096459 0.096459 0.096459
9710 8.089182 8.089182 8.089182 0.096459 0.096459 0.096459
9720 8.089182 8.089182 8.089182 0.096459 0.096459 0.096459
9730 8.089182 8.089182 8.089182 0.096459 0.096459 0.096459
9740 8.089182 8.089182 8.089182 0.096459 0.096459 0.096459
9750 8.089182 8.089182 8.089182 0.096459 0.096459 0.096459
9760 8.089182 8.089182 8.089182 0.096459 0.096459 0.096459
9770 8.089182 8.089182 8.089182 0.096459 0.096459 0.096459
9780 8.089182 8.089182 8.089182 0.096459 0.096459 0.096459
9790 8.089182 8.089182 8.089182 0.096459 0.096459 0.096459
9800 8.089182 8.089182 8.089182 0.096459 0.096459 0.096459
9810 8.089182 8.089182 8.089182 0.096459 0.096459 0.096459
9820 8.089182 8.089182 8.089182 0.096459 0.096459 0.096459
9830 8.089182 8.089182 8.089182 0.096459 0.096459 0.096459
9840 8.089182 8.089182 8.089182 0.096459 0.096459 0.096459
9850 8.089182 8.089182 8.089182 0.096459 0.096459 0.096459
9860 8.089182 8.089182 8.089182 0.096459 0.096459 0.096459
9870 8.089182 8.089182 8.089182 0.096459 0.096459 0.096459
9880 8.089182 8.089182 8.089182 0.096459 0.096459 0.096459
9890 8.089182 8.089182 8.089182 0.096459 0.096459 0.096459
9900 8.089182 8.089182 8.089182 0.096459 0.096459 0.096459
9910 8.089182 8.089182 8.089182 0.096459 0.096459 0.096459
9920 8.089182 8.089182 8.089182 0.096459 0.096459 0.096459
9930 8.089182 8.089182 8.089182 0.096459 0.096459 0.096459
9940 8.089182 8.089182 8.089182 0.096459 0.096459 0.096459
9950 8.089182 8.089182 8.089182 0.096459 0.096459 0.096459
9960 8.089182 8.089182 8.089182 0.096459 0.096459 0.096459
9970 8.089182 8.089182 8.089182 0.096459 0.096459 0.096459
9980 8.089182 8.089182 8.089182 0.096459 0.096459 0.096459
9990 8.089182 8.089182 8.089182 0.096459 0.096459 0.096459
10000 9.200022 9.200022 9.200022 0.121189 0.121189 0.121189
