# generation power_min power_avg power_max util_min util_avg util_max
1 10.410907 12.210609 14.371523 0.599214 0.913664 1.245873
10 10.260484 12.076576 14.139778 0.599214 0.894579 1.165698
20 9.777772 11.821467 13.696445 0.599214 0.892437 1.136612
30 9.777772 11.570335 13.035081 0.599214 0.882799 1.085309
40 9.777772 11.423303 12.634044 0.599214 0.875586 1.049012
50 9.533293 11.191781 12.403522 0.578365 0.866343 1.043942
60 9.350434 10.990633 12.151720 0.578365 0.864902 1.043942
70 9.350434 10.826834 11.822654 0.578365 0.862622 1.043942
80 9.205318 10.656099 11.609595 0.578365 0.854734 1.043942
90 8.444518 10.464196 11.500201 0.578365 0.850493 1.043942
100 7.998298 10.287313 11.345575 0.578365 0.842737 1.043942
110 7.998298 10.111802 11.100362 0.578365 0.839541 1.043942
120 7.898653 9.930047 10.925465 0.578365 0.834218 0.998228
130 7.898653 9.768892 10.717072 0.578365 0.831379 0.998228
140 7.898653 9.620417 10.517680 0.578365 0.824822 0.998228
150 7.898653 9.440232 10.310245 0.578365 0.809816 0.998228
160 7.795361 9.255818 10.166941 0.578365 0.805369 1.011640
170 7.773427 9.080648 10.001713 0.581973 0.804777 1.011640
180 7.329523 8.872448 9.804787 0.581973 0.795979 1.011640
190 7.287518 8.702538 9.670502 0.581973 0.794845 1.011640
200 6.880719 8.539197 9.467283 0.581973 0.784502 1.011640
210 6.820308 8.358396 9.369054 0.581973 0.780179 1.012142
220 6.820308 8.177518 9.208744 0.581973 0.774959 1.012142
230 6.820308 8.040665 9.062683 0.581973 0.771423 1.012142
240 6.820308 7.887458 8.788178 0.581973 0.773296 1.012142
250 6.237167 7.717907 8.556423 0.557550 0.776009 1.012142
260 6.162830 7.573231 8.295956 0.557550 0.783366 1.012142
270 6.067513 7.418180 8.214868 0.557550 0.786099 1.012142
280 5.717963 7.294349 7.980076 0.557550 0.779067 0.971655
290 5.717963 7.165574 7.886925 0.557550 0.781236 0.971655
300 5.717963 7.045712 7.773427 0.557550 0.782585 0.971655
310 5.680762 6.924337 7.558461 0.557550 0.779716 0.971655
320 5.680762 6.814201 7.483427 0.642103 0.782468 0.961476
330 5.204582 6.665977 7.368394 0.642103 0.784424 0.955052
340 5.204582 6.539190 7.254689 0.642103 0.789494 0.955052
350 5.204582 6.412207 7.164080 0.642103 0.789027 0.953499
360 5.204582 6.286296 6.990903 0.642103 0.788473 0.953499
370 5.204582 6.168605 6.880719 0.622797 0.789263 0.953499
380 5.058482 6.044758 6.732803 0.622797 0.789937 0.953499
390 5.058482 5.905015 6.590862 0.622797 0.791048 0.953499
400 5.058482 5.801496 6.374059 0.622797 0.791782 0.953499
410 5.058482 5.712394 6.224529 0.622797 0.791047 0.953499
420 4.586846 5.607164 6.145375 0.622797 0.788510 0.948597
430 4.586846 5.525196 6.075018 0.622797 0.786275 0.948597
440 4.586846 5.430310 5.985150 0.622797 0.781122 0.948597
450 4.586846 5.330447 5.890966 0.622797 0.778173 0.948597
460 4.586846 5.251458 5.727084 0.647886 0.779683 0.948597
470 4.586846 5.177601 5.635173 0.647886 0.777644 0.914434
480 4.586846 5.104272 5.507503 0.647886 0.778954 0.914434
490 4.580799 5.039330 5.372546 0.659092 0.778404 0.914434
500 4.527928 4.988893 5.292584 0.659092 0.778123 0.914434
510 4.527928 4.935073 5.238379 0.669526 0.778172 0.914434
520 4.527928 4.888305 5.166524 0.669526 0.775461 0.914434
530 4.331040 4.830851 5.100311 0.669526 0.773001 0.914434
540 4.331040 4.778874 5.057163 0.669526 0.771218 0.864669
550 4.331040 4.728723 5.024926 0.669526 0.768156 0.864669
560 4.298752 4.681751 4.946743 0.669526 0.767248 0.864669
570 4.285591 4.636699 4.888927 0.669526 0.764123 0.864669
580 4.285591 4.595373 4.835416 0.669526 0.761657 0.864669
590 4.268473 4.553761 4.772939 0.669526 0.760111 0.864669
600 4.223458 4.515009 4.718183 0.685764 0.762336 0.921262
610 4.166704 4.475805 4.700103 0.685764 0.763761 0.921262
620 4.166704 4.439703 4.641150 0.685764 0.765997 0.921262
630 4.166704 4.403814 4.607639 0.665023 0.763294 0.921262
640 4.133628 4.368542 4.580799 0.665023 0.759156 0.921262
650 4.133628 4.333291 4.536454 0.657529 0.758204 0.921262
660 4.130108 4.300832 4.485881 0.657529 0.757953 0.921262
670 4.105075 4.271984 4.422012 0.657529 0.752983 0.844474
680 4.013528 4.245611 4.381907 0.657529 0.750935 0.844474
690 4.013528 4.216567 4.357624 0.657529 0.750102 0.844474
700 4.003461 4.193385 4.331023 0.657194 0.748463 0.844474
710 4.003461 4.173189 4.297668 0.657194 0.749343 0.844474
720 3.869286 4.150233 4.263032 0.657194 0.743943 0.835963
730 3.854688 4.123063 4.253087 0.657194 0.739800 0.835963
740 3.841201 4.096167 4.223458 0.657069 0.730850 0.835963
750 3.841201 4.074881 4.209506 0.657069 0.727660 0.835963
760 3.703615 4.049466 4.166704 0.657069 0.721782 0.800881
770 3.703615 4.024396 4.155234 0.657069 0.715871 0.800881
780 3.703615 4.002061 4.133145 0.657069 0.711279 0.800881
790 3.703615 3.978901 4.114543 0.657069 0.708891 0.800881
800 3.703615 3.955516 4.087224 0.657069 0.705191 0.794029
810 3.703615 3.936804 4.057584 0.657069 0.700463 0.793443
820 3.703615 3.916487 4.038478 0.657069 0.697669 0.793443
830 3.701916 3.899188 4.003461 0.657069 0.693742 0.772926
840 3.701831 3.878717 3.959200 0.657069 0.691756 0.755236
850 3.701831 3.864075 3.948063 0.657069 0.691554 0.755236
860 3.701831 3.850891 3.946822 0.657069 0.690997 0.755236
870 3.701831 3.834492 3.922485 0.657069 0.689045 0.753934
880 3.701831 3.821497 3.901509 0.663799 0.689618 0.753934
890 3.701831 3.804162 3.890762 0.663799 0.689210 0.753934
900 3.701831 3.789819 3.867587 0.663799 0.687266 0.720832
910 3.701831 3.774985 3.857364 0.663799 0.686553 0.720832
920 3.701831 3.759494 3.857364 0.663799 0.685830 0.720832
930 3.701831 3.744210 3.841201 0.663799 0.684724 0.692493
940 3.701831 3.731335 3.821033 0.685300 0.686063 0.692493
950 3.701800 3.720466 3.810810 0.685300 0.686084 0.692493
960 3.701800 3.709608 3.810810 0.685300 0.686087 0.692493
970 3.701800 3.702836 3.713838 0.685300 0.686051 0.689832
980 3.701800 3.702343 3.703615 0.685759 0.686079 0.686568
990 3.701800 3.702167 3.703615 0.685759 0.686117 0.686568
1000 3.701800 3.701990 3.703615 0.685759 0.686162 0.686568
1010 3.701800 3.701870 3.701916 0.685933 0.686194 0.686408
1020 3.701800 3.701859 3.701916 0.685933 0.686187 0.686408
1030 3.701800 3.701848 3.701916 0.685933 0.686181 0.686408
1040 3.701800 3.701837 3.701916 0.685933 0.686169 0.686408
1050 3.701800 3.701826 3.701916 0.685933 0.686163 0.686408
1060 3.701800 3.701814 3.701831 0.685933 0.686152 0.686408
1070 3.701800 3.701811 3.701831 0.685933 0.686109 0.686408
1080 3.701800 3.701808 3.701831 0.685933 0.686061 0.686408
1090 3.701800 3.701805 3.701831 0.685933 0.686014 0.686408
1100 3.701800 3.701802 3.701831 0.685933 0.685967 0.686408
1110 3.701800 3.701800 3.701800 0.685933 0.685933 0.685933
1120 3.701800 3.701800 3.701800 0.685933 0.685933 0.685933
1130 3.701800 3.701800 3.701800 0.685933 0.685933 0.685933
1140 3.701800 3.701800 3.701800 0.685933 0.685933 0.685933
1150 3.701800 3.701800 3.701800 0.685933 0.685933 0.685933
1160 3.701800 3.701800 3.701800 0.685933 0.685933 0.685933
1170 3.701800 3.701800 3.701800 0.685933 0.685933 0.685933
1180 3.701800 3.701800 3.701800 0.685933 0.685933 0.685933
1190 3.701800 3.701800 3.701800 0.685933 0.685933 0.685933
1200 3.701800 3.701800 3.701800 0.685933 0.685933 0.685933
1210 3.701800 3.701800 3.701800 0.685933 0.685933 0.685933
1220 3.701800 3.701800 3.701800 0.685933 0.685933 0.685933
1230 3.701800 3.701800 3.701800 0.685933 0.685933 0.685933
1240 3.701800 3.701800 3.701800 0.685933 0.685933 0.685933
1250 3.701800 3.701800 3.701800 0.685933 0.685933 0.685933
1260 3.701800 3.701800 3.701800 0.685933 0.685933 0.685933
1270 3.701800 3.701800 3.701800 0.685933 0.685933 0.685933
1280 3.701800 3.701800 3.701800 0.685933 0.685933 0.685933
1290 3.701800 3.701800 3.701800 0.685933 0.685933 0.685933
1300 3.701800 3.701800 3.701800 0.685933 0.685933 0.685933
1310 3.701800 3.701800 3.701800 0.685933 0.685933 0.685933
1320 3.701800 3.701800 3.701800 0.685933 0.685933 0.685933
1330 3.701800 3.701800 3.701800 0.685933 0.685933 0.685933
1340 3.701800 3.701800 3.701800 0.685933 0.685933 0.685933
1350 3.701800 3.701800 3.701800 0.685933 0.685933 0.685933
1360 3.701800 3.701800 3.701800 0.685933 0.685933 0.685933
1370 3.701800 3.701800 3.701800 0.685933 0.685933 0.685933
1380 3.701800 3.701800 3.701800 0.685933 0.685933 0.685933
1390 3.701800 3.701800 3.701800 0.685933 0.685933 0.685933
1400 3.701800 3.701800 3.701800 0.685933 0.685933 0.685933
1410 3.701800 3.701800 3.701800 0.685933 0.685933 0.685933
1420 3.701800 3.701800 3.701800 0.685933 0.685933 0.685933
1430 3.701800 3.701800 3.701800 0.685933 0.685933 0.685933
1440 3.701800 3.701800 3.701800 0.685933 0.685933 0.685933
1450 3.701800 3.701800 3.701800 0.685933 0.685933 0.685933
1460 3.701800 3.701800 3.701800 0.685933 0.685933 0.685933
1470 3.701800 3.701800 3.701800 0.685933 0.685933 0.685933
1480 3.701800 3.701800 3.701800 0.685933 0.685933 0.685933
1490 3.701800 3.701800 3.701800 0.685933 0.685933 0.685933
1500 3.701800 3.701800 3.701800 0.685933 0.685933 0.685933
1510 3.701800 3.701800 3.701800 0.685933 0.685933 0.685933
1520 3.701800 3.701800 3.701800 0.685933 0.685933 0.685933
1530 3.701800 3.701800 3.701800 0.685933 0.685933 0.685933
1540 3.701800 3.701800 3.701800 0.685933 0.685933 0.685933
1550 3.701800 3.701800 3.701800 0.685933 0.685933 0.685933
1560 3.701800 3.701800 3.701800 0.685933 0.685933 0.685933
1570 3.701800 3.701800 3.701800 0.685933 0.685933 0.685933
1580 3.701800 3.701800 3.701800 0.685933 0.685933 0.685933
1590 3.701800 3.701800 3.701800 0.685933 0.685933 0.685933
1600 3.701800 3.701800 3.701800 0.685933 0.685933 0.685933
1610 3.701800 3.701800 3.701800 0.685933 0.685933 0.685933
1620 3.701800 3.701800 3.701800 0.685933 0.685933 0.685933
1630 3.701800 3.701800 3.701800 0.685933 0.685933 0.685933
1640 3.701800 3.701800 3.701800 0.685933 0.685933 0.685933
1650 3.701800 3.701800 3.701800 0.685933 0.685933 0.685933
1660 3.701800 3.701800 3.701800 0.685933 0.685933 0.685933
1670 3.701800 3.701800 3.701800 0.685933 0.685933 0.685933
1680 3.701800 3.701800 3.701800 0.685933 0.685933 0.685933
1690 3.701800 3.701800 3.701800 0.685933 0.685933 0.685933
1700 3.701800 3.701800 3.701800 0.685933 0.685933 0.685933
1710 3.701800 3.701800 3.701800 0.685933 0.685933 0.685933
1720 3.701800 3.701800 3.701800 0.685933 0.685933 0.685933
1730 3.701800 3.701800 3.701800 0.685933 0.685933 0.685933
1740 3.701800 3.701800 3.701800 0.685933 0.685933 0.685933
1750 3.701800 3.701800 3.701800 0.685933 0.685933 0.685933
1760 3.701800 3.701800 3.701800 0.685933 0.685933 0.685933
1770 3.701800 3.701800 3.701800 0.685933 0.685933 0.685933
1780 3.701800 3.701800 3.701800 0.685933 0.685933 0.685933
1790 3.701800 3.701800 3.701800 0.685933 0.685933 0.685933
1800 3.701800 3.701800 3.701800 0.685933 0.685933 0.685933
1810 3.701800 3.701800 3.701800 0.685933 0.685933 0.685933
1820 3.701800 3.701800 3.701800 0.685933 0.685933 0.685933
1830 3.701800 3.701800 3.701800 0.685933 0.685933 0.685933
1840 3.701800 3.701800 3.701800 0.685933 0.685933 0.685933
1850 3.701800 3.701800 3.701800 0.685933 0.685933 0.685933
1860 3.701800 3.701800 3.701800 0.685933 0.685933 0.685933
1870 3.701800 3.701800 3.701800 0.685933 0.685933 0.685933
1880 3.701800 3.701800 3.701800 0.685933 0.685933 0.685933
1890 3.701800 3.701800 3.701800 0.685933 0.685933 0.685933
1900 3.701800 3.701800 3.701800 0.685933 0.685933 0.685933
1910 3.701800 3.701800 3.701800 0.685933 0.685933 0.685933
1920 3.701800 3.701800 3.701800 0.685933 0.685933 0.685933
1930 3.701800 3.701800 3.701800 0.685933 0.685933 0.685933
1940 3.701800 3.701800 3.701800 0.685933 0.685933 0.685933
1950 3.701800 3.701800 3.701800 0.685933 0.685933 0.685933
1960 3.701800 3.701800 3.701800 0.685933 0.685933 0.685933
1970 3.701800 3.701800 3.701800 0.685933 0.685933 0.685933
1980 3.701800 3.701800 3.701800 0.685933 0.685933 0.685933
1990 3.701800 3.701800 3.701800 0.685933 0.685933 0.685933
2000 3.701800 3.701800 3.701800 0.685933 0.685933 0.685933
2010 3.701800 3.701800 3.701800 0.685933 0.685933 0.685933
2020 3.701800 3.701800 3.701800 0.685933 0.685933 0.685933
2030 3.701800 3.701800 3.701800 0.685933 0.685933 0.685933
2040 3.701800 3.701800 3.701800 0.685933 0.685933 0.685933
2050 3.701800 3.701800 3.701800 0.685933 0.685933 0.685933
2060 3.701800 3.701800 3.701800 0.685933 0.685933 0.685933
2070 3.701800 3.701800 3.701800 0.685933 0.685933 0.685933
2080 3.701800 3.701800 3.701800 0.685933 0.685933 0.685933
2090 3.701800 3.701800 3.701800 0.685933 0.685933 0.685933
2100 3.701800 3.701800 3.701800 0.685933 0.685933 0.685933
2110 3.701800 3.701800 3.701800 0.685933 0.685933 0.685933
2120 3.701800 3.701800 3.701800 0.685933 0.685933 0.685933
2130 3.701800 3.701800 3.701800 0.685933 0.685933 0.685933
2140 3.701800 3.701800 3.701800 0.685933 0.685933 0.685933
2150 3.701800 3.701800 3.701800 0.685933 0.685933 0.685933
2160 3.701800 3.701800 3.701800 0.685933 0.685933 0.685933
2170 3.701800 3.701800 3.701800 0.685933 0.685933 0.685933
2180 3.701800 3.701800 3.701800 0.685933 0.685933 0.685933
2190 3.701800 3.701800 3.701800 0.685933 0.685933 0.685933
2200 3.701800 3.701800 3.701800 0.685933 0.685933 0.685933
2210 3.701800 3.701800 3.701800 0.685933 0.685933 0.685933
2220 3.701800 3.701800 3.701800 0.685933 0.685933 0.685933
2230 3.701800 3.701800 3.701800 0.685933 0.685933 0.685933
2240 3.701800 3.701800 3.701800 0.685933 0.685933 0.685933
2250 3.701800 3.701800 3.701800 0.685933 0.685933 0.685933
2260 3.701800 3.701800 3.701800 0.685933 0.685933 0.685933
2270 3.701800 3.701800 3.701800 0.685933 0.685933 0.685933
2280 3.701800 3.701800 3.701800 0.685933 0.685933 0.685933
2290 3.701800 3.701800 3.701800 0.685933 0.685933 0.685933
2300 3.701800 3.701800 3.701800 0.685933 0.685933 0.685933
2310 3.701800 3.701800 3.701800 0.685933 0.685933 0.685933
2320 3.701800 3.701800 3.701800 0.685933 0.685933 0.685933
2330 3.701800 3.701800 3.701800 0.685933 0.685933 0.685933
2340 3.701800 3.701800 3.701800 0.685933 0.685933 0.685933
2350 3.701800 3.701800 3.701800 0.685933 0.685933 0.685933
2360 3.701800 3.701800 3.701800 0.685933 0.685933 0.685933
2370 3.701800 3.701800 3.701800 0.685933 0.685933 0.685933
2380 3.701800 3.701800 3.701800 0.685933 0.685933 0.685933
2390 3.701800 3.701800 3.701800 0.685933 0.685933 0.685933
2400 3.701800 3.701800 3.701800 0.685933 0.685933 0.685933
2410 3.701800 3.701800 3.701800 0.685933 0.685933 0.685933
2420 3.701800 3.701800 3.701800 0.685933 0.685933 0.685933
2430 3.701800 3.701800 3.701800 0.685933 0.685933 0.685933
2440 3.701800 3.701800 3.701800 0.685933 0.685933 0.685933
2450 3.701800 3.701800 3.701800 0.685933 0.685933 0.685933
2460 3.701800 3.701800 3.701800 0.685933 0.685933 0.685933
2470 3.701800 3.701800 3.701800 0.685933 0.685933 0.685933
2480 3.701800 3.701800 3.701800 0.685933 0.685933 0.685933
2490 3.701800 3.701800 3.701800 0.685933 0.685933 0.685933
2500 3.701800 3.701800 3.701800 0.685933 0.685933 0.685933
2510 3.701800 3.701800 3.701800 0.685933 0.685933 0.685933
2520 3.701800 3.701800 3.701800 0.685933 0.685933 0.685933
2530 3.701800 3.701800 3.701800 0.685933 0.685933 0.685933
2540 3.701800 3.701800 3.701800 0.685933 0.685933 0.685933
2550 3.701800 3.701800 3.701800 0.685933 0.685933 0.685933
2560 3.701800 3.701800 3.701800 0.685933 0.685933 0.685933
2570 3.701800 3.701800 3.701800 0.685933 0.685933 0.685933
2580 3.701800 3.701800 3.701800 0.685933 0.685933 0.685933
2590 3.701800 3.701800 3.701800 0.685933 0.685933 0.685933
2600 3.701800 3.701800 3.701800 0.685933 0.685933 0.685933
2610 3.701800 3.701800 3.701800 0.685933 0.685933 0.685933
2620 3.701800 3.701800 3.701800 0.685933 0.685933 0.685933
2630 3.701800 3.701800 3.701800 0.685933 0.685933 0.685933
2640 3.701800 3.701800 3.701800 0.685933 0.685933 0.685933
2650 3.701800 3.701800 3.701800 0.685933 0.685933 0.685933
2660 3.701800 3.701800 3.701800 0.685933 0.685933 0.685933
2670 3.701800 3.701800 3.701800 0.685933 0.685933 0.685933
2680 3.701800 3.701800 3.701800 0.685933 0.685933 0.685933
2690 3.701800 3.701800 3.701800 0.685933 0.685933 0.685933
2700 3.701800 3.701800 3.701800 0.685933 0.685933 0.685933
2710 3.701800 3.701800 3.701800 0.685933 0.685933 0.685933
2720 3.701800 3.701800 3.701800 0.685933 0.685933 0.685933
2730 3.701800 3.701800 3.701800 0.685933 0.685933 0.685933
2740 3.701800 3.701800 3.701800 0.685933 0.685933 0.685933
2750 3.701800 3.701800 3.701800 0.685933 0.685933 0.685933
2760 3.701800 3.701800 3.701800 0.685933 0.685933 0.685933
2770 3.701800 3.701800 3.701800 0.685933 0.685933 0.685933
2780 3.701800 3.701800 3.701800 0.685933 0.685933 0.685933
2790 3.701800 3.701800 3.701800 0.685933 0.685933 0.685933
2800 3.701800 3.701800 3.701800 0.685933 0.685933 0.685933
2810 3.701800 3.701800 3.701800 0.685933 0.685933 0.685933
2820 3.701800 3.701800 3.701800 0.685933 0.685933 0.685933
2830 3.701800 3.701800 3.701800 0.685933 0.685933 0.685933
2840 3.701800 3.701800 3.701800 0.685933 0.685933 0.685933
2850 3.701800 3.701800 3.701800 0.685933 0.685933 0.685933
2860 3.701800 3.701800 3.701800 0.685933 0.685933 0.685933
2870 3.701800 3.701800 3.701800 0.685933 0.685933 0.685933
2880 3.701800 3.701800 3.701800 0.685933 0.685933 0.685933
2890 3.701800 3.701800 3.701800 0.685933 0.685933 0.685933
2900 3.701800 3.701800 3.701800 0.685933 0.685933 0.685933
2910 3.701800 3.701800 3.701800 0.685933 0.685933 0.685933
2920 3.701800 3.701800 3.701800 0.685933 0.685933 0.685933
2930 3.701800 3.701800 3.701800 0.685933 0.685933 0.685933
2940 3.701800 3.701800 3.701800 0.685933 0.685933 0.685933
2950 3.701800 3.701800 3.701800 0.685933 0.685933 0.685933
2960 3.701800 3.701800 3.701800 0.685933 0.685933 0.685933
2970 3.701800 3.701800 3.701800 0.685933 0.685933 0.685933
2980 3.701800 3.701800 3.701800 0.685933 0.685933 0.685933
2990 3.701800 3.701800 3.701800 0.685933 0.685933 0.685933
3000 3.701800 3.701800 3.701800 0.685933 0.685933 0.685933
3010 3.701800 3.701800 3.701800 0.685933 0.685933 0.685933
3020 3.701800 3.701800 3.701800 0.685933 0.685933 0.685933
3030 3.701800 3.701800 3.701800 0.685933 0.685933 0.685933
3040 3.701800 3.701800 3.701800 0.685933 0.685933 0.685933
3050 3.701800 3.701800 3.701800 0.685933 0.685933 0.685933
3060 3.701800 3.701800 3.701800 0.685933 0.685933 0.685933
3070 3.701800 3.701800 3.701800 0.685933 0.685933 0.685933
3080 3.701800 3.701800 3.701800 0.685933 0.685933 0.685933
3090 3.701800 3.701800 3.701800 0.685933 0.685933 0.685933
3100 3.701800 3.701800 3.701800 0.685933 0.685933 0.685933
3110 3.701800 3.701800 3.701800 0.685933 0.685933 0.685933
3120 3.701800 3.701800 3.701800 0.685933 0.685933 0.685933
3130 3.701800 3.701800 3.701800 0.685933 0.685933 0.685933
3140 3.701800 3.701800 3.701800 0.685933 0.685933 0.685933
3150 3.701800 3.701800 3.701800 0.685933 0.685933 0.685933
3160 3.701800 3.701800 3.701800 0.685933 0.685933 0.685933
3170 3.701800 3.701800 3.701800 0.685933 0.685933 0.685933
3180 3.701800 3.701800 3.701800 0.685933 0.685933 0.685933
3190 3.701800 3.701800 3.701800 0.685933 0.685933 0.685933
3200 3.701800 3.701800 3.701800 0.685933 0.685933 0.685933
3210 3.701800 3.701800 3.701800 0.685933 0.685933 0.685933
3220 3.701800 3.701800 3.701800 0.685933 0.685933 0.685933
3230 3.701800 3.701800 3.701800 0.685933 0.685933 0.685933
3240 3.701800 3.701800 3.701800 0.685933 0.685933 0.685933
3250 3.701800 3.701800 3.701800 0.685933 0.685933 0.685933
3260 3.701800 3.701800 3.701800 0.685933 0.685933 0.685933
3270 3.701800 3.701800 3.701800 0.685933 0.685933 0.685933
3280 3.701800 3.701800 3.701800 0.685933 0.685933 0.685933
3290 3.701800 3.701800 3.701800 0.685933 0.685933 0.685933
3300 3.701800 3.701800 3.701800 0.685933 0.685933 0.685933
3310 3.701800 3.701800 3.701800 0.685933 0.685933 0.685933
3320 3.701800 3.701800 3.701800 0.685933 0.685933 0.685933
3330 3.701800 3.701800 3.701800 0.685933 0.685933 0.685933
3340 3.701800 3.701800 3.701800 0.685933 0.685933 0.685933
3350 3.701800 3.701800 3.701800 0.685933 0.685933 0.685933
3360 3.701800 3.701800 3.701800 0.685933 0.685933 0.685933
3370 3.701800 3.701800 3.701800 0.685933 0.685933 0.685933
3380 3.701800 3.701800 3.701800 0.685933 0.685933 0.685933
3390 3.701800 3.701800 3.701800 0.685933 0.685933 0.685933
3400 3.701800 3.701800 3.701800 0.685933 0.685933 0.685933
3410 3.701800 3.701800 3.701800 0.685933 0.685933 0.685933
3420 3.701800 3.701800 3.701800 0.685933 0.685933 0.685933
3430 3.701800 3.701800 3.701800 0.685933 0.685933 0.685933
3440 3.701800 3.701800 3.701800 0.685933 0.685933 0.685933
3450 3.701800 3.701800 3.701800 0.685933 0.685933 0.685933
3460 3.701800 3.701800 3.701800 0.685933 0.685933 0.685933
3470 3.701800 3.701800 3.701800 0.685933 0.685933 0.685933
3480 3.701800 3.701800 3.701800 0.685933 0.685933 0.685933
3490 3.701800 3.701800 3.701800 0.685933 0.685933 0.685933
3500 3.701800 3.701800 3.701800 0.685933 0.685933 0.685933
3510 3.701800 3.701800 3.701800 0.685933 0.685933 0.685933
3520 3.701800 3.701800 3.701800 0.685933 0.685933 0.685933
3530 3.701800 3.701800 3.701800 0.685933 0.685933 0.685933
3540 3.701800 3.701800 3.701800 0.685933 0.685933 0.685933
3550 3.701800 3.701800 3.701800 0.685933 0.685933 0.685933
3560 3.701800 3.701800 3.701800 0.685933 0.685933 0.685933
3570 3.701800 3.701800 3.701800 0.685933 0.685933 0.685933
3580 3.701800 3.701800 3.701800 0.685933 0.685933 0.685933
3590 3.701800 3.701800 3.701800 0.685933 0.685933 0.685933
3600 3.701800 3.701800 3.701800 0.685933 0.685933 0.685933
3610 3.701800 3.701800 3.701800 0.685933 0.685933 0.685933
3620 3.701800 3.701800 3.701800 0.685933 0.685933 0.685933
3630 3.701800 3.701800 3.701800 0.685933 0.685933 0.685933
3640 3.701800 3.701800 3.701800 0.685933 0.685933 0.685933
3650 3.701800 3.701800 3.701800 0.685933 0.685933 0.685933
3660 3.701800 3.701800 3.701800 0.685933 0.685933 0.685933
3670 3.701800 3.701800 3.701800 0.685933 0.685933 0.685933
3680 3.701800 3.701800 3.701800 0.685933 0.685933 0.685933
3690 3.701800 3.701800 3.701800 0.685933 0.685933 0.685933
3700 3.701800 3.701800 3.701800 0.685933 0.685933 0.685933
3710 3.701800 3.701800 3.701800 0.685933 0.685933 0.685933
3720 3.701800 3.701800 3.701800 0.685933 0.685933 0.685933
3730 3.701800 3.701800 3.701800 0.685933 0.685933 0.685933
3740 3.701800 3.701800 3.701800 0.685933 0.685933 0.685933
3750 3.701800 3.701800 3.701800 0.685933 0.685933 0.685933
3760 3.701800 3.701800 3.701800 0.685933 0.685933 0.685933
3770 3.701800 3.701800 3.701800 0.685933 0.685933 0.685933
3780 3.701800 3.701800 3.701800 0.685933 0.685933 0.685933
3790 3.701800 3.701800 3.701800 0.685933 0.685933 0.685933
3800 3.701800 3.701800 3.701800 0.685933 0.685933 0.685933
3810 3.701800 3.701800 3.701800 0.685933 0.685933 0.685933
3820 3.701800 3.701800 3.701800 0.685933 0.685933 0.685933
3830 3.701800 3.701800 3.701800 0.685933 0.685933 0.685933
3840 3.701800 3.701800 3.701800 0.685933 0.685933 0.685933
3850 3.701800 3.701800 3.701800 0.685933 0.685933 0.685933
3860 3.701800 3.701800 3.701800 0.685933 0.685933 0.685933
3870 3.701800 3.701800 3.701800 0.685933 0.685933 0.685933
3880 3.701800 3.701800 3.701800 0.685933 0.685933 0.685933
3890 3.701800 3.701800 3.701800 0.685933 0.685933 0.685933
3900 3.701800 3.701800 3.701800 0.685933 0.685933 0.685933
3910 3.701800 3.701800 3.701800 0.685933 0.685933 0.685933
3920 3.701800 3.701800 3.701800 0.685933 0.685933 0.685933
3930 3.701800 3.701800 3.701800 0.685933 0.685933 0.685933
3940 3.701800 3.701800 3.701800 0.685933 0.685933 0.685933
3950 3.701800 3.701800 3.701800 0.685933 0.685933 0.685933
3960 3.701800 3.701800 3.701800 0.685933 0.685933 0.685933
3970 3.701800 3.701800 3.701800 0.685933 0.685933 0.685933
3980 3.701800 3.701800 3.701800 0.685933 0.685933 0.685933
3990 3.701800 3.701800 3.701800 0.685933 0.685933 0.685933
4000 3.701800 3.701800 3.701800 0.685933 0.685933 0.685933
4010 3.701800 3.701800 3.701800 0.685933 0.685933 0.685933
4020 3.701800 3.701800 3.701800 0.685933 0.685933 0.685933
4030 3.701800 3.701800 3.701800 0.685933 0.685933 0.685933
4040 3.701800 3.701800 3.701800 0.685933 0.685933 0.685933
4050 3.701800 3.701800 3.701800 0.685933 0.685933 0.685933
4060 3.701800 3.701800 3.701800 0.685933 0.685933 0.685933
4070 3.701800 3.701800 3.701800 0.685933 0.685933 0.685933
4080 3.701800 3.701800 3.701800 0.685933 0.685933 0.685933
4090 3.701800 3.701800 3.701800 0.685933 0.685933 0.685933
4100 3.701800 3.701800 3.701800 0.685933 0.685933 0.685933
4110 3.701800 3.701800 3.701800 0.685933 0.685933 0.685933
4120 3.701800 3.701800 3.701800 0.685933 0.685933 0.685933
4130 3.701800 3.701800 3.701800 0.685933 0.685933 0.685933
4140 3.701800 3.701800 3.701800 0.685933 0.685933 0.685933
4150 3.701800 3.701800 3.701800 0.685933 0.685933 0.685933
4160 3.701800 3.701800 3.701800 0.685933 0.685933 0.685933
4170 3.701800 3.701800 3.701800 0.685933 0.685933 0.685933
4180 3.701800 3.701800 3.701800 0.685933 0.685933 0.685933
4190 3.701800 3.701800 3.701800 0.685933 0.685933 0.685933
4200 3.701800 3.701800 3.701800 0.685933 0.685933 0.685933
4210 3.701800 3.701800 3.701800 0.685933 0.685933 0.685933
4220 3.701800 3.701800 3.701800 0.685933 0.685933 0.685933
4230 3.701800 3.701800 3.701800 0.685933 0.685933 0.685933
4240 3.701800 3.701800 3.701800 0.685933 0.685933 0.685933
4250 3.701800 3.701800 3.701800 0.685933 0.685933 0.685933
4260 3.701800 3.701800 3.701800 0.685933 0.685933 0.685933
4270 3.701800 3.701800 3.701800 0.685933 0.685933 0.685933
4280 3.701800 3.701800 3.701800 0.685933 0.685933 0.685933
4290 3.701800 3.701800 3.701800 0.685933 0.685933 0.685933
4300 3.701800 3.701800 3.701800 0.685933 0.685933 0.685933
4310 3.701800 3.701800 3.701800 0.685933 0.685933 0.685933
4320 3.701800 3.701800 3.701800 0.685933 0.685933 0.685933
4330 3.701800 3.701800 3.701800 0.685933 0.685933 0.685933
4340 3.701800 3.701800 3.701800 0.685933 0.685933 0.685933
4350 3.701800 3.701800 3.701800 0.685933 0.685933 0.685933
4360 3.701800 3.701800 3.701800 0.685933 0.685933 0.685933
4370 3.701800 3.701800 3.701800 0.685933 0.685933 0.685933
4380 3.701800 3.701800 3.701800 0.685933 0.685933 0.685933
4390 3.701800 3.701800 3.701800 0.685933 0.685933 0.685933
4400 3.701800 3.701800 3.701800 0.685933 0.685933 0.685933
4410 3.701800 3.701800 3.701800 0.685933 0.685933 0.685933
4420 3.701800 3.701800 3.701800 0.685933 0.685933 0.685933
4430 3.701800 3.701800 3.701800 0.685933 0.685933 0.685933
4440 3.701800 3.701800 3.701800 0.685933 0.685933 0.685933
4450 3.701800 3.701800 3.701800 0.685933 0.685933 0.685933
4460 3.701800 3.701800 3.701800 0.685933 0.685933 0.685933
4470 3.701800 3.701800 3.701800 0.685933 0.685933 0.685933
4480 3.701800 3.701800 3.701800 0.685933 0.685933 0.685933
4490 3.701800 3.701800 3.701800 0.685933 0.685933 0.685933
4500 3.701800 3.701800 3.701800 0.685933 0.685933 0.685933
4510 3.701800 3.701800 3.701800 0.685933 0.685933 0.685933
4520 3.701800 3.701800 3.701800 0.685933 0.685933 0.685933
4530 3.701800 3.701800 3.701800 0.685933 0.685933 0.685933
4540 3.701800 3.701800 3.701800 0.685933 0.685933 0.685933
4550 3.701800 3.701800 3.701800 0.685933 0.685933 0.685933
4560 3.701800 3.701800 3.701800 0.685933 0.685933 0.685933
4570 3.701800 3.701800 3.701800 0.685933 0.685933 0.685933
4580 3.701800 3.701800 3.701800 0.685933 0.685933 0.685933
4590 3.701800 3.701800 3.701800 0.685933 0.685933 0.685933
4600 3.701800 3.701800 3.701800 0.685933 0.685933 0.685933
4610 3.701800 3.701800 3.701800 0.685933 0.685933 0.685933
4620 3.701800 3.701800 3.701800 0.685933 0.685933 0.685933
4630 3.701800 3.701800 3.701800 0.685933 0.685933 0.685933
4640 3.701800 3.701800 3.701800 0.685933 0.685933 0.685933
4650 3.701800 3.701800 3.701800 0.685933 0.685933 0.685933
4660 3.701800 3.701800 3.701800 0.685933 0.685933 0.685933
4670 3.701800 3.701800 3.701800 0.685933 0.685933 0.685933
4680 3.701800 3.701800 3.701800 0.685933 0.685933 0.685933
4690 3.701800 3.701800 3.701800 0.685933 0.685933 0.685933
4700 3.701800 3.701800 3.701800 0.685933 0.685933 0.685933
4710 3.701800 3.701800 3.701800 0.685933 0.685933 0.685933
4720 3.701800 3.701800 3.701800 0.685933 0.685933 0.685933
4730 3.701800 3.701800 3.701800 0.685933 0.685933 0.685933
4740 3.701800 3.701800 3.701800 0.685933 0.685933 0.685933
4750 3.701800 3.701800 3.701800 0.685933 0.685933 0.685933
4760 3.701800 3.701800 3.701800 0.685933 0.685933 0.685933
4770 3.701800 3.701800 3.701800 0.685933 0.685933 0.685933
4780 3.701800 3.701800 3.701800 0.685933 0.685933 0.685933
4790 3.701800 3.701800 3.701800 0.685933 0.685933 0.685933
4800 3.701800 3.701800 3.701800 0.685933 0.685933 0.685933
4810 3.701800 3.701800 3.701800 0.685933 0.685933 0.685933
4820 3.701800 3.701800 3.701800 0.685933 0.685933 0.685933
4830 3.701800 3.701800 3.701800 0.685933 0.685933 0.685933
4840 3.701800 3.701800 3.701800 0.685933 0.685933 0.685933
4850 3.701800 3.701800 3.701800 0.685933 0.685933 0.685933
4860 3.701800 3.701800 3.701800 0.685933 0.685933 0.685933
4870 3.701800 3.701800 3.701800 0.685933 0.685933 0.685933
4880 3.701800 3.701800 3.701800 0.685933 0.685933 0.685933
4890 3.701800 3.701800 3.701800 0.685933 0.685933 0.685933
4900 3.701800 3.701800 3.701800 0.685933 0.685933 0.685933
4910 3.701800 3.701800 3.701800 0.685933 0.685933 0.685933
4920 3.701800 3.701800 3.701800 0.685933 0.685933 0.685933
4930 3.701800 3.701800 3.701800 0.685933 0.685933 0.685933
4940 3.701800 3.701800 3.701800 0.685933 0.685933 0.685933
4950 3.701800 3.701800 3.701800 0.685933 0.685933 0.685933
4960 3.701800 3.701800 3.701800 0.685933 0.685933 0.685933
4970 3.701800 3.701800 3.701800 0.685933 0.685933 0.685933
4980 3.701800 3.701800 3.701800 0.685933 0.685933 0.685933
4990 3.701800 3.701800 3.701800 0.685933 0.685933 0.685933
5000 3.701800 3.701800 3.701800 0.685933 0.685933 0.685933
5010 3.701800 3.701800 3.701800 0.685933 0.685933 0.685933
5020 3.701800 3.701800 3.701800 0.685933 0.685933 0.685933
5030 3.701800 3.701800 3.701800 0.685933 0.685933 0.685933
5040 3.701800 3.701800 3.701800 0.685933 0.685933 0.685933
5050 3.701800 3.701800 3.701800 0.685933 0.685933 0.685933
5060 3.701800 3.701800 3.701800 0.685933 0.685933 0.685933
5070 3.701800 3.701800 3.701800 0.685933 0.685933 0.685933
5080 3.701800 3.701800 3.701800 0.685933 0.685933 0.685933
5090 3.701800 3.701800 3.701800 0.685933 0.685933 0.685933
5100 3.701800 3.701800 3.701800 0.685933 0.685933 0.685933
5110 3.701800 3.701800 3.701800 0.685933 0.685933 0.685933
5120 3.701800 3.701800 3.701800 0.685933 0.685933 0.685933
5130 3.701800 3.701800 3.701800 0.685933 0.685933 0.685933
5140 3.701800 3.701800 3.701800 0.685933 0.685933 0.685933
5150 3.701800 3.701800 3.701800 0.685933 0.685933 0.685933
5160 3.701800 3.701800 3.701800 0.685933 0.685933 0.685933
5170 3.701800 3.701800 3.701800 0.685933 0.685933 0.685933
5180 3.701800 3.701800 3.701800 0.685933 0.685933 0.685933
5190 3.701800 3.701800 3.701800 0.685933 0.685933 0.685933
5200 3.701800 3.701800 3.701800 0.685933 0.685933 0.685933
5210 3.701800 3.701800 3.701800 0.685933 0.685933 0.685933
5220 3.701800 3.701800 3.701800 0.685933 0.685933 0.685933
5230 3.701800 3.701800 3.701800 0.685933 0.685933 0.685933
5240 3.701800 3.701800 3.701800 0.685933 0.685933 0.685933
5250 3.701800 3.701800 3.701800 0.685933 0.685933 0.685933
5260 3.701800 3.701800 3.701800 0.685933 0.685933 0.685933
5270 3.701800 3.701800 3.701800 0.685933 0.685933 0.685933
5280 3.701800 3.701800 3.701800 0.685933 0.685933 0.685933
5290 3.701800 3.701800 3.701800 0.685933 0.685933 0.685933
5300 3.701800 3.701800 3.701800 0.685933 0.685933 0.685933
5310 3.701800 3.701800 3.701800 0.685933 0.685933 0.685933
5320 3.701800 3.701800 3.701800 0.685933 0.685933 0.685933
5330 3.701800 3.701800 3.701800 0.685933 0.685933 0.685933
5340 3.701800 3.701800 3.701800 0.685933 0.685933 0.685933
5350 3.701800 3.701800 3.701800 0.685933 0.685933 0.685933
5360 3.701800 3.701800 3.701800 0.685933 0.685933 0.685933
5370 3.701800 3.701800 3.701800 0.685933 0.685933 0.685933
5380 3.701800 3.701800 3.701800 0.685933 0.685933 0.685933
5390 3.701800 3.701800 3.701800 0.685933 0.685933 0.685933
5400 3.701800 3.701800 3.701800 0.685933 0.685933 0.685933
5410 3.701800 3.701800 3.701800 0.685933 0.685933 0.685933
5420 3.701800 3.701800 3.701800 0.685933 0.685933 0.685933
5430 3.701800 3.701800 3.701800 0.685933 0.685933 0.685933
5440 3.701800 3.701800 3.701800 0.685933 0.685933 0.685933
5450 3.701800 3.701800 3.701800 0.685933 0.685933 0.685933
5460 3.701800 3.701800 3.701800 0.685933 0.685933 0.685933
5470 3.701800 3.701800 3.701800 0.685933 0.685933 0.685933
5480 3.701800 3.701800 3.701800 0.685933 0.685933 0.685933
5490 3.701800 3.701800 3.701800 0.685933 0.685933 0.685933
5500 3.701800 3.701800 3.701800 0.685933 0.685933 0.685933
5510 3.701800 3.701800 3.701800 0.685933 0.685933 0.685933
5520 3.701800 3.701800 3.701800 0.685933 0.685933 0.685933
5530 3.701800 3.701800 3.701800 0.685933 0.685933 0.685933
5540 3.701800 3.701800 3.701800 0.685933 0.685933 0.685933
5550 3.701800 3.701800 3.701800 0.685933 0.685933 0.685933
5560 3.701800 3.701800 3.701800 0.685933 0.685933 0.685933
5570 3.701800 3.701800 3.701800 0.685933 0.685933 0.685933
5580 3.701800 3.701800 3.701800 0.685933 0.685933 0.685933
5590 3.701800 3.701800 3.701800 0.685933 0.685933 0.685933
5600 3.701800 3.701800 3.701800 0.685933 0.685933 0.685933
5610 3.701800 3.701800 3.701800 0.685933 0.685933 0.685933
5620 3.701800 3.701800 3.701800 0.685933 0.685933 0.685933
5630 3.701800 3.701800 3.701800 0.685933 0.685933 0.685933
5640 3.701800 3.701800 3.701800 0.685933 0.685933 0.685933
5650 3.701800 3.701800 3.701800 0.685933 0.685933 0.685933
5660 3.701800 3.701800 3.701800 0.685933 0.685933 0.685933
5670 3.701800 3.701800 3.701800 0.685933 0.685933 0.685933
5680 3.701800 3.701800 3.701800 0.685933 0.685933 0.685933
5690 3.701800 3.701800 3.701800 0.685933 0.685933 0.685933
5700 3.701800 3.701800 3.701800 0.685933 0.685933 0.685933
5710 3.701800 3.701800 3.701800 0.685933 0.685933 0.685933
5720 3.701800 3.701800 3.701800 0.685933 0.685933 0.685933
5730 3.701800 3.701800 3.701800 0.685933 0.685933 0.685933
5740 3.701800 3.701800 3.701800 0.685933 0.685933 0.685933
5750 3.701800 3.701800 3.701800 0.685933 0.685933 0.685933
5760 3.701800 3.701800 3.701800 0.685933 0.685933 0.685933
5770 3.701800 3.701800 3.701800 0.685933 0.685933 0.685933
5780 3.701800 3.701800 3.701800 0.685933 0.685933 0.685933
5790 3.701800 3.701800 3.701800 0.685933 0.685933 0.685933
5800 3.701800 3.701800 3.701800 0.685933 0.685933 0.685933
5810 3.701800 3.701800 3.701800 0.685933 0.685933 0.685933
5820 3.701800 3.701800 3.701800 0.685933 0.685933 0.685933
5830 3.701800 3.701800 3.701800 0.685933 0.685933 0.685933
5840 3.701800 3.701800 3.701800 0.685933 0.685933 0.685933
5850 3.701800 3.701800 3.701800 0.685933 0.685933 0.685933
5860 3.701800 3.701800 3.701800 0.685933 0.685933 0.685933
5870 3.701800 3.701800 3.701800 0.685933 0.685933 0.685933
5880 3.701800 3.701800 3.701800 0.685933 0.685933 0.685933
5890 3.701800 3.701800 3.701800 0.685933 0.685933 0.685933
5900 3.701800 3.701800 3.701800 0.685933 0.685933 0.685933
5910 3.701800 3.701800 3.701800 0.685933 0.685933 0.685933
5920 3.701800 3.701800 3.701800 0.685933 0.685933 0.685933
5930 3.701800 3.701800 3.701800 0.685933 0.685933 0.685933
5940 3.701800 3.701800 3.701800 0.685933 0.685933 0.685933
5950 3.701800 3.701800 3.701800 0.685933 0.685933 0.685933
5960 3.701800 3.701800 3.701800 0.685933 0.685933 0.685933
5970 3.701800 3.701800 3.701800 0.685933 0.685933 0.685933
5980 3.701800 3.701800 3.701800 0.685933 0.685933 0.685933
5990 3.701800 3.701800 3.701800 0.685933 0.685933 0.685933
6000 3.701800 3.701800 3.701800 0.685933 0.685933 0.685933
6010 3.701800 3.701800 3.701800 0.685933 0.685933 0.685933
6020 3.701800 3.701800 3.701800 0.685933 0.685933 0.685933
6030 3.701800 3.701800 3.701800 0.685933 0.685933 0.685933
6040 3.701800 3.701800 3.701800 0.685933 0.685933 0.685933
6050 3.701800 3.701800 3.701800 0.685933 0.685933 0.685933
6060 3.701800 3.701800 3.701800 0.685933 0.685933 0.685933
6070 3.701800 3.701800 3.701800 0.685933 0.685933 0.685933
6080 3.701800 3.701800 3.701800 0.685933 0.685933 0.685933
6090 3.701800 3.701800 3.701800 0.685933 0.685933 0.685933
6100 3.701800 3.701800 3.701800 0.685933 0.685933 0.685933
6110 3.701800 3.701800 3.701800 0.685933 0.685933 0.685933
6120 3.701800 3.701800 3.701800 0.685933 0.685933 0.685933
6130 3.701800 3.701800 3.701800 0.685933 0.685933 0.685933
6140 3.701800 3.701800 3.701800 0.685933 0.685933 0.685933
6150 3.701800 3.701800 3.701800 0.685933 0.685933 0.685933
6160 3.701800 3.701800 3.701800 0.685933 0.685933 0.685933
6170 3.701800 3.701800 3.701800 0.685933 0.685933 0.685933
6180 3.701800 3.701800 3.701800 0.685933 0.685933 0.685933
6190 3.701800 3.701800 3.701800 0.685933 0.685933 0.685933
6200 3.701800 3.701800 3.701800 0.685933 0.685933 0.685933
6210 3.701800 3.701800 3.701800 0.685933 0.685933 0.685933
6220 3.701800 3.701800 3.701800 0.685933 0.685933 0.685933
6230 3.701800 3.701800 3.701800 0.685933 0.685933 0.685933
6240 3.701800 3.701800 3.701800 0.685933 0.685933 0.685933
6250 3.701800 3.701800 3.701800 0.685933 0.685933 0.685933
6260 3.701800 3.701800 3.701800 0.685933 0.685933 0.685933
6270 3.701800 3.701800 3.701800 0.685933 0.685933 0.685933
6280 3.701800 3.701800 3.701800 0.685933 0.685933 0.685933
6290 3.701800 3.701800 3.701800 0.685933 0.685933 0.685933
6300 3.701800 3.701800 3.701800 0.685933 0.685933 0.685933
6310 3.701800 3.701800 3.701800 0.685933 0.685933 0.685933
6320 3.701800 3.701800 3.701800 0.685933 0.685933 0.685933
6330 3.701800 3.701800 3.701800 0.685933 0.685933 0.685933
6340 3.701800 3.701800 3.701800 0.685933 0.685933 0.685933
6350 3.701800 3.701800 3.701800 0.685933 0.685933 0.685933
6360 3.701800 3.701800 3.701800 0.685933 0.685933 0.685933
6370 3.701800 3.701800 3.701800 0.685933 0.685933 0.685933
6380 3.701800 3.701800 3.701800 0.685933 0.685933 0.685933
6390 3.701800 3.701800 3.701800 0.685933 0.685933 0.685933
6400 3.701800 3.701800 3.701800 0.685933 0.685933 0.685933
6410 3.701800 3.701800 3.701800 0.685933 0.685933 0.685933
6420 3.701800 3.701800 3.701800 0.685933 0.685933 0.685933
6430 3.701800 3.701800 3.701800 0.685933 0.685933 0.685933
6440 3.701800 3.701800 3.701800 0.685933 0.685933 0.685933
6450 3.701800 3.701800 3.701800 0.685933 0.685933 0.685933
6460 3.701800 3.701800 3.701800 0.685933 0.685933 0.685933
6470 3.701800 3.701800 3.701800 0.685933 0.685933 0.685933
6480 3.701800 3.701800 3.701800 0.685933 0.685933 0.685933
6490 3.701800 3.701800 3.701800 0.685933 0.685933 0.685933
6500 3.701800 3.701800 3.701800 0.685933 0.685933 0.685933
6510 3.701800 3.701800 3.701800 0.685933 0.685933 0.685933
6520 3.701800 3.701800 3.701800 0.685933 0.685933 0.685933
6530 3.701800 3.701800 3.701800 0.685933 0.685933 0.685933
6540 3.701800 3.701800 3.701800 0.685933 0.685933 0.685933
6550 3.701800 3.701800 3.701800 0.685933 0.685933 0.685933
6560 3.701800 3.701800 3.701800 0.685933 0.685933 0.685933
6570 3.701800 3.701800 3.701800 0.685933 0.685933 0.685933
6580 3.701800 3.701800 3.701800 0.685933 0.685933 0.685933
6590 3.701800 3.701800 3.701800 0.685933 0.685933 0.685933
6600 3.701800 3.701800 3.701800 0.685933 0.685933 0.685933
6610 3.701800 3.701800 3.701800 0.685933 0.685933 0.685933
6620 3.701800 3.701800 3.701800 0.685933 0.685933 0.685933
6630 3.701800 3.701800 3.701800 0.685933 0.685933 0.685933
6640 3.701800 3.701800 3.701800 0.685933 0.685933 0.685933
6650 3.701800 3.701800 3.701800 0.685933 0.685933 0.685933
6660 3.701800 3.701800 3.701800 0.685933 0.685933 0.685933
6670 3.701800 3.701800 3.701800 0.685933 0.685933 0.685933
6680 3.701800 3.701800 3.701800 0.685933 0.685933 0.685933
6690 3.701800 3.701800 3.701800 0.685933 0.685933 0.685933
6700 3.701800 3.701800 3.701800 0.685933 0.685933 0.685933
6710 3.701800 3.701800 3.701800 0.685933 0.685933 0.685933
6720 3.701800 3.701800 3.701800 0.685933 0.685933 0.685933
6730 3.701800 3.701800 3.701800 0.685933 0.685933 0.685933
6740 3.701800 3.701800 3.701800 0.685933 0.685933 0.685933
6750 3.701800 3.701800 3.701800 0.685933 0.685933 0.685933
6760 3.701800 3.701800 3.701800 0.685933 0.685933 0.685933
6770 3.701800 3.701800 3.701800 0.685933 0.685933 0.685933
6780 3.701800 3.701800 3.701800 0.685933 0.685933 0.685933
6790 3.701800 3.701800 3.701800 0.685933 0.685933 0.685933
6800 3.701800 3.701800 3.701800 0.685933 0.685933 0.685933
6810 3.701800 3.701800 3.701800 0.685933 0.685933 0.685933
6820 3.701800 3.701800 3.701800 0.685933 0.685933 0.685933
6830 3.701800 3.701800 3.701800 0.685933 0.685933 0.685933
6840 3.701800 3.701800 3.701800 0.685933 0.685933 0.685933
6850 3.701800 3.701800 3.701800 0.685933 0.685933 0.685933
6860 3.701800 3.701800 3.701800 0.685933 0.685933 0.685933
6870 3.701800 3.701800 3.701800 0.685933 0.685933 0.685933
6880 3.701800 3.701800 3.701800 0.685933 0.685933 0.685933
6890 3.701800 3.701800 3.701800 0.685933 0.685933 0.685933
6900 3.701800 3.701800 3.701800 0.685933 0.685933 0.685933
6910 3.701800 3.701800 3.701800 0.685933 0.685933 0.685933
6920 3.701800 3.701800 3.701800 0.685933 0.685933 0.685933
6930 3.701800 3.701800 3.701800 0.685933 0.685933 0.685933
6940 3.701800 3.701800 3.701800 0.685933 0.685933 0.685933
6950 3.701800 3.701800 3.701800 0.685933 0.685933 0.685933
6960 3.701800 3.701800 3.701800 0.685933 0.685933 0.685933
6970 3.701800 3.701800 3.701800 0.685933 0.685933 0.685933
6980 3.701800 3.701800 3.701800 0.685933 0.685933 0.685933
6990 3.701800 3.701800 3.701800 0.685933 0.685933 0.685933
7000 3.701800 3.701800 3.701800 0.685933 0.685933 0.685933
7010 3.701800 3.701800 3.701800 0.685933 0.685933 0.685933
7020 3.701800 3.701800 3.701800 0.685933 0.685933 0.685933
7030 3.701800 3.701800 3.701800 0.685933 0.685933 0.685933
7040 3.701800 3.701800 3.701800 0.685933 0.685933 0.685933
7050 3.701800 3.701800 3.701800 0.685933 0.685933 0.685933
7060 3.701800 3.701800 3.701800 0.685933 0.685933 0.685933
7070 3.701800 3.701800 3.701800 0.685933 0.685933 0.685933
7080 3.701800 3.701800 3.701800 0.685933 0.685933 0.685933
7090 3.701800 3.701800 3.701800 0.685933 0.685933 0.685933
7100 3.701800 3.701800 3.701800 0.685933 0.685933 0.685933
7110 3.701800 3.701800 3.701800 0.685933 0.685933 0.685933
7120 3.701800 3.701800 3.701800 0.685933 0.685933 0.685933
7130 3.701800 3.701800 3.701800 0.685933 0.685933 0.685933
7140 3.701800 3.701800 3.701800 0.685933 0.685933 0.685933
7150 3.701800 3.701800 3.701800 0.685933 0.685933 0.685933
7160 3.701800 3.701800 3.701800 0.685933 0.685933 0.685933
7170 3.701800 3.701800 3.701800 0.685933 0.685933 0.685933
7180 3.701800 3.701800 3.701800 0.685933 0.685933 0.685933
7190 3.701800 3.701800 3.701800 0.685933 0.685933 0.685933
7200 3.701800 3.701800 3.701800 0.685933 0.685933 0.685933
7210 3.701800 3.701800 3.701800 0.685933 0.685933 0.685933
7220 3.701800 3.701800 3.701800 0.685933 0.685933 0.685933
7230 3.701800 3.701800 3.701800 0.685933 0.685933 0.685933
7240 3.701800 3.701800 3.701800 0.685933 0.685933 0.685933
7250 3.701800 3.701800 3.701800 0.685933 0.685933 0.685933
7260 3.701800 3.701800 3.701800 0.685933 0.685933 0.685933
7270 3.701800 3.701800 3.701800 0.685933 0.685933 0.685933
7280 3.701800 3.701800 3.701800 0.685933 0.685933 0.685933
7290 3.701800 3.701800 3.701800 0.685933 0.685933 0.685933
7300 3.701800 3.701800 3.701800 0.685933 0.685933 0.685933
7310 3.701800 3.701800 3.701800 0.685933 0.685933 0.685933
7320 3.701800 3.701800 3.701800 0.685933 0.685933 0.685933
7330 3.701800 3.701800 3.701800 0.685933 0.685933 0.685933
7340 3.701800 3.701800 3.701800 0.685933 0.685933 0.685933
7350 3.701800 3.701800 3.701800 0.685933 0.685933 0.685933
7360 3.701800 3.701800 3.701800 0.685933 0.685933 0.685933
7370 3.701800 3.701800 3.701800 0.685933 0.685933 0.685933
7380 3.701800 3.701800 3.701800 0.685933 0.685933 0.685933
7390 3.701800 3.701800 3.701800 0.685933 0.685933 0.685933
7400 3.701800 3.701800 3.701800 0.685933 0.685933 0.685933
7410 3.701800 3.701800 3.701800 0.685933 0.685933 0.685933
7420 3.701800 3.701800 3.701800 0.685933 0.685933 0.685933
7430 3.701800 3.701800 3.701800 0.685933 0.685933 0.685933
7440 3.701800 3.701800 3.701800 0.685933 0.685933 0.685933
7450 3.701800 3.701800 3.701800 0.685933 0.685933 0.685933
7460 3.701800 3.701800 3.701800 0.685933 0.685933 0.685933
7470 3.701800 3.701800 3.701800 0.685933 0.685933 0.685933
7480 3.701800 3.701800 3.701800 0.685933 0.685933 0.685933
7490 3.701800 3.701800 3.701800 0.685933 0.685933 0.685933
7500 3.701800 3.701800 3.701800 0.685933 0.685933 0.685933
7510 3.701800 3.701800 3.701800 0.685933 0.685933 0.685933
7520 3.701800 3.701800 3.701800 0.685933 0.685933 0.685933
7530 3.701800 3.701800 3.701800 0.685933 0.685933 0.685933
7540 3.701800 3.701800 3.701800 0.685933 0.685933 0.685933
7550 3.701800 3.701800 3.701800 0.685933 0.685933 0.685933
7560 3.701800 3.701800 3.701800 0.685933 0.685933 0.685933
7570 3.701800 3.701800 3.701800 0.685933 0.685933 0.685933
7580 3.701800 3.701800 3.701800 0.685933 0.685933 0.685933
7590 3.701800 3.701800 3.701800 0.685933 0.685933 0.685933
7600 3.701800 3.701800 3.701800 0.685933 0.685933 0.685933
7610 3.701800 3.701800 3.701800 0.685933 0.685933 0.685933
7620 3.701800 3.701800 3.701800 0.685933 0.685933 0.685933
7630 3.701800 3.701800 3.701800 0.685933 0.685933 0.685933
7640 3.701800 3.701800 3.701800 0.685933 0.685933 0.685933
7650 3.701800 3.701800 3.701800 0.685933 0.685933 0.685933
7660 3.701800 3.701800 3.701800 0.685933 0.685933 0.685933
7670 3.701800 3.701800 3.701800 0.685933 0.685933 0.685933
7680 3.701800 3.701800 3.701800 0.685933 0.685933 0.685933
7690 3.701800 3.701800 3.701800 0.685933 0.685933 0.685933
7700 3.701800 3.701800 3.701800 0.685933 0.685933 0.685933
7710 3.701800 3.701800 3.701800 0.685933 0.685933 0.685933
7720 3.701800 3.701800 3.701800 0.685933 0.685933 0.685933
7730 3.701800 3.701800 3.701800 0.685933 0.685933 0.685933
7740 3.701800 3.701800 3.701800 0.685933 0.685933 0.685933
7750 3.701800 3.701800 3.701800 0.685933 0.685933 0.685933
7760 3.701800 3.701800 3.701800 0.685933 0.685933 0.685933
7770 3.701800 3.701800 3.701800 0.685933 0.685933 0.685933
7780 3.701800 3.701800 3.701800 0.685933 0.685933 0.685933
7790 3.701800 3.701800 3.701800 0.685933 0.685933 0.685933
7800 3.701800 3.701800 3.701800 0.685933 0.685933 0.685933
7810 3.701800 3.701800 3.701800 0.685933 0.685933 0.685933
7820 3.701800 3.701800 3.701800 0.685933 0.685933 0.685933
7830 3.701800 3.701800 3.701800 0.685933 0.685933 0.685933
7840 3.701800 3.701800 3.701800 0.685933 0.685933 0.685933
7850 3.701800 3.701800 3.701800 0.685933 0.685933 0.685933
7860 3.701800 3.701800 3.701800 0.685933 0.685933 0.685933
7870 3.701800 3.701800 3.701800 0.685933 0.685933 0.685933
7880 3.701800 3.701800 3.701800 0.685933 0.685933 0.685933
7890 3.701800 3.701800 3.701800 0.685933 0.685933 0.685933
7900 3.701800 3.701800 3.701800 0.685933 0.685933 0.685933
7910 3.701800 3.701800 3.701800 0.685933 0.685933 0.685933
7920 3.701800 3.701800 3.701800 0.685933 0.685933 0.685933
7930 3.701800 3.701800 3.701800 0.685933 0.685933 0.685933
7940 3.701800 3.701800 3.701800 0.685933 0.685933 0.685933
7950 3.701800 3.701800 3.701800 0.685933 0.685933 0.685933
7960 3.701800 3.701800 3.701800 0.685933 0.685933 0.685933
7970 3.701800 3.701800 3.701800 0.685933 0.685933 0.685933
7980 3.701800 3.701800 3.701800 0.685933 0.685933 0.685933
7990 3.701800 3.701800 3.701800 0.685933 0.685933 0.685933
8000 3.701800 3.701800 3.701800 0.685933 0.685933 0.685933
8010 3.701800 3.701800 3.701800 0.685933 0.685933 0.685933
8020 3.701800 3.701800 3.701800 0.685933 0.685933 0.685933
8030 3.701800 3.701800 3.701800 0.685933 0.685933 0.685933
8040 3.701800 3.701800 3.701800 0.685933 0.685933 0.685933
8050 3.701800 3.701800 3.701800 0.685933 0.685933 0.685933
8060 3.701800 3.701800 3.701800 0.685933 0.685933 0.685933
8070 3.701800 3.701800 3.701800 0.685933 0.685933 0.685933
8080 3.701800 3.701800 3.701800 0.685933 0.685933 0.685933
8090 3.701800 3.701800 3.701800 0.685933 0.685933 0.685933
8100 3.701800 3.701800 3.701800 0.685933 0.685933 0.685933
8110 3.701800 3.701800 3.701800 0.685933 0.685933 0.685933
8120 3.701800 3.701800 3.701800 0.685933 0.685933 0.685933
8130 3.701800 3.701800 3.701800 0.685933 0.685933 0.685933
8140 3.701800 3.701800 3.701800 0.685933 0.685933 0.685933
8150 3.701800 3.701800 3.701800 0.685933 0.685933 0.685933
8160 3.701800 3.701800 3.701800 0.685933 0.685933 0.685933
8170 3.701800 3.701800 3.701800 0.685933 0.685933 0.685933
8180 3.701800 3.701800 3.701800 0.685933 0.685933 0.685933
8190 3.701800 3.701800 3.701800 0.685933 0.685933 0.685933
8200 3.701800 3.701800 3.701800 0.685933 0.685933 0.685933
8210 3.701800 3.701800 3.701800 0.685933 0.685933 0.685933
8220 3.701800 3.701800 3.701800 0.685933 0.685933 0.685933
8230 3.701800 3.701800 3.701800 0.685933 0.685933 0.685933
8240 3.701800 3.701800 3.701800 0.685933 0.685933 0.685933
8250 3.701800 3.701800 3.701800 0.685933 0.685933 0.685933
8260 3.701800 3.701800 3.701800 0.685933 0.685933 0.685933
8270 3.701800 3.701800 3.701800 0.685933 0.685933 0.685933
8280 3.701800 3.701800 3.701800 0.685933 0.685933 0.685933
8290 3.701800 3.701800 3.701800 0.685933 0.685933 0.685933
8300 3.701800 3.701800 3.701800 0.685933 0.685933 0.685933
8310 3.701800 3.701800 3.701800 0.685933 0.685933 0.685933
8320 3.701800 3.701800 3.701800 0.685933 0.685933 0.685933
8330 3.701800 3.701800 3.701800 0.685933 0.685933 0.685933
8340 3.701800 3.701800 3.701800 0.685933 0.685933 0.685933
8350 3.701800 3.701800 3.701800 0.685933 0.685933 0.685933
8360 3.701800 3.701800 3.701800 0.685933 0.685933 0.685933
8370 3.701800 3.701800 3.701800 0.685933 0.685933 0.685933
8380 3.701800 3.701800 3.701800 0.685933 0.685933 0.685933
8390 3.701800 3.701800 3.701800 0.685933 0.685933 0.685933
8400 3.701800 3.701800 3.701800 0.685933 0.685933 0.685933
8410 3.701800 3.701800 3.701800 0.685933 0.685933 0.685933
8420 3.701800 3.701800 3.701800 0.685933 0.685933 0.685933
8430 3.701800 3.701800 3.701800 0.685933 0.685933 0.685933
8440 3.701800 3.701800 3.701800 0.685933 0.685933 0.685933
8450 3.701800 3.701800 3.701800 0.685933 0.685933 0.685933
8460 3.701800 3.701800 3.701800 0.685933 0.685933 0.685933
8470 3.701800 3.701800 3.701800 0.685933 0.685933 0.685933
8480 3.701800 3.701800 3.701800 0.685933 0.685933 0.685933
8490 3.701800 3.701800 3.701800 0.685933 0.685933 0.685933
8500 3.701800 3.701800 3.701800 0.685933 0.685933 0.685933
8510 3.701800 3.701800 3.701800 0.685933 0.685933 0.685933
8520 3.701800 3.701800 3.701800 0.685933 0.685933 0.685933
8530 3.701800 3.701800 3.701800 0.685933 0.685933 0.685933
8540 3.701800 3.701800 3.701800 0.685933 0.685933 0.685933
8550 3.701800 3.701800 3.701800 0.685933 0.685933 0.685933
8560 3.701800 3.701800 3.701800 0.685933 0.685933 0.685933
8570 3.701800 3.701800 3.701800 0.685933 0.685933 0.685933
8580 3.701800 3.701800 3.701800 0.685933 0.685933 0.685933
8590 3.701800 3.701800 3.701800 0.685933 0.685933 0.685933
8600 3.701800 3.701800 3.701800 0.685933 0.685933 0.685933
8610 3.701800 3.701800 3.701800 0.685933 0.685933 0.685933
8620 3.701800 3.701800 3.701800 0.685933 0.685933 0.685933
8630 3.701800 3.701800 3.701800 0.685933 0.685933 0.685933
8640 3.701800 3.701800 3.701800 0.685933 0.685933 0.685933
8650 3.701800 3.701800 3.701800 0.685933 0.685933 0.685933
8660 3.701800 3.701800 3.701800 0.685933 0.685933 0.685933
8670 3.701800 3.701800 3.701800 0.685933 0.685933 0.685933
8680 3.701800 3.701800 3.701800 0.685933 0.685933 0.685933
8690 3.701800 3.701800 3.701800 0.685933 0.685933 0.685933
8700 3.701800 3.701800 3.701800 0.685933 0.685933 0.685933
8710 3.701800 3.701800 3.701800 0.685933 0.685933 0.685933
8720 3.701800 3.701800 3.701800 0.685933 0.685933 0.685933
8730 3.701800 3.701800 3.701800 0.685933 0.685933 0.685933
8740 3.701800 3.701800 3.701800 0.685933 0.685933 0.685933
8750 3.701800 3.701800 3.701800 0.685933 0.685933 0.685933
8760 3.701800 3.701800 3.701800 0.685933 0.685933 0.685933
8770 3.701800 3.701800 3.701800 0.685933 0.685933 0.685933
8780 3.701800 3.701800 3.701800 0.685933 0.685933 0.685933
8790 3.701800 3.701800 3.701800 0.685933 0.685933 0.685933
8800 3.701800 3.701800 3.701800 0.685933 0.685933 0.685933
8810 3.701800 3.701800 3.701800 0.685933 0.685933 0.685933
8820 3.701800 3.701800 3.701800 0.685933 0.685933 0.685933
8830 3.701800 3.701800 3.701800 0.685933 0.685933 0.685933
8840 3.701800 3.701800 3.701800 0.685933 0.685933 0.685933
8850 3.701800 3.701800 3.701800 0.685933 0.685933 0.685933
8860 3.701800 3.701800 3.701800 0.685933 0.685933 0.685933
8870 3.701800 3.701800 3.701800 0.685933 0.685933 0.685933
8880 3.701800 3.701800 3.701800 0.685933 0.685933 0.685933
8890 3.701800 3.701800 3.701800 0.685933 0.685933 0.685933
8900 3.701800 3.701800 3.701800 0.685933 0.685933 0.685933
8910 3.701800 3.701800 3.701800 0.685933 0.685933 0.685933
8920 3.701800 3.701800 3.701800 0.685933 0.685933 0.685933
8930 3.701800 3.701800 3.701800 0.685933 0.685933 0.685933
8940 3.701800 3.701800 3.701800 0.685933 0.685933 0.685933
8950 3.701800 3.701800 3.701800 0.685933 0.685933 0.685933
8960 3.701800 3.701800 3.701800 0.685933 0.685933 0.685933
8970 3.701800 3.701800 3.701800 0.685933 0.685933 0.685933
8980 3.701800 3.701800 3.701800 0.685933 0.685933 0.685933
8990 3.701800 3.701800 3.701800 0.685933 0.685933 0.685933
9000 3.701800 3.701800 3.701800 0.685933 0.685933 0.685933
9010 3.701800 3.701800 3.701800 0.685933 0.685933 0.685933
9020 3.701800 3.701800 3.701800 0.685933 0.685933 0.685933
9030 3.701800 3.701800 3.701800 0.685933 0.685933 0.685933
9040 3.701800 3.701800 3.701800 0.685933 0.685933 0.685933
9050 3.701800 3.701800 3.701800 0.685933 0.685933 0.685933
9060 3.701800 3.701800 3.701800 0.685933 0.685933 0.685933
9070 3.701800 3.701800 3.701800 0.685933 0.685933 0.685933
9080 3.701800 3.701800 3.701800 0.685933 0.685933 0.685933
9090 3.701800 3.701800 3.701800 0.685933 0.685933 0.685933
9100 3.701800 3.701800 3.701800 0.685933 0.685933 0.685933
9110 3.701800 3.701800 3.701800 0.685933 0.685933 0.685933
9120 3.701800 3.701800 3.701800 0.685933 0.685933 0.685933
9130 3.701800 3.701800 3.701800 0.685933 0.685933 0.685933
9140 3.701800 3.701800 3.701800 0.685933 0.685933 0.685933
9150 3.701800 3.701800 3.701800 0.685933 0.685933 0.685933
9160 3.701800 3.701800 3.701800 0.685933 0.685933 0.685933
9170 3.701800 3.701800 3.701800 0.685933 0.685933 0.685933
9180 3.701800 3.701800 3.701800 0.685933 0.685933 0.685933
9190 3.701800 3.701800 3.701800 0.685933 0.685933 0.685933
9200 3.701800 3.701800 3.701800 0.685933 0.685933 0.685933
9210 3.701800 3.701800 3.701800 0.685933 0.685933 0.685933
9220 3.701800 3.701800 3.701800 0.685933 0.685933 0.685933
9230 3.701800 3.701800 3.701800 0.685933 0.685933 0.685933
9240 3.701800 3.701800 3.701800 0.685933 0.685933 0.685933
9250 3.701800 3.701800 3.701800 0.685933 0.685933 0.685933
9260 3.701800 3.701800 3.701800 0.685933 0.685933 0.685933
9270 3.701800 3.701800 3.701800 0.685933 0.685933 0.685933
9280 3.701800 3.701800 3.701800 0.685933 0.685933 0.685933
9290 3.701800 3.701800 3.701800 0.685933 0.685933 0.685933
9300 3.701800 3.701800 3.701800 0.685933 0.685933 0.685933
9310 3.701800 3.701800 3.701800 0.685933 0.685933 0.685933
9320 3.701800 3.701800 3.701800 0.685933 0.685933 0.685933
9330 3.701800 3.701800 3.701800 0.685933 0.685933 0.685933
9340 3.701800 3.701800 3.701800 0.685933 0.685933 0.685933
9350 3.701800 3.701800 3.701800 0.685933 0.685933 0.685933
9360 3.701800 3.701800 3.701800 0.685933 0.685933 0.685933
9370 3.701800 3.701800 3.701800 0.685933 0.685933 0.685933
9380 3.701800 3.701800 3.701800 0.685933 0.685933 0.685933
9390 3.701800 3.701800 3.701800 0.685933 0.685933 0.685933
9400 3.701800 3.701800 3.701800 0.685933 0.685933 0.685933
9410 3.701800 3.701800 3.701800 0.685933 0.685933 0.685933
9420 3.701800 3.701800 3.701800 0.685933 0.685933 0.685933
9430 3.701800 3.701800 3.701800 0.685933 0.685933 0.685933
9440 3.701800 3.701800 3.701800 0.685933 0.685933 0.685933
9450 3.701800 3.701800 3.701800 0.685933 0.685933 0.685933
9460 3.701800 3.701800 3.701800 0.685933 0.685933 0.685933
9470 3.701800 3.701800 3.701800 0.685933 0.685933 0.685933
9480 3.701800 3.701800 3.701800 0.685933 0.685933 0.685933
9490 3.701800 3.701800 3.701800 0.685933 0.685933 0.685933
9500 3.701800 3.701800 3.701800 0.685933 0.685933 0.685933
9510 3.701800 3.701800 3.701800 0.685933 0.685933 0.685933
9520 3.701800 3.701800 3.701800 0.685933 0.685933 0.685933
9530 3.701800 3.701800 3.701800 0.685933 0.685933 0.685933
9540 3.701800 3.701800 3.701800 0.685933 0.685933 0.685933
9550 3.701800 3.701800 3.701800 0.685933 0.685933 0.685933
9560 3.701800 3.701800 3.701800 0.685933 0.685933 0.685933
9570 3.701800 3.701800 3.701800 0.685933 0.685933 0.685933
9580 3.701800 3.701800 3.701800 0.685933 0.685933 0.685933
9590 3.701800 3.701800 3.701800 0.685933 0.685933 0.685933
9600 3.701800 3.701800 3.701800 0.685933 0.685933 0.685933
9610 3.701800 3.701800 3.701800 0.685933 0.685933 0.685933
9620 3.701800 3.701800 3.701800 0.685933 0.685933 0.685933
9630 3.701800 3.701800 3.701800 0.685933 0.685933 0.685933
9640 3.701800 3.701800 3.701800 0.685933 0.685933 0.685933
9650 3.701800 3.701800 3.701800 0.685933 0.685933 0.685933
9660 3.701800 3.701800 3.701800 0.685933 0.685933 0.685933
9670 3.701800 3.701800 3.701800 0.685933 0.685933 0.685933
9680 3.701800 3.701800 3.701800 0.685933 0.685933 0.685933
9690 3.701800 3.701800 3.701800 0.685933 0.685933 0.685933
9700 3.701800 3.701800 3.701800 0.685933 0.685933 0.685933
9710 3.701800 3.701800 3.701800 0.685933 0.685933 0.685933
9720 3.701800 3.701800 3.701800 0.685933 0.685933 0.685933
9730 3.701800 3.701800 3.701800 0.685933 0.685933 0.685933
9740 3.701800 3.701800 3.701800 0.685933 0.685933 0.685933
9750 3.701800 3.701800 3.701800 0.685933 0.685933 0.685933
9760 3.701800 3.701800 3.701800 0.685933 0.685933 0.685933
9770 3.701800 3.701800 3.701800 0.685933 0.685933 0.685933
9780 3.701800 3.701800 3.701800 0.685933 0.685933 0.685933
9790 3.701800 3.701800 3.701800 0.685933 0.685933 0.685933
9800 3.701800 3.701800 3.701800 0.685933 0.685933 0.685933
9810 3.701800 3.701800 3.701800 0.685933 0.685933 0.685933
9820 3.701800 3.701800 3.701800 0.685933 0.685933 0.685933
9830 3.701800 3.701800 3.701800 0.685933 0.685933 0.685933
9840 3.701800 3.701800 3.701800 0.685933 0.685933 0.685933
9850 3.701800 3.701800 3.701800 0.685933 0.685933 0.685933
9860 3.701800 3.701800 3.701800 0.685933 0.685933 0.685933
9870 3.701800 3.701800 3.701800 0.685933 0.685933 0.685933
9880 3.701800 3.701800 3.701800 0.685933 0.685933 0.685933
9890 3.701800 3.701800 3.701800 0.685933 0.685933 0.685933
9900 3.701800 3.701800 3.701800 0.685933 0.685933 0.685933
9910 3.701800 3.701800 3.701800 0.685933 0.685933 0.685933
9920 3.701800 3.701800 3.701800 0.685933 0.685933 0.685933
9930 3.701800 3.701800 3.701800 0.685933 0.685933 0.685933
9940 3.701800 3.701800 3.701800 0.685933 0.685933 0.685933
9950 3.701800 3.701800 3.701800 0.685933 0.685933 0.685933
9960 3.701800 3.701800 3.701800 0.685933 0.685933 0.685933
9970 3.701800 3.701800 3.701800 0.685933 0.685933 0.685933
9980 3.701800 3.701800 3.701800 0.685933 0.685933 0.685933
9990 3.701800 3.701800 3.701800 0.685933 0.685933 0.685933
10000 3.964393 3.964393 3.964393 0.781144 0.781144 0.781144
