# generation power_min power_avg power_max util_min util_avg util_max
1 10.540749 12.672689 15.087218 0.706736 0.978916 1.365976
10 10.407656 12.559164 14.819549 0.706736 0.949135 1.163153
20 10.302067 12.377985 14.221997 0.706736 0.931974 1.115212
30 10.302067 12.119610 13.694785 0.706736 0.929612 1.115212
40 10.163406 11.957638 13.399090 0.706736 0.914889 1.081965
50 10.163406 11.714854 12.990120 0.706736 0.908204 1.049017
60 10.163406 11.537327 12.704312 0.706736 0.903150 1.049017
70 10.163406 11.377220 12.463081 0.706736 0.898338 1.049017
80 10.054307 11.228271 12.260506 0.706736 0.893704 1.049017
90 9.611509 11.078637 12.036028 0.706736 0.885842 1.020362
100 9.260580 10.887217 11.814108 0.706736 0.889434 1.035129
110 8.950511 10.726210 11.664109 0.706736 0.881039 1.035129
120 8.950511 10.548885 11.482905 0.710370 0.873485 1.035129
130 8.950511 10.370386 11.335914 0.671759 0.864562 1.035129
140 8.743112 10.186523 11.086582 0.668915 0.855436 1.035129
150 8.513634 10.017174 10.952997 0.635458 0.849250 1.012484
160 8.103263 9.849789 10.839747 0.635458 0.847623 1.012484
170 8.103263 9.680692 10.555155 0.635458 0.845570 1.012484
180 7.673272 9.525908 10.450673 0.635458 0.833592 1.008658
190 7.673272 9.396174 10.243700 0.635458 0.826861 1.002018
200 7.662967 9.221511 10.067614 0.635458 0.820415 1.002018
210 7.662967 9.066197 9.910061 0.635458 0.810868 1.002018
220 7.617628 8.935695 9.734739 0.635458 0.806165 1.002018
230 7.606111 8.809194 9.524601 0.635458 0.797031 1.002018
240 7.531240 8.681519 9.426211 0.635458 0.792630 0.961672
250 7.402881 8.532753 9.260580 0.635458 0.791640 0.961672
260 7.279232 8.402128 9.158624 0.650956 0.789707 0.961672
270 7.203694 8.291809 9.004262 0.590169 0.785238 0.980965
280 7.203694 8.166304 8.936407 0.590169 0.782466 0.980965
290 7.203694 8.056576 8.743112 0.590169 0.776625 0.980965
300 6.964244 7.936806 8.577960 0.590169 0.772249 0.980965
310 6.926454 7.811907 8.465049 0.590169 0.768055 0.980965
320 6.922487 7.697695 8.375233 0.590169 0.768679 0.980965
330 6.571070 7.574137 8.244233 0.590169 0.769861 0.980965
340 6.571070 7.469755 8.070526 0.601255 0.777371 0.980965
350 6.101608 7.354002 7.966154 0.601255 0.779684 0.980965
360 6.101608 7.229869 7.830845 0.636398 0.780270 0.980965
370 6.101608 7.134851 7.685625 0.627876 0.773127 0.980965
380 6.101608 7.039960 7.548201 0.627876 0.773260 0.980965
390 6.026127 6.940865 7.433321 0.627876 0.768623 0.922135
400 5.898383 6.839650 7.331079 0.621552 0.761268 0.922135
410 5.854516 6.732491 7.267218 0.620597 0.757440 0.909154
420 5.663308 6.617277 7.179080 0.620597 0.748703 0.909154
430 5.417419 6.516363 7.109237 0.620597 0.742238 0.867067
440 5.417419 6.411330 6.964244 0.619914 0.729575 0.867067
450 5.356360 6.318476 6.912188 0.591523 0.721935 0.867067
460 5.356360 6.220938 6.824411 0.591523 0.717489 0.867067
470 5.356360 6.125897 6.690394 0.591523 0.707827 0.867067
480 5.356360 6.036272 6.571070 0.591523 0.703439 0.867067
490 5.153430 5.952340 6.459745 0.576497 0.698605 0.850098
500 5.153430 5.885816 6.288983 0.576497 0.697681 0.853682
510 5.023025 5.806595 6.181152 0.576497 0.682264 0.853682
520 5.023025 5.740926 6.105277 0.575541 0.672471 0.853682
530 5.023025 5.671084 6.038088 0.547501 0.663453 0.853682
540 5.023025 5.609173 5.981335 0.547501 0.656223 0.853682
550 5.023025 5.548850 5.916263 0.547501 0.648912 0.853682
560 5.023025 5.484170 5.849828 0.518856 0.643329 0.853682
570 5.013210 5.424641 5.785509 0.518856 0.637555 0.853682
580 4.866449 5.369476 5.733854 0.518856 0.631752 0.853682
590 4.848091 5.310684 5.596647 0.518856 0.619761 0.697183
600 4.848091 5.267083 5.553362 0.518856 0.615508 0.692647
610 4.848091 5.224062 5.490625 0.518856 0.613674 0.692647
620 4.848091 5.179549 5.416969 0.518856 0.608901 0.692647
630 4.848091 5.145678 5.356360 0.518856 0.605267 0.692647
640 4.720350 5.104721 5.313378 0.518856 0.597614 0.692647
650 4.720350 5.069262 5.283800 0.518856 0.595006 0.675793
660 4.720350 5.029597 5.221069 0.518856 0.590979 0.675793
670 4.720350 4.999328 5.177405 0.518856 0.588340 0.667693
680 4.629577 4.964859 5.162952 0.505009 0.584260 0.667693
690 4.629577 4.930177 5.119378 0.505009 0.580862 0.667693
700 4.629577 4.894066 5.094872 0.505009 0.578361 0.667693
710 4.570292 4.864010 5.035903 0.505009 0.576988 0.660228
720 4.570292 4.831819 5.019216 0.505009 0.576146 0.660228
730 4.527664 4.797708 4.989890 0.505009 0.576535 0.660228
740 4.527664 4.765283 4.955168 0.508088 0.571378 0.660228
750 4.527664 4.736674 4.898301 0.508088 0.568291 0.660228
760 4.509550 4.714496 4.855598 0.508088 0.564913 0.660228
770 4.509550 4.690031 4.852813 0.508088 0.559307 0.660228
780 4.508168 4.671838 4.789211 0.508088 0.557177 0.660228
790 4.508168 4.652735 4.724083 0.508088 0.559100 0.660228
800 4.364651 4.635601 4.720350 0.508088 0.563711 0.660228
810 4.364651 4.611023 4.719172 0.508088 0.562827 0.660228
820 4.364651 4.593703 4.714126 0.508088 0.563603 0.660228
830 4.364651 4.576233 4.705323 0.508088 0.562564 0.660228
840 4.288011 4.556154 4.678766 0.508088 0.563359 0.660228
850 4.288011 4.538564 4.643150 0.508088 0.563372 0.627056
860 4.283478 4.521901 4.603106 0.521936 0.564880 0.595047
870 4.283478 4.503883 4.585034 0.521936 0.565466 0.595047
880 4.246260 4.489958 4.570292 0.535702 0.565004 0.595047
890 4.225888 4.470405 4.561723 0.535702 0.565472 0.595047
900 4.225888 4.452280 4.547644 0.535702 0.565782 0.595047
910 4.225888 4.434323 4.527664 0.536450 0.569179 0.595047
920 4.225888 4.415021 4.525157 0.536450 0.568315 0.595047
930 4.193266 4.389439 4.509550 0.536450 0.570469 0.604797
940 4.184136 4.362208 4.487258 0.536450 0.572406 0.604797
950 4.184136 4.338248 4.466417 0.536450 0.574176 0.604797
960 4.184136 4.312600 4.453567 0.536450 0.575078 0.604797
970 4.176766 4.290432 4.436367 0.536450 0.574644 0.604797
980 4.176766 4.268493 4.408826 0.536450 0.577004 0.604797
990 4.176766 4.250368 4.364651 0.536450 0.576619 0.604797
1000 4.176766 4.233353 4.364651 0.536450 0.574046 0.604797
1010 4.152152 4.217772 4.322899 0.536450 0.572664 0.604797
1020 4.152152 4.207035 4.283478 0.536450 0.572472 0.604797
1030 4.152152 4.199352 4.227270 0.550215 0.572645 0.604797
1040 4.150807 4.194509 4.225888 0.561876 0.569972 0.604797
1050 4.150807 4.190276 4.225888 0.561876 0.566658 0.604797
1060 4.150807 4.186043 4.225114 0.561876 0.564092 0.604797
1070 4.150807 4.183267 4.185481 0.561876 0.562371 0.571714
1080 4.150807 4.183059 4.185481 0.561876 0.562451 0.571714
1090 4.150807 4.182850 4.185481 0.561876 0.562531 0.571714
1100 4.150807 4.182403 4.184136 0.561876 0.562714 0.571714
1110 4.150807 4.181996 4.184136 0.561876 0.562901 0.571714
1120 4.150807 4.181849 4.184136 0.561876 0.563078 0.571714
1130 4.150807 4.181457 4.184136 0.561876 0.563179 0.571714
1140 4.150807 4.180831 4.184136 0.561876 0.563545 0.571714
1150 4.150807 4.179771 4.184136 0.561876 0.563927 0.571714
1160 4.150807 4.179402 4.184136 0.561876 0.564370 0.571714
1170 4.150807 4.177443 4.184136 0.561876 0.565126 0.571714
1180 4.150807 4.175298 4.184136 0.561876 0.565802 0.571714
1190 4.150807 4.173004 4.184136 0.561876 0.566742 0.571714
1200 4.150807 4.170709 4.184136 0.561876 0.567682 0.571714
1210 4.150807 4.167636 4.184136 0.561876 0.568648 0.571714
1220 4.150807 4.164303 4.184136 0.561876 0.569623 0.571714
1230 4.150807 4.160970 4.184136 0.561876 0.570598 0.571714
1240 4.150807 4.158143 4.176766 0.570743 0.571383 0.571714
1250 4.150807 4.155547 4.176766 0.570743 0.571471 0.571714
1260 4.150807 4.152951 4.176766 0.570743 0.571559 0.571714
1270 4.150807 4.150847 4.152152 0.571626 0.571628 0.571714
1280 4.150807 4.150807 4.150807 0.571626 0.571626 0.571626
1290 4.150807 4.150807 4.150807 0.571626 0.571626 0.571626
1300 4.150807 4.150807 4.150807 0.571626 0.571626 0.571626
1310 4.150807 4.150807 4.150807 0.571626 0.571626 0.571626
1320 4.150807 4.150807 4.150807 0.571626 0.571626 0.571626
1330 4.150807 4.150807 4.150807 0.571626 0.571626 0.571626
1340 4.150807 4.150807 4.150807 0.571626 0.571626 0.571626
1350 4.150807 4.150807 4.150807 0.571626 0.571626 0.571626
1360 4.150807 4.150807 4.150807 0.571626 0.571626 0.571626
1370 4.150807 4.150807 4.150807 0.571626 0.571626 0.571626
1380 4.150807 4.150807 4.150807 0.571626 0.571626 0.571626
1390 4.150807 4.150807 4.150807 0.571626 0.571626 0.571626
1400 4.150807 4.150807 4.150807 0.571626 0.571626 0.571626
1410 4.150807 4.150807 4.150807 0.571626 0.571626 0.571626
1420 4.150807 4.150807 4.150807 0.571626 0.571626 0.571626
1430 4.150807 4.150807 4.150807 0.571626 0.571626 0.571626
1440 4.150807 4.150807 4.150807 0.571626 0.571626 0.571626
1450 4.150807 4.150807 4.150807 0.571626 0.571626 0.571626
1460 4.150807 4.150807 4.150807 0.571626 0.571626 0.571626
1470 4.150807 4.150807 4.150807 0.571626 0.571626 0.571626
1480 4.150807 4.150807 4.150807 0.571626 0.571626 0.571626
1490 4.150807 4.150807 4.150807 0.571626 0.571626 0.571626
1500 4.150807 4.150807 4.150807 0.571626 0.571626 0.571626
1510 4.150807 4.150807 4.150807 0.571626 0.571626 0.571626
1520 4.150807 4.150807 4.150807 0.571626 0.571626 0.571626
1530 4.150807 4.150807 4.150807 0.571626 0.571626 0.571626
1540 4.150807 4.150807 4.150807 0.571626 0.571626 0.571626
1550 4.150807 4.150807 4.150807 0.571626 0.571626 0.571626
1560 4.150807 4.150807 4.150807 0.571626 0.571626 0.571626
1570 4.150807 4.150807 4.150807 0.571626 0.571626 0.571626
1580 4.150807 4.150807 4.150807 0.571626 0.571626 0.571626
1590 4.150807 4.150807 4.150807 0.571626 0.571626 0.571626
1600 4.150807 4.150807 4.150807 0.571626 0.571626 0.571626
1610 4.150807 4.150807 4.150807 0.571626 0.571626 0.571626
1620 4.150807 4.150807 4.150807 0.571626 0.571626 0.571626
1630 4.150807 4.150807 4.150807 0.571626 0.571626 0.571626
1640 4.150807 4.150807 4.150807 0.571626 0.571626 0.571626
1650 4.150807 4.150807 4.150807 0.571626 0.571626 0.571626
1660 4.150807 4.150807 4.150807 0.571626 0.571626 0.571626
1670 4.150807 4.150807 4.150807 0.571626 0.571626 0.571626
1680 4.150807 4.150807 4.150807 0.571626 0.571626 0.571626
1690 4.150807 4.150807 4.150807 0.571626 0.571626 0.571626
1700 4.150807 4.150807 4.150807 0.571626 0.571626 0.571626
1710 4.150807 4.150807 4.150807 0.571626 0.571626 0.571626
1720 4.150807 4.150807 4.150807 0.571626 0.571626 0.571626
1730 4.150807 4.150807 4.150807 0.571626 0.571626 0.571626
1740 4.150807 4.150807 4.150807 0.571626 0.571626 0.571626
1750 4.150807 4.150807 4.150807 0.571626 0.571626 0.571626
1760 4.150807 4.150807 4.150807 0.571626 0.571626 0.571626
1770 4.150807 4.150807 4.150807 0.571626 0.571626 0.571626
1780 4.150807 4.150807 4.150807 0.571626 0.571626 0.571626
1790 4.150807 4.150807 4.150807 0.571626 0.571626 0.571626
1800 4.150807 4.150807 4.150807 0.571626 0.571626 0.571626
1810 4.150807 4.150807 4.150807 0.571626 0.571626 0.571626
1820 4.150807 4.150807 4.150807 0.571626 0.571626 0.571626
1830 4.150807 4.150807 4.150807 0.571626 0.571626 0.571626
1840 4.150807 4.150807 4.150807 0.571626 0.571626 0.571626
1850 4.150807 4.150807 4.150807 0.571626 0.571626 0.571626
1860 4.150807 4.150807 4.150807 0.571626 0.571626 0.571626
1870 4.150807 4.150807 4.150807 0.571626 0.571626 0.571626
1880 4.150807 4.150807 4.150807 0.571626 0.571626 0.571626
1890 4.150807 4.150807 4.150807 0.571626 0.571626 0.571626
1900 4.150807 4.150807 4.150807 0.571626 0.571626 0.571626
1910 4.150807 4.150807 4.150807 0.571626 0.571626 0.571626
1920 4.150807 4.150807 4.150807 0.571626 0.571626 0.571626
1930 4.150807 4.150807 4.150807 0.571626 0.571626 0.571626
1940 4.150807 4.150807 4.150807 0.571626 0.571626 0.571626
1950 4.150807 4.150807 4.150807 0.571626 0.571626 0.571626
1960 4.150807 4.150807 4.150807 0.571626 0.571626 0.571626
1970 4.150807 4.150807 4.150807 0.571626 0.571626 0.571626
1980 4.150807 4.150807 4.150807 0.571626 0.571626 0.571626
1990 4.150807 4.150807 4.150807 0.571626 0.571626 0.571626
2000 4.150807 4.150807 4.150807 0.571626 0.571626 0.571626
2010 4.150807 4.150807 4.150807 0.571626 0.571626 0.571626
2020 4.150807 4.150807 4.150807 0.571626 0.571626 0.571626
2030 4.150807 4.150807 4.150807 0.571626 0.571626 0.571626
2040 4.150807 4.150807 4.150807 0.571626 0.571626 0.571626
2050 4.150807 4.150807 4.150807 0.571626 0.571626 0.571626
2060 4.150807 4.150807 4.150807 0.571626 0.571626 0.571626
2070 4.150807 4.150807 4.150807 0.571626 0.571626 0.571626
2080 4.150807 4.150807 4.150807 0.571626 0.571626 0.571626
2090 4.150807 4.150807 4.150807 0.571626 0.571626 0.571626
2100 4.150807 4.150807 4.150807 0.571626 0.571626 0.571626
2110 4.150807 4.150807 4.150807 0.571626 0.571626 0.571626
2120 4.150807 4.150807 4.150807 0.571626 0.571626 0.571626
2130 4.150807 4.150807 4.150807 0.571626 0.571626 0.571626
2140 4.150807 4.150807 4.150807 0.571626 0.571626 0.571626
2150 4.150807 4.150807 4.150807 0.571626 0.571626 0.571626
2160 4.150807 4.150807 4.150807 0.571626 0.571626 0.571626
2170 4.150807 4.150807 4.150807 0.571626 0.571626 0.571626
2180 4.150807 4.150807 4.150807 0.571626 0.571626 0.571626
2190 4.150807 4.150807 4.150807 0.571626 0.571626 0.571626
2200 4.150807 4.150807 4.150807 0.571626 0.571626 0.571626
2210 4.150807 4.150807 4.150807 0.571626 0.571626 0.571626
2220 4.150807 4.150807 4.150807 0.571626 0.571626 0.571626
2230 4.150807 4.150807 4.150807 0.571626 0.571626 0.571626
2240 4.150807 4.150807 4.150807 0.571626 0.571626 0.571626
2250 4.150807 4.150807 4.150807 0.571626 0.571626 0.571626
2260 4.150807 4.150807 4.150807 0.571626 0.571626 0.571626
2270 4.150807 4.150807 4.150807 0.571626 0.571626 0.571626
2280 4.150807 4.150807 4.150807 0.571626 0.571626 0.571626
2290 4.150807 4.150807 4.150807 0.571626 0.571626 0.571626
2300 4.150807 4.150807 4.150807 0.571626 0.571626 0.571626
2310 4.150807 4.150807 4.150807 0.571626 0.571626 0.571626
2320 4.150807 4.150807 4.150807 0.571626 0.571626 0.571626
2330 4.150807 4.150807 4.150807 0.571626 0.571626 0.571626
2340 4.150807 4.150807 4.150807 0.571626 0.571626 0.571626
2350 4.150807 4.150807 4.150807 0.571626 0.571626 0.571626
2360 4.150807 4.150807 4.150807 0.571626 0.571626 0.571626
2370 4.150807 4.150807 4.150807 0.571626 0.571626 0.571626
2380 4.150807 4.150807 4.150807 0.571626 0.571626 0.571626
2390 4.150807 4.150807 4.150807 0.571626 0.571626 0.571626
2400 4.150807 4.150807 4.150807 0.571626 0.571626 0.571626
2410 4.150807 4.150807 4.150807 0.571626 0.571626 0.571626
2420 4.150807 4.150807 4.150807 0.571626 0.571626 0.571626
2430 4.150807 4.150807 4.150807 0.571626 0.571626 0.571626
2440 4.150807 4.150807 4.150807 0.571626 0.571626 0.571626
2450 4.150807 4.150807 4.150807 0.571626 0.571626 0.571626
2460 4.150807 4.150807 4.150807 0.571626 0.571626 0.571626
2470 4.150807 4.150807 4.150807 0.571626 0.571626 0.571626
2480 4.150807 4.150807 4.150807 0.571626 0.571626 0.571626
2490 4.150807 4.150807 4.150807 0.571626 0.571626 0.571626
2500 4.150807 4.150807 4.150807 0.571626 0.571626 0.571626
2510 4.150807 4.150807 4.150807 0.571626 0.571626 0.571626
2520 4.150807 4.150807 4.150807 0.571626 0.571626 0.571626
2530 4.150807 4.150807 4.150807 0.571626 0.571626 0.571626
2540 4.150807 4.150807 4.150807 0.571626 0.571626 0.571626
2550 4.150807 4.150807 4.150807 0.571626 0.571626 0.571626
2560 4.150807 4.150807 4.150807 0.571626 0.571626 0.571626
2570 4.150807 4.150807 4.150807 0.571626 0.571626 0.571626
2580 4.150807 4.150807 4.150807 0.571626 0.571626 0.571626
2590 4.150807 4.150807 4.150807 0.571626 0.571626 0.571626
2600 4.150807 4.150807 4.150807 0.571626 0.571626 0.571626
2610 4.150807 4.150807 4.150807 0.571626 0.571626 0.571626
2620 4.150807 4.150807 4.150807 0.571626 0.571626 0.571626
2630 4.150807 4.150807 4.150807 0.571626 0.571626 0.571626
2640 4.150807 4.150807 4.150807 0.571626 0.571626 0.571626
2650 4.150807 4.150807 4.150807 0.571626 0.571626 0.571626
2660 4.150807 4.150807 4.150807 0.571626 0.571626 0.571626
2670 4.150807 4.150807 4.150807 0.571626 0.571626 0.571626
2680 4.150807 4.150807 4.150807 0.571626 0.571626 0.571626
2690 4.150807 4.150807 4.150807 0.571626 0.571626 0.571626
2700 4.150807 4.150807 4.150807 0.571626 0.571626 0.571626
2710 4.150807 4.150807 4.150807 0.571626 0.571626 0.571626
2720 4.150807 4.150807 4.150807 0.571626 0.571626 0.571626
2730 4.150807 4.150807 4.150807 0.571626 0.571626 0.571626
2740 4.150807 4.150807 4.150807 0.571626 0.571626 0.571626
2750 4.150807 4.150807 4.150807 0.571626 0.571626 0.571626
2760 4.150807 4.150807 4.150807 0.571626 0.571626 0.571626
2770 4.150807 4.150807 4.150807 0.571626 0.571626 0.571626
2780 4.150807 4.150807 4.150807 0.571626 0.571626 0.571626
2790 4.150807 4.150807 4.150807 0.571626 0.571626 0.571626
2800 4.150807 4.150807 4.150807 0.571626 0.571626 0.571626
2810 4.150807 4.150807 4.150807 0.571626 0.571626 0.571626
2820 4.150807 4.150807 4.150807 0.571626 0.571626 0.571626
2830 4.150807 4.150807 4.150807 0.571626 0.571626 0.571626
2840 4.150807 4.150807 4.150807 0.571626 0.571626 0.571626
2850 4.150807 4.150807 4.150807 0.571626 0.571626 0.571626
2860 4.150807 4.150807 4.150807 0.571626 0.571626 0.571626
2870 4.150807 4.150807 4.150807 0.571626 0.571626 0.571626
2880 4.150807 4.150807 4.150807 0.571626 0.571626 0.571626
2890 4.150807 4.150807 4.150807 0.571626 0.571626 0.571626
2900 4.150807 4.150807 4.150807 0.571626 0.571626 0.571626
2910 4.150807 4.150807 4.150807 0.571626 0.571626 0.571626
2920 4.150807 4.150807 4.150807 0.571626 0.571626 0.571626
2930 4.150807 4.150807 4.150807 0.571626 0.571626 0.571626
2940 4.150807 4.150807 4.150807 0.571626 0.571626 0.571626
2950 4.150807 4.150807 4.150807 0.571626 0.571626 0.571626
2960 4.150807 4.150807 4.150807 0.571626 0.571626 0.571626
2970 4.150807 4.150807 4.150807 0.571626 0.571626 0.571626
2980 4.150807 4.150807 4.150807 0.571626 0.571626 0.571626
2990 4.150807 4.150807 4.150807 0.571626 0.571626 0.571626
3000 4.150807 4.150807 4.150807 0.571626 0.571626 0.571626
3010 4.150807 4.150807 4.150807 0.571626 0.571626 0.571626
3020 4.150807 4.150807 4.150807 0.571626 0.571626 0.571626
3030 4.150807 4.150807 4.150807 0.571626 0.571626 0.571626
3040 4.150807 4.150807 4.150807 0.571626 0.571626 0.571626
3050 4.150807 4.150807 4.150807 0.571626 0.571626 0.571626
3060 4.150807 4.150807 4.150807 0.571626 0.571626 0.571626
3070 4.150807 4.150807 4.150807 0.571626 0.571626 0.571626
3080 4.150807 4.150807 4.150807 0.571626 0.571626 0.571626
3090 4.150807 4.150807 4.150807 0.571626 0.571626 0.571626
3100 4.150807 4.150807 4.150807 0.571626 0.571626 0.571626
3110 4.150807 4.150807 4.150807 0.571626 0.571626 0.571626
3120 4.150807 4.150807 4.150807 0.571626 0.571626 0.571626
3130 4.150807 4.150807 4.150807 0.571626 0.571626 0.571626
3140 4.150807 4.150807 4.150807 0.571626 0.571626 0.571626
3150 4.150807 4.150807 4.150807 0.571626 0.571626 0.571626
3160 4.150807 4.150807 4.150807 0.571626 0.571626 0.571626
3170 4.150807 4.150807 4.150807 0.571626 0.571626 0.571626
3180 4.150807 4.150807 4.150807 0.571626 0.571626 0.571626
3190 4.150807 4.150807 4.150807 0.571626 0.571626 0.571626
3200 4.150807 4.150807 4.150807 0.571626 0.571626 0.571626
3210 4.150807 4.150807 4.150807 0.571626 0.571626 0.571626
3220 4.150807 4.150807 4.150807 0.571626 0.571626 0.571626
3230 4.150807 4.150807 4.150807 0.571626 0.571626 0.571626
3240 4.150807 4.150807 4.150807 0.571626 0.571626 0.571626
3250 4.150807 4.150807 4.150807 0.571626 0.571626 0.571626
3260 4.150807 4.150807 4.150807 0.571626 0.571626 0.571626
3270 4.150807 4.150807 4.150807 0.571626 0.571626 0.571626
3280 4.150807 4.150807 4.150807 0.571626 0.571626 0.571626
3290 4.150807 4.150807 4.150807 0.571626 0.571626 0.571626
3300 4.150807 4.150807 4.150807 0.571626 0.571626 0.571626
3310 4.150807 4.150807 4.150807 0.571626 0.571626 0.571626
3320 4.150807 4.150807 4.150807 0.571626 0.571626 0.571626
3330 4.150807 4.150807 4.150807 0.571626 0.571626 0.571626
3340 4.150807 4.150807 4.150807 0.571626 0.571626 0.571626
3350 4.150807 4.150807 4.150807 0.571626 0.571626 0.571626
3360 4.150807 4.150807 4.150807 0.571626 0.571626 0.571626
3370 4.150807 4.150807 4.150807 0.571626 0.571626 0.571626
3380 4.150807 4.150807 4.150807 0.571626 0.571626 0.571626
3390 4.150807 4.150807 4.150807 0.571626 0.571626 0.571626
3400 4.150807 4.150807 4.150807 0.571626 0.571626 0.571626
3410 4.150807 4.150807 4.150807 0.571626 0.571626 0.571626
3420 4.150807 4.150807 4.150807 0.571626 0.571626 0.571626
3430 4.150807 4.150807 4.150807 0.571626 0.571626 0.571626
3440 4.150807 4.150807 4.150807 0.571626 0.571626 0.571626
3450 4.150807 4.150807 4.150807 0.571626 0.571626 0.571626
3460 4.150807 4.150807 4.150807 0.571626 0.571626 0.571626
3470 4.150807 4.150807 4.150807 0.571626 0.571626 0.571626
3480 4.150807 4.150807 4.150807 0.571626 0.571626 0.571626
3490 4.150807 4.150807 4.150807 0.571626 0.571626 0.571626
3500 4.150807 4.150807 4.150807 0.571626 0.571626 0.571626
3510 4.150807 4.150807 4.150807 0.571626 0.571626 0.571626
3520 4.150807 4.150807 4.150807 0.571626 0.571626 0.571626
3530 4.150807 4.150807 4.150807 0.571626 0.571626 0.571626
3540 4.150807 4.150807 4.150807 0.571626 0.571626 0.571626
3550 4.150807 4.150807 4.150807 0.571626 0.571626 0.571626
3560 4.150807 4.150807 4.150807 0.571626 0.571626 0.571626
3570 4.150807 4.150807 4.150807 0.571626 0.571626 0.571626
3580 4.150807 4.150807 4.150807 0.571626 0.571626 0.571626
3590 4.150807 4.150807 4.150807 0.571626 0.571626 0.571626
3600 4.150807 4.150807 4.150807 0.571626 0.571626 0.571626
3610 4.150807 4.150807 4.150807 0.571626 0.571626 0.571626
3620 4.150807 4.150807 4.150807 0.571626 0.571626 0.571626
3630 4.150807 4.150807 4.150807 0.571626 0.571626 0.571626
3640 4.150807 4.150807 4.150807 0.571626 0.571626 0.571626
3650 4.150807 4.150807 4.150807 0.571626 0.571626 0.571626
3660 4.150807 4.150807 4.150807 0.571626 0.571626 0.571626
3670 4.150807 4.150807 4.150807 0.571626 0.571626 0.571626
3680 4.150807 4.150807 4.150807 0.571626 0.571626 0.571626
3690 4.150807 4.150807 4.150807 0.571626 0.571626 0.571626
3700 4.150807 4.150807 4.150807 0.571626 0.571626 0.571626
3710 4.150807 4.150807 4.150807 0.571626 0.571626 0.571626
3720 4.150807 4.150807 4.150807 0.571626 0.571626 0.571626
3730 4.150807 4.150807 4.150807 0.571626 0.571626 0.571626
3740 4.150807 4.150807 4.150807 0.571626 0.571626 0.571626
3750 4.150807 4.150807 4.150807 0.571626 0.571626 0.571626
3760 4.150807 4.150807 4.150807 0.571626 0.571626 0.571626
3770 4.150807 4.150807 4.150807 0.571626 0.571626 0.571626
3780 4.150807 4.150807 4.150807 0.571626 0.571626 0.571626
3790 4.150807 4.150807 4.150807 0.571626 0.571626 0.571626
3800 4.150807 4.150807 4.150807 0.571626 0.571626 0.571626
3810 4.150807 4.150807 4.150807 0.571626 0.571626 0.571626
3820 4.150807 4.150807 4.150807 0.571626 0.571626 0.571626
3830 4.150807 4.150807 4.150807 0.571626 0.571626 0.571626
3840 4.150807 4.150807 4.150807 0.571626 0.571626 0.571626
3850 4.150807 4.150807 4.150807 0.571626 0.571626 0.571626
3860 4.150807 4.150807 4.150807 0.571626 0.571626 0.571626
3870 4.150807 4.150807 4.150807 0.571626 0.571626 0.571626
3880 4.150807 4.150807 4.150807 0.571626 0.571626 0.571626
3890 4.150807 4.150807 4.150807 0.571626 0.571626 0.571626
3900 4.150807 4.150807 4.150807 0.571626 0.571626 0.571626
3910 4.150807 4.150807 4.150807 0.571626 0.571626 0.571626
3920 4.150807 4.150807 4.150807 0.571626 0.571626 0.571626
3930 4.150807 4.150807 4.150807 0.571626 0.571626 0.571626
3940 4.150807 4.150807 4.150807 0.571626 0.571626 0.571626
3950 4.150807 4.150807 4.150807 0.571626 0.571626 0.571626
3960 4.150807 4.150807 4.150807 0.571626 0.571626 0.571626
3970 4.150807 4.150807 4.150807 0.571626 0.571626 0.571626
3980 4.150807 4.150807 4.150807 0.571626 0.571626 0.571626
3990 4.150807 4.150807 4.150807 0.571626 0.571626 0.571626
4000 4.150807 4.150807 4.150807 0.571626 0.571626 0.571626
4010 4.150807 4.150807 4.150807 0.571626 0.571626 0.571626
4020 4.150807 4.150807 4.150807 0.571626 0.571626 0.571626
4030 4.150807 4.150807 4.150807 0.571626 0.571626 0.571626
4040 4.150807 4.150807 4.150807 0.571626 0.571626 0.571626
4050 4.150807 4.150807 4.150807 0.571626 0.571626 0.571626
4060 4.150807 4.150807 4.150807 0.571626 0.571626 0.571626
4070 4.150807 4.150807 4.150807 0.571626 0.571626 0.571626
4080 4.150807 4.150807 4.150807 0.571626 0.571626 0.571626
4090 4.150807 4.150807 4.150807 0.571626 0.571626 0.571626
4100 4.150807 4.150807 4.150807 0.571626 0.571626 0.571626
4110 4.150807 4.150807 4.150807 0.571626 0.571626 0.571626
4120 4.150807 4.150807 4.150807 0.571626 0.571626 0.571626
4130 4.150807 4.150807 4.150807 0.571626 0.571626 0.571626
4140 4.150807 4.150807 4.150807 0.571626 0.571626 0.571626
4150 4.150807 4.150807 4.150807 0.571626 0.571626 0.571626
4160 4.150807 4.150807 4.150807 0.571626 0.571626 0.571626
4170 4.150807 4.150807 4.150807 0.571626 0.571626 0.571626
4180 4.150807 4.150807 4.150807 0.571626 0.571626 0.571626
4190 4.150807 4.150807 4.150807 0.571626 0.571626 0.571626
4200 4.150807 4.150807 4.150807 0.571626 0.571626 0.571626
4210 4.150807 4.150807 4.150807 0.571626 0.571626 0.571626
4220 4.150807 4.150807 4.150807 0.571626 0.571626 0.571626
4230 4.150807 4.150807 4.150807 0.571626 0.571626 0.571626
4240 4.150807 4.150807 4.150807 0.571626 0.571626 0.571626
4250 4.150807 4.150807 4.150807 0.571626 0.571626 0.571626
4260 4.150807 4.150807 4.150807 0.571626 0.571626 0.571626
4270 4.150807 4.150807 4.150807 0.571626 0.571626 0.571626
4280 4.150807 4.150807 4.150807 0.571626 0.571626 0.571626
4290 4.150807 4.150807 4.150807 0.571626 0.571626 0.571626
4300 4.150807 4.150807 4.150807 0.571626 0.571626 0.571626
4310 4.150807 4.150807 4.150807 0.571626 0.571626 0.571626
4320 4.150807 4.150807 4.150807 0.571626 0.571626 0.571626
4330 4.150807 4.150807 4.150807 0.571626 0.571626 0.571626
4340 4.150807 4.150807 4.150807 0.571626 0.571626 0.571626
4350 4.150807 4.150807 4.150807 0.571626 0.571626 0.571626
4360 4.150807 4.150807 4.150807 0.571626 0.571626 0.571626
4370 4.150807 4.150807 4.150807 0.571626 0.571626 0.571626
4380 4.150807 4.150807 4.150807 0.571626 0.571626 0.571626
4390 4.150807 4.150807 4.150807 0.571626 0.571626 0.571626
4400 4.150807 4.150807 4.150807 0.571626 0.571626 0.571626
4410 4.150807 4.150807 4.150807 0.571626 0.571626 0.571626
4420 4.150807 4.150807 4.150807 0.571626 0.571626 0.571626
4430 4.150807 4.150807 4.150807 0.571626 0.571626 0.571626
4440 4.150807 4.150807 4.150807 0.571626 0.571626 0.571626
4450 4.150807 4.150807 4.150807 0.571626 0.571626 0.571626
4460 4.150807 4.150807 4.150807 0.571626 0.571626 0.571626
4470 4.150807 4.150807 4.150807 0.571626 0.571626 0.571626
4480 4.150807 4.150807 4.150807 0.571626 0.571626 0.571626
4490 4.150807 4.150807 4.150807 0.571626 0.571626 0.571626
4500 4.150807 4.150807 4.150807 0.571626 0.571626 0.571626
4510 4.150807 4.150807 4.150807 0.571626 0.571626 0.571626
4520 4.150807 4.150807 4.150807 0.571626 0.571626 0.571626
4530 4.150807 4.150807 4.150807 0.571626 0.571626 0.571626
4540 4.150807 4.150807 4.150807 0.571626 0.571626 0.571626
4550 4.150807 4.150807 4.150807 0.571626 0.571626 0.571626
4560 4.150807 4.150807 4.150807 0.571626 0.571626 0.571626
4570 4.150807 4.150807 4.150807 0.571626 0.571626 0.571626
4580 4.150807 4.150807 4.150807 0.571626 0.571626 0.571626
4590 4.150807 4.150807 4.150807 0.571626 0.571626 0.571626
4600 4.150807 4.150807 4.150807 0.571626 0.571626 0.571626
4610 4.150807 4.150807 4.150807 0.571626 0.571626 0.571626
4620 4.150807 4.150807 4.150807 0.571626 0.571626 0.571626
4630 4.150807 4.150807 4.150807 0.571626 0.571626 0.571626
4640 4.150807 4.150807 4.150807 0.571626 0.571626 0.571626
4650 4.150807 4.150807 4.150807 0.571626 0.571626 0.571626
4660 4.150807 4.150807 4.150807 0.571626 0.571626 0.571626
4670 4.150807 4.150807 4.150807 0.571626 0.571626 0.571626
4680 4.150807 4.150807 4.150807 0.571626 0.571626 0.571626
4690 4.150807 4.150807 4.150807 0.571626 0.571626 0.571626
4700 4.150807 4.150807 4.150807 0.571626 0.571626 0.571626
4710 4.150807 4.150807 4.150807 0.571626 0.571626 0.571626
4720 4.150807 4.150807 4.150807 0.571626 0.571626 0.571626
4730 4.150807 4.150807 4.150807 0.571626 0.571626 0.571626
4740 4.150807 4.150807 4.150807 0.571626 0.571626 0.571626
4750 4.150807 4.150807 4.150807 0.571626 0.571626 0.571626
4760 4.150807 4.150807 4.150807 0.571626 0.571626 0.571626
4770 4.150807 4.150807 4.150807 0.571626 0.571626 0.571626
4780 4.150807 4.150807 4.150807 0.571626 0.571626 0.571626
4790 4.150807 4.150807 4.150807 0.571626 0.571626 0.571626
4800 4.150807 4.150807 4.150807 0.571626 0.571626 0.571626
4810 4.150807 4.150807 4.150807 0.571626 0.571626 0.571626
4820 4.150807 4.150807 4.150807 0.571626 0.571626 0.571626
4830 4.150807 4.150807 4.150807 0.571626 0.571626 0.571626
4840 4.150807 4.150807 4.150807 0.571626 0.571626 0.571626
4850 4.150807 4.150807 4.150807 0.571626 0.571626 0.571626
4860 4.150807 4.150807 4.150807 0.571626 0.571626 0.571626
4870 4.150807 4.150807 4.150807 0.571626 0.571626 0.571626
4880 4.150807 4.150807 4.150807 0.571626 0.571626 0.571626
4890 4.150807 4.150807 4.150807 0.571626 0.571626 0.571626
4900 4.150807 4.150807 4.150807 0.571626 0.571626 0.571626
4910 4.150807 4.150807 4.150807 0.571626 0.571626 0.571626
4920 4.150807 4.150807 4.150807 0.571626 0.571626 0.571626
4930 4.150807 4.150807 4.150807 0.571626 0.571626 0.571626
4940 4.150807 4.150807 4.150807 0.571626 0.571626 0.571626
4950 4.150807 4.150807 4.150807 0.571626 0.571626 0.571626
4960 4.150807 4.150807 4.150807 0.571626 0.571626 0.571626
4970 4.150807 4.150807 4.150807 0.571626 0.571626 0.571626
4980 4.150807 4.150807 4.150807 0.571626 0.571626 0.571626
4990 4.150807 4.150807 4.150807 0.571626 0.571626 0.571626
5000 4.150807 4.150807 4.150807 0.571626 0.571626 0.571626
5010 4.150807 4.150807 4.150807 0.571626 0.571626 0.571626
5020 4.150807 4.150807 4.150807 0.571626 0.571626 0.571626
5030 4.150807 4.150807 4.150807 0.571626 0.571626 0.571626
5040 4.150807 4.150807 4.150807 0.571626 0.571626 0.571626
5050 4.150807 4.150807 4.150807 0.571626 0.571626 0.571626
5060 4.150807 4.150807 4.150807 0.571626 0.571626 0.571626
5070 4.150807 4.150807 4.150807 0.571626 0.571626 0.571626
5080 4.150807 4.150807 4.150807 0.571626 0.571626 0.571626
5090 4.150807 4.150807 4.150807 0.571626 0.571626 0.571626
5100 4.150807 4.150807 4.150807 0.571626 0.571626 0.571626
5110 4.150807 4.150807 4.150807 0.571626 0.571626 0.571626
5120 4.150807 4.150807 4.150807 0.571626 0.571626 0.571626
5130 4.150807 4.150807 4.150807 0.571626 0.571626 0.571626
5140 4.150807 4.150807 4.150807 0.571626 0.571626 0.571626
5150 4.150807 4.150807 4.150807 0.571626 0.571626 0.571626
5160 4.150807 4.150807 4.150807 0.571626 0.571626 0.571626
5170 4.150807 4.150807 4.150807 0.571626 0.571626 0.571626
5180 4.150807 4.150807 4.150807 0.571626 0.571626 0.571626
5190 4.150807 4.150807 4.150807 0.571626 0.571626 0.571626
5200 4.150807 4.150807 4.150807 0.571626 0.571626 0.571626
5210 4.150807 4.150807 4.150807 0.571626 0.571626 0.571626
5220 4.150807 4.150807 4.150807 0.571626 0.571626 0.571626
5230 4.150807 4.150807 4.150807 0.571626 0.571626 0.571626
5240 4.150807 4.150807 4.150807 0.571626 0.571626 0.571626
5250 4.150807 4.150807 4.150807 0.571626 0.571626 0.571626
5260 4.150807 4.150807 4.150807 0.571626 0.571626 0.571626
5270 4.150807 4.150807 4.150807 0.571626 0.571626 0.571626
5280 4.150807 4.150807 4.150807 0.571626 0.571626 0.571626
5290 4.150807 4.150807 4.150807 0.571626 0.571626 0.571626
5300 4.150807 4.150807 4.150807 0.571626 0.571626 0.571626
5310 4.150807 4.150807 4.150807 0.571626 0.571626 0.571626
5320 4.150807 4.150807 4.150807 0.571626 0.571626 0.571626
5330 4.150807 4.150807 4.150807 0.571626 0.571626 0.571626
5340 4.150807 4.150807 4.150807 0.571626 0.571626 0.571626
5350 4.150807 4.150807 4.150807 0.571626 0.571626 0.571626
5360 4.150807 4.150807 4.150807 0.571626 0.571626 0.571626
5370 4.150807 4.150807 4.150807 0.571626 0.571626 0.571626
5380 4.150807 4.150807 4.150807 0.571626 0.571626 0.571626
5390 4.150807 4.150807 4.150807 0.571626 0.571626 0.571626
5400 4.150807 4.150807 4.150807 0.571626 0.571626 0.571626
5410 4.150807 4.150807 4.150807 0.571626 0.571626 0.571626
5420 4.150807 4.150807 4.150807 0.571626 0.571626 0.571626
5430 4.150807 4.150807 4.150807 0.571626 0.571626 0.571626
5440 4.150807 4.150807 4.150807 0.571626 0.571626 0.571626
5450 4.150807 4.150807 4.150807 0.571626 0.571626 0.571626
5460 4.150807 4.150807 4.150807 0.571626 0.571626 0.571626
5470 4.150807 4.150807 4.150807 0.571626 0.571626 0.571626
5480 4.150807 4.150807 4.150807 0.571626 0.571626 0.571626
5490 4.150807 4.150807 4.150807 0.571626 0.571626 0.571626
5500 4.150807 4.150807 4.150807 0.571626 0.571626 0.571626
5510 4.150807 4.150807 4.150807 0.571626 0.571626 0.571626
5520 4.150807 4.150807 4.150807 0.571626 0.571626 0.571626
5530 4.150807 4.150807 4.150807 0.571626 0.571626 0.571626
5540 4.150807 4.150807 4.150807 0.571626 0.571626 0.571626
5550 4.150807 4.150807 4.150807 0.571626 0.571626 0.571626
5560 4.150807 4.150807 4.150807 0.571626 0.571626 0.571626
5570 4.150807 4.150807 4.150807 0.571626 0.571626 0.571626
5580 4.150807 4.150807 4.150807 0.571626 0.571626 0.571626
5590 4.150807 4.150807 4.150807 0.571626 0.571626 0.571626
5600 4.150807 4.150807 4.150807 0.571626 0.571626 0.571626
5610 4.150807 4.150807 4.150807 0.571626 0.571626 0.571626
5620 4.150807 4.150807 4.150807 0.571626 0.571626 0.571626
5630 4.150807 4.150807 4.150807 0.571626 0.571626 0.571626
5640 4.150807 4.150807 4.150807 0.571626 0.571626 0.571626
5650 4.150807 4.150807 4.150807 0.571626 0.571626 0.571626
5660 4.150807 4.150807 4.150807 0.571626 0.571626 0.571626
5670 4.150807 4.150807 4.150807 0.571626 0.571626 0.571626
5680 4.150807 4.150807 4.150807 0.571626 0.571626 0.571626
5690 4.150807 4.150807 4.150807 0.571626 0.571626 0.571626
5700 4.150807 4.150807 4.150807 0.571626 0.571626 0.571626
5710 4.150807 4.150807 4.150807 0.571626 0.571626 0.571626
5720 4.150807 4.150807 4.150807 0.571626 0.571626 0.571626
5730 4.150807 4.150807 4.150807 0.571626 0.571626 0.571626
5740 4.150807 4.150807 4.150807 0.571626 0.571626 0.571626
5750 4.150807 4.150807 4.150807 0.571626 0.571626 0.571626
5760 4.150807 4.150807 4.150807 0.571626 0.571626 0.571626
5770 4.150807 4.150807 4.150807 0.571626 0.571626 0.571626
5780 4.150807 4.150807 4.150807 0.571626 0.571626 0.571626
5790 4.150807 4.150807 4.150807 0.571626 0.571626 0.571626
5800 4.150807 4.150807 4.150807 0.571626 0.571626 0.571626
5810 4.150807 4.150807 4.150807 0.571626 0.571626 0.571626
5820 4.150807 4.150807 4.150807 0.571626 0.571626 0.571626
5830 4.150807 4.150807 4.150807 0.571626 0.571626 0.571626
5840 4.150807 4.150807 4.150807 0.571626 0.571626 0.571626
5850 4.150807 4.150807 4.150807 0.571626 0.571626 0.571626
5860 4.150807 4.150807 4.150807 0.571626 0.571626 0.571626
5870 4.150807 4.150807 4.150807 0.571626 0.571626 0.571626
5880 4.150807 4.150807 4.150807 0.571626 0.571626 0.571626
5890 4.150807 4.150807 4.150807 0.571626 0.571626 0.571626
5900 4.150807 4.150807 4.150807 0.571626 0.571626 0.571626
5910 4.150807 4.150807 4.150807 0.571626 0.571626 0.571626
5920 4.150807 4.150807 4.150807 0.571626 0.571626 0.571626
5930 4.150807 4.150807 4.150807 0.571626 0.571626 0.571626
5940 4.150807 4.150807 4.150807 0.571626 0.571626 0.571626
5950 4.150807 4.150807 4.150807 0.571626 0.571626 0.571626
5960 4.150807 4.150807 4.150807 0.571626 0.571626 0.571626
5970 4.150807 4.150807 4.150807 0.571626 0.571626 0.571626
5980 4.150807 4.150807 4.150807 0.571626 0.571626 0.571626
5990 4.150807 4.150807 4.150807 0.571626 0.571626 0.571626
6000 4.150807 4.150807 4.150807 0.571626 0.571626 0.571626
6010 4.150807 4.150807 4.150807 0.571626 0.571626 0.571626
6020 4.150807 4.150807 4.150807 0.571626 0.571626 0.571626
6030 4.150807 4.150807 4.150807 0.571626 0.571626 0.571626
6040 4.150807 4.150807 4.150807 0.571626 0.571626 0.571626
6050 4.150807 4.150807 4.150807 0.571626 0.571626 0.571626
6060 4.150807 4.150807 4.150807 0.571626 0.571626 0.571626
6070 4.150807 4.150807 4.150807 0.571626 0.571626 0.571626
6080 4.150807 4.150807 4.150807 0.571626 0.571626 0.571626
6090 4.150807 4.150807 4.150807 0.571626 0.571626 0.571626
6100 4.150807 4.150807 4.150807 0.571626 0.571626 0.571626
6110 4.150807 4.150807 4.150807 0.571626 0.571626 0.571626
6120 4.150807 4.150807 4.150807 0.571626 0.571626 0.571626
6130 4.150807 4.150807 4.150807 0.571626 0.571626 0.571626
6140 4.150807 4.150807 4.150807 0.571626 0.571626 0.571626
6150 4.150807 4.150807 4.150807 0.571626 0.571626 0.571626
6160 4.150807 4.150807 4.150807 0.571626 0.571626 0.571626
6170 4.150807 4.150807 4.150807 0.571626 0.571626 0.571626
6180 4.150807 4.150807 4.150807 0.571626 0.571626 0.571626
6190 4.150807 4.150807 4.150807 0.571626 0.571626 0.571626
6200 4.150807 4.150807 4.150807 0.571626 0.571626 0.571626
6210 4.150807 4.150807 4.150807 0.571626 0.571626 0.571626
6220 4.150807 4.150807 4.150807 0.571626 0.571626 0.571626
6230 4.150807 4.150807 4.150807 0.571626 0.571626 0.571626
6240 4.150807 4.150807 4.150807 0.571626 0.571626 0.571626
6250 4.150807 4.150807 4.150807 0.571626 0.571626 0.571626
6260 4.150807 4.150807 4.150807 0.571626 0.571626 0.571626
6270 4.150807 4.150807 4.150807 0.571626 0.571626 0.571626
6280 4.150807 4.150807 4.150807 0.571626 0.571626 0.571626
6290 4.150807 4.150807 4.150807 0.571626 0.571626 0.571626
6300 4.150807 4.150807 4.150807 0.571626 0.571626 0.571626
6310 4.150807 4.150807 4.150807 0.571626 0.571626 0.571626
6320 4.150807 4.150807 4.150807 0.571626 0.571626 0.571626
6330 4.150807 4.150807 4.150807 0.571626 0.571626 0.571626
6340 4.150807 4.150807 4.150807 0.571626 0.571626 0.571626
6350 4.150807 4.150807 4.150807 0.571626 0.571626 0.571626
6360 4.150807 4.150807 4.150807 0.571626 0.571626 0.571626
6370 4.150807 4.150807 4.150807 0.571626 0.571626 0.571626
6380 4.150807 4.150807 4.150807 0.571626 0.571626 0.571626
6390 4.150807 4.150807 4.150807 0.571626 0.571626 0.571626
6400 4.150807 4.150807 4.150807 0.571626 0.571626 0.571626
6410 4.150807 4.150807 4.150807 0.571626 0.571626 0.571626
6420 4.150807 4.150807 4.150807 0.571626 0.571626 0.571626
6430 4.150807 4.150807 4.150807 0.571626 0.571626 0.571626
6440 4.150807 4.150807 4.150807 0.571626 0.571626 0.571626
6450 4.150807 4.150807 4.150807 0.571626 0.571626 0.571626
6460 4.150807 4.150807 4.150807 0.571626 0.571626 0.571626
6470 4.150807 4.150807 4.150807 0.571626 0.571626 0.571626
6480 4.150807 4.150807 4.150807 0.571626 0.571626 0.571626
6490 4.150807 4.150807 4.150807 0.571626 0.571626 0.571626
6500 4.150807 4.150807 4.150807 0.571626 0.571626 0.571626
6510 4.150807 4.150807 4.150807 0.571626 0.571626 0.571626
6520 4.150807 4.150807 4.150807 0.571626 0.571626 0.571626
6530 4.150807 4.150807 4.150807 0.571626 0.571626 0.571626
6540 4.150807 4.150807 4.150807 0.571626 0.571626 0.571626
6550 4.150807 4.150807 4.150807 0.571626 0.571626 0.571626
6560 4.150807 4.150807 4.150807 0.571626 0.571626 0.571626
6570 4.150807 4.150807 4.150807 0.571626 0.571626 0.571626
6580 4.150807 4.150807 4.150807 0.571626 0.571626 0.571626
6590 4.150807 4.150807 4.150807 0.571626 0.571626 0.571626
6600 4.150807 4.150807 4.150807 0.571626 0.571626 0.571626
6610 4.150807 4.150807 4.150807 0.571626 0.571626 0.571626
6620 4.150807 4.150807 4.150807 0.571626 0.571626 0.571626
6630 4.150807 4.150807 4.150807 0.571626 0.571626 0.571626
6640 4.150807 4.150807 4.150807 0.571626 0.571626 0.571626
6650 4.150807 4.150807 4.150807 0.571626 0.571626 0.571626
6660 4.150807 4.150807 4.150807 0.571626 0.571626 0.571626
6670 4.150807 4.150807 4.150807 0.571626 0.571626 0.571626
6680 4.150807 4.150807 4.150807 0.571626 0.571626 0.571626
6690 4.150807 4.150807 4.150807 0.571626 0.571626 0.571626
6700 4.150807 4.150807 4.150807 0.571626 0.571626 0.571626
6710 4.150807 4.150807 4.150807 0.571626 0.571626 0.571626
6720 4.150807 4.150807 4.150807 0.571626 0.571626 0.571626
6730 4.150807 4.150807 4.150807 0.571626 0.571626 0.571626
6740 4.150807 4.150807 4.150807 0.571626 0.571626 0.571626
6750 4.150807 4.150807 4.150807 0.571626 0.571626 0.571626
6760 4.150807 4.150807 4.150807 0.571626 0.571626 0.571626
6770 4.150807 4.150807 4.150807 0.571626 0.571626 0.571626
6780 4.150807 4.150807 4.150807 0.571626 0.571626 0.571626
6790 4.150807 4.150807 4.150807 0.571626 0.571626 0.571626
6800 4.150807 4.150807 4.150807 0.571626 0.571626 0.571626
6810 4.150807 4.150807 4.150807 0.571626 0.571626 0.571626
6820 4.150807 4.150807 4.150807 0.571626 0.571626 0.571626
6830 4.150807 4.150807 4.150807 0.571626 0.571626 0.571626
6840 4.150807 4.150807 4.150807 0.571626 0.571626 0.571626
6850 4.150807 4.150807 4.150807 0.571626 0.571626 0.571626
6860 4.150807 4.150807 4.150807 0.571626 0.571626 0.571626
6870 4.150807 4.150807 4.150807 0.571626 0.571626 0.571626
6880 4.150807 4.150807 4.150807 0.571626 0.571626 0.571626
6890 4.150807 4.150807 4.150807 0.571626 0.571626 0.571626
6900 4.150807 4.150807 4.150807 0.571626 0.571626 0.571626
6910 4.150807 4.150807 4.150807 0.571626 0.571626 0.571626
6920 4.150807 4.150807 4.150807 0.571626 0.571626 0.571626
6930 4.150807 4.150807 4.150807 0.571626 0.571626 0.571626
6940 4.150807 4.150807 4.150807 0.571626 0.571626 0.571626
6950 4.150807 4.150807 4.150807 0.571626 0.571626 0.571626
6960 4.150807 4.150807 4.150807 0.571626 0.571626 0.571626
6970 4.150807 4.150807 4.150807 0.571626 0.571626 0.571626
6980 4.150807 4.150807 4.150807 0.571626 0.571626 0.571626
6990 4.150807 4.150807 4.150807 0.571626 0.571626 0.571626
7000 4.150807 4.150807 4.150807 0.571626 0.571626 0.571626
7010 4.150807 4.150807 4.150807 0.571626 0.571626 0.571626
7020 4.150807 4.150807 4.150807 0.571626 0.571626 0.571626
7030 4.150807 4.150807 4.150807 0.571626 0.571626 0.571626
7040 4.150807 4.150807 4.150807 0.571626 0.571626 0.571626
7050 4.150807 4.150807 4.150807 0.571626 0.571626 0.571626
7060 4.150807 4.150807 4.150807 0.571626 0.571626 0.571626
7070 4.150807 4.150807 4.150807 0.571626 0.571626 0.571626
7080 4.150807 4.150807 4.150807 0.571626 0.571626 0.571626
7090 4.150807 4.150807 4.150807 0.571626 0.571626 0.571626
7100 4.150807 4.150807 4.150807 0.571626 0.571626 0.571626
7110 4.150807 4.150807 4.150807 0.571626 0.571626 0.571626
7120 4.150807 4.150807 4.150807 0.571626 0.571626 0.571626
7130 4.150807 4.150807 4.150807 0.571626 0.571626 0.571626
7140 4.150807 4.150807 4.150807 0.571626 0.571626 0.571626
7150 4.150807 4.150807 4.150807 0.571626 0.571626 0.571626
7160 4.150807 4.150807 4.150807 0.571626 0.571626 0.571626
7170 4.150807 4.150807 4.150807 0.571626 0.571626 0.571626
7180 4.150807 4.150807 4.150807 0.571626 0.571626 0.571626
7190 4.150807 4.150807 4.150807 0.571626 0.571626 0.571626
7200 4.150807 4.150807 4.150807 0.571626 0.571626 0.571626
7210 4.150807 4.150807 4.150807 0.571626 0.571626 0.571626
7220 4.150807 4.150807 4.150807 0.571626 0.571626 0.571626
7230 4.150807 4.150807 4.150807 0.571626 0.571626 0.571626
7240 4.150807 4.150807 4.150807 0.571626 0.571626 0.571626
7250 4.150807 4.150807 4.150807 0.571626 0.571626 0.571626
7260 4.150807 4.150807 4.150807 0.571626 0.571626 0.571626
7270 4.150807 4.150807 4.150807 0.571626 0.571626 0.571626
7280 4.150807 4.150807 4.150807 0.571626 0.571626 0.571626
7290 4.150807 4.150807 4.150807 0.571626 0.571626 0.571626
7300 4.150807 4.150807 4.150807 0.571626 0.571626 0.571626
7310 4.150807 4.150807 4.150807 0.571626 0.571626 0.571626
7320 4.150807 4.150807 4.150807 0.571626 0.571626 0.571626
7330 4.150807 4.150807 4.150807 0.571626 0.571626 0.571626
7340 4.150807 4.150807 4.150807 0.571626 0.571626 0.571626
7350 4.150807 4.150807 4.150807 0.571626 0.571626 0.571626
7360 4.150807 4.150807 4.150807 0.571626 0.571626 0.571626
7370 4.150807 4.150807 4.150807 0.571626 0.571626 0.571626
7380 4.150807 4.150807 4.150807 0.571626 0.571626 0.571626
7390 4.150807 4.150807 4.150807 0.571626 0.571626 0.571626
7400 4.150807 4.150807 4.150807 0.571626 0.571626 0.571626
7410 4.150807 4.150807 4.150807 0.571626 0.571626 0.571626
7420 4.150807 4.150807 4.150807 0.571626 0.571626 0.571626
7430 4.150807 4.150807 4.150807 0.571626 0.571626 0.571626
7440 4.150807 4.150807 4.150807 0.571626 0.571626 0.571626
7450 4.150807 4.150807 4.150807 0.571626 0.571626 0.571626
7460 4.150807 4.150807 4.150807 0.571626 0.571626 0.571626
7470 4.150807 4.150807 4.150807 0.571626 0.571626 0.571626
7480 4.150807 4.150807 4.150807 0.571626 0.571626 0.571626
7490 4.150807 4.150807 4.150807 0.571626 0.571626 0.571626
7500 4.150807 4.150807 4.150807 0.571626 0.571626 0.571626
7510 4.150807 4.150807 4.150807 0.571626 0.571626 0.571626
7520 4.150807 4.150807 4.150807 0.571626 0.571626 0.571626
7530 4.150807 4.150807 4.150807 0.571626 0.571626 0.571626
7540 4.150807 4.150807 4.150807 0.571626 0.571626 0.571626
7550 4.150807 4.150807 4.150807 0.571626 0.571626 0.571626
7560 4.150807 4.150807 4.150807 0.571626 0.571626 0.571626
7570 4.150807 4.150807 4.150807 0.571626 0.571626 0.571626
7580 4.150807 4.150807 4.150807 0.571626 0.571626 0.571626
7590 4.150807 4.150807 4.150807 0.571626 0.571626 0.571626
7600 4.150807 4.150807 4.150807 0.571626 0.571626 0.571626
7610 4.150807 4.150807 4.150807 0.571626 0.571626 0.571626
7620 4.150807 4.150807 4.150807 0.571626 0.571626 0.571626
7630 4.150807 4.150807 4.150807 0.571626 0.571626 0.571626
7640 4.150807 4.150807 4.150807 0.571626 0.571626 0.571626
7650 4.150807 4.150807 4.150807 0.571626 0.571626 0.571626
7660 4.150807 4.150807 4.150807 0.571626 0.571626 0.571626
7670 4.150807 4.150807 4.150807 0.571626 0.571626 0.571626
7680 4.150807 4.150807 4.150807 0.571626 0.571626 0.571626
7690 4.150807 4.150807 4.150807 0.571626 0.571626 0.571626
7700 4.150807 4.150807 4.150807 0.571626 0.571626 0.571626
7710 4.150807 4.150807 4.150807 0.571626 0.571626 0.571626
7720 4.150807 4.150807 4.150807 0.571626 0.571626 0.571626
7730 4.150807 4.150807 4.150807 0.571626 0.571626 0.571626
7740 4.150807 4.150807 4.150807 0.571626 0.571626 0.571626
7750 4.150807 4.150807 4.150807 0.571626 0.571626 0.571626
7760 4.150807 4.150807 4.150807 0.571626 0.571626 0.571626
7770 4.150807 4.150807 4.150807 0.571626 0.571626 0.571626
7780 4.150807 4.150807 4.150807 0.571626 0.571626 0.571626
7790 4.150807 4.150807 4.150807 0.571626 0.571626 0.571626
7800 4.150807 4.150807 4.150807 0.571626 0.571626 0.571626
7810 4.150807 4.150807 4.150807 0.571626 0.571626 0.571626
7820 4.150807 4.150807 4.150807 0.571626 0.571626 0.571626
7830 4.150807 4.150807 4.150807 0.571626 0.571626 0.571626
7840 4.150807 4.150807 4.150807 0.571626 0.571626 0.571626
7850 4.150807 4.150807 4.150807 0.571626 0.571626 0.571626
7860 4.150807 4.150807 4.150807 0.571626 0.571626 0.571626
7870 4.150807 4.150807 4.150807 0.571626 0.571626 0.571626
7880 4.150807 4.150807 4.150807 0.571626 0.571626 0.571626
7890 4.150807 4.150807 4.150807 0.571626 0.571626 0.571626
7900 4.150807 4.150807 4.150807 0.571626 0.571626 0.571626
7910 4.150807 4.150807 4.150807 0.571626 0.571626 0.571626
7920 4.150807 4.150807 4.150807 0.571626 0.571626 0.571626
7930 4.150807 4.150807 4.150807 0.571626 0.571626 0.571626
7940 4.150807 4.150807 4.150807 0.571626 0.571626 0.571626
7950 4.150807 4.150807 4.150807 0.571626 0.571626 0.571626
7960 4.150807 4.150807 4.150807 0.571626 0.571626 0.571626
7970 4.150807 4.150807 4.150807 0.571626 0.571626 0.571626
7980 4.150807 4.150807 4.150807 0.571626 0.571626 0.571626
7990 4.150807 4.150807 4.150807 0.571626 0.571626 0.571626
8000 4.150807 4.150807 4.150807 0.571626 0.571626 0.571626
8010 4.150807 4.150807 4.150807 0.571626 0.571626 0.571626
8020 4.150807 4.150807 4.150807 0.571626 0.571626 0.571626
8030 4.150807 4.150807 4.150807 0.571626 0.571626 0.571626
8040 4.150807 4.150807 4.150807 0.571626 0.571626 0.571626
8050 4.150807 4.150807 4.150807 0.571626 0.571626 0.571626
8060 4.150807 4.150807 4.150807 0.571626 0.571626 0.571626
8070 4.150807 4.150807 4.150807 0.571626 0.571626 0.571626
8080 4.150807 4.150807 4.150807 0.571626 0.571626 0.571626
8090 4.150807 4.150807 4.150807 0.571626 0.571626 0.571626
8100 4.150807 4.150807 4.150807 0.571626 0.571626 0.571626
8110 4.150807 4.150807 4.150807 0.571626 0.571626 0.571626
8120 4.150807 4.150807 4.150807 0.571626 0.571626 0.571626
8130 4.150807 4.150807 4.150807 0.571626 0.571626 0.571626
8140 4.150807 4.150807 4.150807 0.571626 0.571626 0.571626
8150 4.150807 4.150807 4.150807 0.571626 0.571626 0.571626
8160 4.150807 4.150807 4.150807 0.571626 0.571626 0.571626
8170 4.150807 4.150807 4.150807 0.571626 0.571626 0.571626
8180 4.150807 4.150807 4.150807 0.571626 0.571626 0.571626
8190 4.150807 4.150807 4.150807 0.571626 0.571626 0.571626
8200 4.150807 4.150807 4.150807 0.571626 0.571626 0.571626
8210 4.150807 4.150807 4.150807 0.571626 0.571626 0.571626
8220 4.150807 4.150807 4.150807 0.571626 0.571626 0.571626
8230 4.150807 4.150807 4.150807 0.571626 0.571626 0.571626
8240 4.150807 4.150807 4.150807 0.571626 0.571626 0.571626
8250 4.150807 4.150807 4.150807 0.571626 0.571626 0.571626
8260 4.150807 4.150807 4.150807 0.571626 0.571626 0.571626
8270 4.150807 4.150807 4.150807 0.571626 0.571626 0.571626
8280 4.150807 4.150807 4.150807 0.571626 0.571626 0.571626
8290 4.150807 4.150807 4.150807 0.571626 0.571626 0.571626
8300 4.150807 4.150807 4.150807 0.571626 0.571626 0.571626
8310 4.150807 4.150807 4.150807 0.571626 0.571626 0.571626
8320 4.150807 4.150807 4.150807 0.571626 0.571626 0.571626
8330 4.150807 4.150807 4.150807 0.571626 0.571626 0.571626
8340 4.150807 4.150807 4.150807 0.571626 0.571626 0.571626
8350 4.150807 4.150807 4.150807 0.571626 0.571626 0.571626
8360 4.150807 4.150807 4.150807 0.571626 0.571626 0.571626
8370 4.150807 4.150807 4.150807 0.571626 0.571626 0.571626
8380 4.150807 4.150807 4.150807 0.571626 0.571626 0.571626
8390 4.150807 4.150807 4.150807 0.571626 0.571626 0.571626
8400 4.150807 4.150807 4.150807 0.571626 0.571626 0.571626
8410 4.150807 4.150807 4.150807 0.571626 0.571626 0.571626
8420 4.150807 4.150807 4.150807 0.571626 0.571626 0.571626
8430 4.150807 4.150807 4.150807 0.571626 0.571626 0.571626
8440 4.150807 4.150807 4.150807 0.571626 0.571626 0.571626
8450 4.150807 4.150807 4.150807 0.571626 0.571626 0.571626
8460 4.150807 4.150807 4.150807 0.571626 0.571626 0.571626
8470 4.150807 4.150807 4.150807 0.571626 0.571626 0.571626
8480 4.150807 4.150807 4.150807 0.571626 0.571626 0.571626
8490 4.150807 4.150807 4.150807 0.571626 0.571626 0.571626
8500 4.150807 4.150807 4.150807 0.571626 0.571626 0.571626
8510 4.150807 4.150807 4.150807 0.571626 0.571626 0.571626
8520 4.150807 4.150807 4.150807 0.571626 0.571626 0.571626
8530 4.150807 4.150807 4.150807 0.571626 0.571626 0.571626
8540 4.150807 4.150807 4.150807 0.571626 0.571626 0.571626
8550 4.150807 4.150807 4.150807 0.571626 0.571626 0.571626
8560 4.150807 4.150807 4.150807 0.571626 0.571626 0.571626
8570 4.150807 4.150807 4.150807 0.571626 0.571626 0.571626
8580 4.150807 4.150807 4.150807 0.571626 0.571626 0.571626
8590 4.150807 4.150807 4.150807 0.571626 0.571626 0.571626
8600 4.150807 4.150807 4.150807 0.571626 0.571626 0.571626
8610 4.150807 4.150807 4.150807 0.571626 0.571626 0.571626
8620 4.150807 4.150807 4.150807 0.571626 0.571626 0.571626
8630 4.150807 4.150807 4.150807 0.571626 0.571626 0.571626
8640 4.150807 4.150807 4.150807 0.571626 0.571626 0.571626
8650 4.150807 4.150807 4.150807 0.571626 0.571626 0.571626
8660 4.150807 4.150807 4.150807 0.571626 0.571626 0.571626
8670 4.150807 4.150807 4.150807 0.571626 0.571626 0.571626
8680 4.150807 4.150807 4.150807 0.571626 0.571626 0.571626
8690 4.150807 4.150807 4.150807 0.571626 0.571626 0.571626
8700 4.150807 4.150807 4.150807 0.571626 0.571626 0.571626
8710 4.150807 4.150807 4.150807 0.571626 0.571626 0.571626
8720 4.150807 4.150807 4.150807 0.571626 0.571626 0.571626
8730 4.150807 4.150807 4.150807 0.571626 0.571626 0.571626
8740 4.150807 4.150807 4.150807 0.571626 0.571626 0.571626
8750 4.150807 4.150807 4.150807 0.571626 0.571626 0.571626
8760 4.150807 4.150807 4.150807 0.571626 0.571626 0.571626
8770 4.150807 4.150807 4.150807 0.571626 0.571626 0.571626
8780 4.150807 4.150807 4.150807 0.571626 0.571626 0.571626
8790 4.150807 4.150807 4.150807 0.571626 0.571626 0.571626
8800 4.150807 4.150807 4.150807 0.571626 0.571626 0.571626
8810 4.150807 4.150807 4.150807 0.571626 0.571626 0.571626
8820 4.150807 4.150807 4.150807 0.571626 0.571626 0.571626
8830 4.150807 4.150807 4.150807 0.571626 0.571626 0.571626
8840 4.150807 4.150807 4.150807 0.571626 0.571626 0.571626
8850 4.150807 4.150807 4.150807 0.571626 0.571626 0.571626
8860 4.150807 4.150807 4.150807 0.571626 0.571626 0.571626
8870 4.150807 4.150807 4.150807 0.571626 0.571626 0.571626
8880 4.150807 4.150807 4.150807 0.571626 0.571626 0.571626
8890 4.150807 4.150807 4.150807 0.571626 0.571626 0.571626
8900 4.150807 4.150807 4.150807 0.571626 0.571626 0.571626
8910 4.150807 4.150807 4.150807 0.571626 0.571626 0.571626
8920 4.150807 4.150807 4.150807 0.571626 0.571626 0.571626
8930 4.150807 4.150807 4.150807 0.571626 0.571626 0.571626
8940 4.150807 4.150807 4.150807 0.571626 0.571626 0.571626
8950 4.150807 4.150807 4.150807 0.571626 0.571626 0.571626
8960 4.150807 4.150807 4.150807 0.571626 0.571626 0.571626
8970 4.150807 4.150807 4.150807 0.571626 0.571626 0.571626
8980 4.150807 4.150807 4.150807 0.571626 0.571626 0.571626
8990 4.150807 4.150807 4.150807 0.571626 0.571626 0.571626
9000 4.150807 4.150807 4.150807 0.571626 0.571626 0.571626
9010 4.150807 4.150807 4.150807 0.571626 0.571626 0.571626
9020 4.150807 4.150807 4.150807 0.571626 0.571626 0.571626
9030 4.150807 4.150807 4.150807 0.571626 0.571626 0.571626
9040 4.150807 4.150807 4.150807 0.571626 0.571626 0.571626
9050 4.150807 4.150807 4.150807 0.571626 0.571626 0.571626
9060 4.150807 4.150807 4.150807 0.571626 0.571626 0.571626
9070 4.150807 4.150807 4.150807 0.571626 0.571626 0.571626
9080 4.150807 4.150807 4.150807 0.571626 0.571626 0.571626
9090 4.150807 4.150807 4.150807 0.571626 0.571626 0.571626
9100 4.150807 4.150807 4.150807 0.571626 0.571626 0.571626
9110 4.150807 4.150807 4.150807 0.571626 0.571626 0.571626
9120 4.150807 4.150807 4.150807 0.571626 0.571626 0.571626
9130 4.150807 4.150807 4.150807 0.571626 0.571626 0.571626
9140 4.150807 4.150807 4.150807 0.571626 0.571626 0.571626
9150 4.150807 4.150807 4.150807 0.571626 0.571626 0.571626
9160 4.150807 4.150807 4.150807 0.571626 0.571626 0.571626
9170 4.150807 4.150807 4.150807 0.571626 0.571626 0.571626
9180 4.150807 4.150807 4.150807 0.571626 0.571626 0.571626
9190 4.150807 4.150807 4.150807 0.571626 0.571626 0.571626
9200 4.150807 4.150807 4.150807 0.571626 0.571626 0.571626
9210 4.150807 4.150807 4.150807 0.571626 0.571626 0.571626
9220 4.150807 4.150807 4.150807 0.571626 0.571626 0.571626
9230 4.150807 4.150807 4.150807 0.571626 0.571626 0.571626
9240 4.150807 4.150807 4.150807 0.571626 0.571626 0.571626
9250 4.150807 4.150807 4.150807 0.571626 0.571626 0.571626
9260 4.150807 4.150807 4.150807 0.571626 0.571626 0.571626
9270 4.150807 4.150807 4.150807 0.571626 0.571626 0.571626
9280 4.150807 4.150807 4.150807 0.571626 0.571626 0.571626
9290 4.150807 4.150807 4.150807 0.571626 0.571626 0.571626
9300 4.150807 4.150807 4.150807 0.571626 0.571626 0.571626
9310 4.150807 4.150807 4.150807 0.571626 0.571626 0.571626
9320 4.150807 4.150807 4.150807 0.571626 0.571626 0.571626
9330 4.150807 4.150807 4.150807 0.571626 0.571626 0.571626
9340 4.150807 4.150807 4.150807 0.571626 0.571626 0.571626
9350 4.150807 4.150807 4.150807 0.571626 0.571626 0.571626
9360 4.150807 4.150807 4.150807 0.571626 0.571626 0.571626
9370 4.150807 4.150807 4.150807 0.571626 0.571626 0.571626
9380 4.150807 4.150807 4.150807 0.571626 0.571626 0.571626
9390 4.150807 4.150807 4.150807 0.571626 0.571626 0.571626
9400 4.150807 4.150807 4.150807 0.571626 0.571626 0.571626
9410 4.150807 4.150807 4.150807 0.571626 0.571626 0.571626
9420 4.150807 4.150807 4.150807 0.571626 0.571626 0.571626
9430 4.150807 4.150807 4.150807 0.571626 0.571626 0.571626
9440 4.150807 4.150807 4.150807 0.571626 0.571626 0.571626
9450 4.150807 4.150807 4.150807 0.571626 0.571626 0.571626
9460 4.150807 4.150807 4.150807 0.571626 0.571626 0.571626
9470 4.150807 4.150807 4.150807 0.571626 0.571626 0.571626
9480 4.150807 4.150807 4.150807 0.571626 0.571626 0.571626
9490 4.150807 4.150807 4.150807 0.571626 0.571626 0.571626
9500 4.150807 4.150807 4.150807 0.571626 0.571626 0.571626
9510 4.150807 4.150807 4.150807 0.571626 0.571626 0.571626
9520 4.150807 4.150807 4.150807 0.571626 0.571626 0.571626
9530 4.150807 4.150807 4.150807 0.571626 0.571626 0.571626
9540 4.150807 4.150807 4.150807 0.571626 0.571626 0.571626
9550 4.150807 4.150807 4.150807 0.571626 0.571626 0.571626
9560 4.150807 4.150807 4.150807 0.571626 0.571626 0.571626
9570 4.150807 4.150807 4.150807 0.571626 0.571626 0.571626
9580 4.150807 4.150807 4.150807 0.571626 0.571626 0.571626
9590 4.150807 4.150807 4.150807 0.571626 0.571626 0.571626
9600 4.150807 4.150807 4.150807 0.571626 0.571626 0.571626
9610 4.150807 4.150807 4.150807 0.571626 0.571626 0.571626
9620 4.150807 4.150807 4.150807 0.571626 0.571626 0.571626
9630 4.150807 4.150807 4.150807 0.571626 0.571626 0.571626
9640 4.150807 4.150807 4.150807 0.571626 0.571626 0.571626
9650 4.150807 4.150807 4.150807 0.571626 0.571626 0.571626
9660 4.150807 4.150807 4.150807 0.571626 0.571626 0.571626
9670 4.150807 4.150807 4.150807 0.571626 0.571626 0.571626
9680 4.150807 4.150807 4.150807 0.571626 0.571626 0.571626
9690 4.150807 4.150807 4.150807 0.571626 0.571626 0.571626
9700 4.150807 4.150807 4.150807 0.571626 0.571626 0.571626
9710 4.150807 4.150807 4.150807 0.571626 0.571626 0.571626
9720 4.150807 4.150807 4.150807 0.571626 0.571626 0.571626
9730 4.150807 4.150807 4.150807 0.571626 0.571626 0.571626
9740 4.150807 4.150807 4.150807 0.571626 0.571626 0.571626
9750 4.150807 4.150807 4.150807 0.571626 0.571626 0.571626
9760 4.150807 4.150807 4.150807 0.571626 0.571626 0.571626
9770 4.150807 4.150807 4.150807 0.571626 0.571626 0.571626
9780 4.150807 4.150807 4.150807 0.571626 0.571626 0.571626
9790 4.150807 4.150807 4.150807 0.571626 0.571626 0.571626
9800 4.150807 4.150807 4.150807 0.571626 0.571626 0.571626
9810 4.150807 4.150807 4.150807 0.571626 0.571626 0.571626
9820 4.150807 4.150807 4.150807 0.571626 0.571626 0.571626
9830 4.150807 4.150807 4.150807 0.571626 0.571626 0.571626
9840 4.150807 4.150807 4.150807 0.571626 0.571626 0.571626
9850 4.150807 4.150807 4.150807 0.571626 0.571626 0.571626
9860 4.150807 4.150807 4.150807 0.571626 0.571626 0.571626
9870 4.150807 4.150807 4.150807 0.571626 0.571626 0.571626
9880 4.150807 4.150807 4.150807 0.571626 0.571626 0.571626
9890 4.150807 4.150807 4.150807 0.571626 0.571626 0.571626
9900 4.150807 4.150807 4.150807 0.571626 0.571626 0.571626
9910 4.150807 4.150807 4.150807 0.571626 0.571626 0.571626
9920 4.150807 4.150807 4.150807 0.571626 0.571626 0.571626
9930 4.150807 4.150807 4.150807 0.571626 0.571626 0.571626
9940 4.150807 4.150807 4.150807 0.571626 0.571626 0.571626
9950 4.150807 4.150807 4.150807 0.571626 0.571626 0.571626
9960 4.150807 4.150807 4.150807 0.571626 0.571626 0.571626
9970 4.150807 4.150807 4.150807 0.571626 0.571626 0.571626
9980 4.150807 4.150807 4.150807 0.571626 0.571626 0.571626
9990 4.150807 4.150807 4.150807 0.571626 0.571626 0.571626
10000 4.150807 4.150807 4.150807 0.571626 0.571626 0.571626
