# generation power_min power_avg power_max util_min util_avg util_max
1 8.581147 10.535427 12.290687 0.509757 0.721927 0.990275
10 8.581147 10.331666 11.595386 0.509757 0.715601 0.990275
20 8.426042 10.135731 11.261294 0.509757 0.716970 0.990275
30 8.355158 9.979770 10.825569 0.509757 0.718123 0.990275
40 8.246019 9.849636 10.595033 0.509757 0.716687 0.990275
50 8.039438 9.723989 10.441651 0.513770 0.717775 0.990275
60 8.039438 9.565794 10.270749 0.504567 0.710034 0.952300
70 8.039438 9.449883 10.204941 0.504567 0.710851 0.952300
80 7.688799 9.287520 10.068070 0.504567 0.717562 0.924062
90 7.688799 9.132531 9.984962 0.504567 0.714565 0.924062
100 7.688799 8.969050 9.841447 0.504567 0.715160 0.924062
110 7.253647 8.788423 9.725272 0.504567 0.717548 0.912700
120 7.095533 8.601860 9.560279 0.504567 0.712360 0.912700
130 7.095533 8.461687 9.417295 0.504567 0.712216 0.912700
140 7.030926 8.288159 9.230933 0.504567 0.711232 0.912700
150 7.030926 8.137488 8.989337 0.504567 0.713507 0.930401
160 7.006965 8.002386 8.723249 0.504567 0.709339 0.930401
170 6.930780 7.860803 8.581147 0.507710 0.712157 0.930401
180 6.669665 7.740974 8.426000 0.507710 0.714610 0.930401
190 6.669665 7.620236 8.330429 0.507710 0.720899 0.930401
200 6.524559 7.480090 8.230621 0.566498 0.723928 0.930401
210 6.524559 7.352168 8.039438 0.566498 0.727785 0.930401
220 6.407371 7.226734 7.938533 0.574884 0.730180 0.930401
230 6.407371 7.124532 7.715117 0.574884 0.732582 0.930401
240 6.306125 7.011337 7.571073 0.574884 0.735593 0.930401
250 6.013941 6.899440 7.482049 0.610726 0.742027 0.930401
260 6.010414 6.799091 7.373603 0.583650 0.742474 0.929025
270 5.934059 6.691074 7.221618 0.583650 0.743769 0.929025
280 5.759321 6.601569 7.095533 0.583650 0.747356 0.929025
290 5.674707 6.515485 7.019416 0.583650 0.746665 0.929025
300 5.674707 6.435428 6.868891 0.583650 0.746363 0.868977
310 5.674707 6.366877 6.790297 0.583650 0.749442 0.868977
320 5.353578 6.280434 6.699386 0.583650 0.747524 0.868977
330 5.265236 6.189480 6.650979 0.583650 0.743896 0.858715
340 5.263381 6.094313 6.585178 0.583650 0.739411 0.846802
350 5.263381 6.009207 6.487276 0.583650 0.738994 0.846802
360 5.230653 5.929704 6.393769 0.583650 0.733511 0.846802
370 5.230653 5.844537 6.286051 0.583650 0.725779 0.846802
380 5.215142 5.763067 6.206703 0.598066 0.719425 0.846802
390 5.039519 5.670465 6.119893 0.598066 0.713492 0.846802
400 4.715071 5.582536 6.053401 0.598066 0.707051 0.846802
410 4.715071 5.507408 5.982425 0.590241 0.697835 0.812686
420 4.715071 5.428558 5.908273 0.590241 0.689677 0.812686
430 4.715071 5.358428 5.788460 0.590241 0.686812 0.812686
440 4.715071 5.289490 5.695200 0.584790 0.682093 0.812686
450 4.715071 5.230944 5.632463 0.580454 0.677475 0.812686
460 4.659695 5.171229 5.518178 0.580454 0.672278 0.801289
470 4.512830 5.113369 5.398591 0.580454 0.668559 0.801289
480 4.512830 5.070947 5.305223 0.580454 0.667550 0.801289
490 4.512830 5.031002 5.243863 0.580454 0.660970 0.801289
500 4.512830 4.994113 5.215142 0.580454 0.663290 0.801289
510 4.512830 4.954929 5.152932 0.580454 0.664177 0.801289
520 4.512830 4.920414 5.106458 0.580454 0.659732 0.801289
530 4.512830 4.888361 5.096722 0.580454 0.666830 0.801289
540 4.512830 4.848930 5.068810 0.584790 0.663748 0.801289
550 4.512830 4.807418 5.024946 0.591028 0.665638 0.801289
560 4.461292 4.767797 4.972186 0.596623 0.661205 0.786052
570 4.451371 4.730251 4.946575 0.596623 0.661470 0.786052
580 4.439982 4.689050 4.900842 0.588742 0.657337 0.786052
590 4.368438 4.655035 4.848504 0.588742 0.658598 0.786052
600 4.368438 4.624327 4.812004 0.588742 0.656380 0.786052
610 4.368438 4.599595 4.781512 0.588742 0.653290 0.786052
620 4.368438 4.569151 4.737915 0.588742 0.651129 0.786052
630 4.325897 4.538212 4.688986 0.570053 0.645902 0.756576
640 4.298355 4.514879 4.655389 0.570053 0.643563 0.730632
650 4.298355 4.492469 4.628605 0.570053 0.642265 0.730632
660 4.298355 4.472083 4.593749 0.570053 0.640737 0.730632
670 4.298355 4.452440 4.571471 0.570053 0.640188 0.730632
680 4.255649 4.430971 4.547942 0.570053 0.638739 0.730632
690 4.255649 4.411645 4.511171 0.570053 0.634156 0.694256
700 4.255649 4.395934 4.482025 0.570053 0.633264 0.694256
710 4.242231 4.380024 4.459443 0.570053 0.627774 0.694256
720 4.242231 4.363511 4.444072 0.570053 0.622692 0.694256
730 4.242231 4.347648 4.439882 0.570053 0.616896 0.694256
740 4.242231 4.332508 4.429633 0.570053 0.612469 0.694256
750 4.242231 4.318524 4.415852 0.570053 0.610158 0.694256
760 4.242231 4.305454 4.389181 0.575526 0.605777 0.674248
770 4.242231 4.295718 4.368438 0.575526 0.603325 0.647763
780 4.242231 4.287574 4.348104 0.575526 0.602226 0.630090
790 4.242231 4.281562 4.325897 0.575526 0.602293 0.626881
800 4.242231 4.277283 4.298355 0.575526 0.601795 0.616927
810 4.242231 4.276390 4.281910 0.575526 0.601079 0.615562
820 4.223212 4.273655 4.281910 0.575526 0.600361 0.615562
830 4.222895 4.270945 4.281136 0.575526 0.600126 0.615562
840 4.222895 4.268486 4.281136 0.575526 0.600450 0.615562
850 4.222895 4.265060 4.281136 0.575526 0.599629 0.615562
860 4.222895 4.262989 4.281136 0.575526 0.599426 0.615562
870 4.209477 4.258011 4.281136 0.575526 0.598904 0.615562
880 4.209477 4.252843 4.281136 0.575526 0.598512 0.615562
890 4.209477 4.247024 4.281136 0.575526 0.597623 0.615562
900 4.209477 4.240934 4.281136 0.575526 0.596756 0.616048
910 4.209477 4.234992 4.281136 0.575526 0.595605 0.616048
920 4.209477 4.230227 4.255649 0.575526 0.595959 0.616048
930 4.209477 4.227178 4.248698 0.576424 0.594881 0.616048
940 4.209477 4.224087 4.248381 0.576424 0.592354 0.616048
950 4.208702 4.220738 4.248381 0.576424 0.589831 0.616048
960 4.208702 4.218784 4.223212 0.589436 0.589898 0.591865
970 4.208702 4.217563 4.223212 0.589436 0.589996 0.591865
980 4.208702 4.216343 4.223212 0.589436 0.590093 0.591865
990 4.208702 4.215254 4.223212 0.589436 0.590185 0.591865
1000 4.208702 4.214021 4.222895 0.589847 0.590299 0.591865
1010 4.208702 4.212685 4.222895 0.589847 0.590380 0.591865
1020 4.208702 4.211352 4.222895 0.589847 0.590461 0.591865
1030 4.208702 4.210013 4.222895 0.589847 0.590546 0.591865
1040 4.208702 4.209588 4.209794 0.590333 0.590602 0.591865
1050 4.208702 4.209560 4.209794 0.590333 0.590639 0.591865
1060 4.208702 4.209528 4.209794 0.590333 0.590680 0.591865
1070 4.208702 4.209496 4.209794 0.590333 0.590721 0.591865
1080 4.208702 4.209457 4.209794 0.590333 0.590774 0.591865
1090 4.208702 4.209438 4.209477 0.590744 0.590800 0.591865
1100 4.208702 4.209438 4.209477 0.590744 0.590800 0.591865
1110 4.208702 4.209430 4.209477 0.590744 0.590811 0.591865
1120 4.208702 4.209430 4.209477 0.590744 0.590811 0.591865
1130 4.208702 4.209415 4.209477 0.590744 0.590834 0.591865
1140 4.208702 4.209400 4.209477 0.590744 0.590856 0.591865
1150 4.208702 4.209400 4.209477 0.590744 0.590856 0.591865
1160 4.208702 4.209376 4.209477 0.590744 0.590890 0.591865
1170 4.208702 4.209353 4.209477 0.590744 0.590924 0.591865
1180 4.208702 4.209314 4.209477 0.590744 0.590980 0.591865
1190 4.208702 4.209276 4.209477 0.590744 0.591036 0.591865
1200 4.208702 4.209206 4.209477 0.590744 0.591137 0.591865
1210 4.208702 4.209152 4.209477 0.590744 0.591215 0.591865
1220 4.208702 4.209090 4.209477 0.590744 0.591305 0.591865
1230 4.208702 4.209020 4.209477 0.590744 0.591406 0.591865
1240 4.208702 4.208950 4.209477 0.590744 0.591506 0.591865
1250 4.208702 4.208881 4.209477 0.590744 0.591607 0.591865
1260 4.208702 4.208803 4.209477 0.590744 0.591719 0.591865
1270 4.208702 4.208726 4.209477 0.590744 0.591832 0.591865
1280 4.208702 4.208702 4.208702 0.591865 0.591865 0.591865
1290 4.208702 4.208702 4.208702 0.591865 0.591865 0.591865
1300 4.208702 4.208702 4.208702 0.591865 0.591865 0.591865
1310 4.208702 4.208702 4.208702 0.591865 0.591865 0.591865
1320 4.208702 4.208702 4.208702 0.591865 0.591865 0.591865
1330 4.208702 4.208702 4.208702 0.591865 0.591865 0.591865
1340 4.208702 4.208702 4.208702 0.591865 0.591865 0.591865
1350 4.208702 4.208702 4.208702 0.591865 0.591865 0.591865
1360 4.208702 4.208702 4.208702 0.591865 0.591865 0.591865
1370 4.208702 4.208702 4.208702 0.591865 0.591865 0.591865
1380 4.208702 4.208702 4.208702 0.591865 0.591865 0.591865
1390 4.208702 4.208702 4.208702 0.591865 0.591865 0.591865
1400 4.208702 4.208702 4.208702 0.591865 0.591865 0.591865
1410 4.208702 4.208702 4.208702 0.591865 0.591865 0.591865
1420 4.208702 4.208702 4.208702 0.591865 0.591865 0.591865
1430 4.208702 4.208702 4.208702 0.591865 0.591865 0.591865
1440 4.208702 4.208702 4.208702 0.591865 0.591865 0.591865
1450 4.208702 4.208702 4.208702 0.591865 0.591865 0.591865
1460 4.208702 4.208702 4.208702 0.591865 0.591865 0.591865
1470 4.208702 4.208702 4.208702 0.591865 0.591865 0.591865
1480 4.208702 4.208702 4.208702 0.591865 0.591865 0.591865
1490 4.208702 4.208702 4.208702 0.591865 0.591865 0.591865
1500 4.208702 4.208702 4.208702 0.591865 0.591865 0.591865
1510 4.208702 4.208702 4.208702 0.591865 0.591865 0.591865
1520 4.208702 4.208702 4.208702 0.591865 0.591865 0.591865
1530 4.208702 4.208702 4.208702 0.591865 0.591865 0.591865
1540 4.208702 4.208702 4.208702 0.591865 0.591865 0.591865
1550 4.208702 4.208702 4.208702 0.591865 0.591865 0.591865
1560 4.208702 4.208702 4.208702 0.591865 0.591865 0.591865
1570 4.208702 4.208702 4.208702 0.591865 0.591865 0.591865
1580 4.208702 4.208702 4.208702 0.591865 0.591865 0.591865
1590 4.208702 4.208702 4.208702 0.591865 0.591865 0.591865
1600 4.208702 4.208702 4.208702 0.591865 0.591865 0.591865
1610 4.208702 4.208702 4.208702 0.591865 0.591865 0.591865
1620 4.208702 4.208702 4.208702 0.591865 0.591865 0.591865
1630 4.208702 4.208702 4.208702 0.591865 0.591865 0.591865
1640 4.208702 4.208702 4.208702 0.591865 0.591865 0.591865
1650 4.208702 4.208702 4.208702 0.591865 0.591865 0.591865
1660 4.208702 4.208702 4.208702 0.591865 0.591865 0.591865
1670 4.208702 4.208702 4.208702 0.591865 0.591865 0.591865
1680 4.208702 4.208702 4.208702 0.591865 0.591865 0.591865
1690 4.208702 4.208702 4.208702 0.591865 0.591865 0.591865
1700 4.208702 4.208702 4.208702 0.591865 0.591865 0.591865
1710 4.208702 4.208702 4.208702 0.591865 0.591865 0.591865
1720 4.208702 4.208702 4.208702 0.591865 0.591865 0.591865
1730 4.208702 4.208702 4.208702 0.591865 0.591865 0.591865
1740 4.208702 4.208702 4.208702 0.591865 0.591865 0.591865
1750 4.208702 4.208702 4.208702 0.591865 0.591865 0.591865
1760 4.208702 4.208702 4.208702 0.591865 0.591865 0.591865
1770 4.208702 4.208702 4.208702 0.591865 0.591865 0.591865
1780 4.208702 4.208702 4.208702 0.591865 0.591865 0.591865
1790 4.208702 4.208702 4.208702 0.591865 0.591865 0.591865
1800 4.208702 4.208702 4.208702 0.591865 0.591865 0.591865
1810 4.208702 4.208702 4.208702 0.591865 0.591865 0.591865
1820 4.208702 4.208702 4.208702 0.591865 0.591865 0.591865
1830 4.208702 4.208702 4.208702 0.591865 0.591865 0.591865
1840 4.208702 4.208702 4.208702 0.591865 0.591865 0.591865
1850 4.208702 4.208702 4.208702 0.591865 0.591865 0.591865
1860 4.208702 4.208702 4.208702 0.591865 0.591865 0.591865
1870 4.208702 4.208702 4.208702 0.591865 0.591865 0.591865
1880 4.208702 4.208702 4.208702 0.591865 0.591865 0.591865
1890 4.208702 4.208702 4.208702 0.591865 0.591865 0.591865
1900 4.208702 4.208702 4.208702 0.591865 0.591865 0.591865
1910 4.208702 4.208702 4.208702 0.591865 0.591865 0.591865
1920 4.208702 4.208702 4.208702 0.591865 0.591865 0.591865
1930 4.208702 4.208702 4.208702 0.591865 0.591865 0.591865
1940 4.208702 4.208702 4.208702 0.591865 0.591865 0.591865
1950 4.208702 4.208702 4.208702 0.591865 0.591865 0.591865
1960 4.208702 4.208702 4.208702 0.591865 0.591865 0.591865
1970 4.208702 4.208702 4.208702 0.591865 0.591865 0.591865
1980 4.208702 4.208702 4.208702 0.591865 0.591865 0.591865
1990 4.208702 4.208702 4.208702 0.591865 0.591865 0.591865
2000 4.208702 4.208702 4.208702 0.591865 0.591865 0.591865
2010 4.208702 4.208702 4.208702 0.591865 0.591865 0.591865
2020 4.208702 4.208702 4.208702 0.591865 0.591865 0.591865
2030 4.208702 4.208702 4.208702 0.591865 0.591865 0.591865
2040 4.208702 4.208702 4.208702 0.591865 0.591865 0.591865
2050 4.208702 4.208702 4.208702 0.591865 0.591865 0.591865
2060 4.208702 4.208702 4.208702 0.591865 0.591865 0.591865
2070 4.208702 4.208702 4.208702 0.591865 0.591865 0.591865
2080 4.208702 4.208702 4.208702 0.591865 0.591865 0.591865
2090 4.208702 4.208702 4.208702 0.591865 0.591865 0.591865
2100 4.208702 4.208702 4.208702 0.591865 0.591865 0.591865
2110 4.208702 4.208702 4.208702 0.591865 0.591865 0.591865
2120 4.208702 4.208702 4.208702 0.591865 0.591865 0.591865
2130 4.208702 4.208702 4.208702 0.591865 0.591865 0.591865
2140 4.208702 4.208702 4.208702 0.591865 0.591865 0.591865
2150 4.208702 4.208702 4.208702 0.591865 0.591865 0.591865
2160 4.208702 4.208702 4.208702 0.591865 0.591865 0.591865
2170 4.208702 4.208702 4.208702 0.591865 0.591865 0.591865
2180 4.208702 4.208702 4.208702 0.591865 0.591865 0.591865
2190 4.208702 4.208702 4.208702 0.591865 0.591865 0.591865
2200 4.208702 4.208702 4.208702 0.591865 0.591865 0.591865
2210 4.208702 4.208702 4.208702 0.591865 0.591865 0.591865
2220 4.208702 4.208702 4.208702 0.591865 0.591865 0.591865
2230 4.208702 4.208702 4.208702 0.591865 0.591865 0.591865
2240 4.208702 4.208702 4.208702 0.591865 0.591865 0.591865
2250 4.208702 4.208702 4.208702 0.591865 0.591865 0.591865
2260 4.208702 4.208702 4.208702 0.591865 0.591865 0.591865
2270 4.208702 4.208702 4.208702 0.591865 0.591865 0.591865
2280 4.208702 4.208702 4.208702 0.591865 0.591865 0.591865
2290 4.208702 4.208702 4.208702 0.591865 0.591865 0.591865
2300 4.208702 4.208702 4.208702 0.591865 0.591865 0.591865
2310 4.208702 4.208702 4.208702 0.591865 0.591865 0.591865
2320 4.208702 4.208702 4.208702 0.591865 0.591865 0.591865
2330 4.208702 4.208702 4.208702 0.591865 0.591865 0.591865
2340 4.208702 4.208702 4.208702 0.591865 0.591865 0.591865
2350 4.208702 4.208702 4.208702 0.591865 0.591865 0.591865
2360 4.208702 4.208702 4.208702 0.591865 0.591865 0.591865
2370 4.208702 4.208702 4.208702 0.591865 0.591865 0.591865
2380 4.208702 4.208702 4.208702 0.591865 0.591865 0.591865
2390 4.208702 4.208702 4.208702 0.591865 0.591865 0.591865
2400 4.208702 4.208702 4.208702 0.591865 0.591865 0.591865
2410 4.208702 4.208702 4.208702 0.591865 0.591865 0.591865
2420 4.208702 4.208702 4.208702 0.591865 0.591865 0.591865
2430 4.208702 4.208702 4.208702 0.591865 0.591865 0.591865
2440 4.208702 4.208702 4.208702 0.591865 0.591865 0.591865
2450 4.208702 4.208702 4.208702 0.591865 0.591865 0.591865
2460 4.208702 4.208702 4.208702 0.591865 0.591865 0.591865
2470 4.208702 4.208702 4.208702 0.591865 0.591865 0.591865
2480 4.208702 4.208702 4.208702 0.591865 0.591865 0.591865
2490 4.208702 4.208702 4.208702 0.591865 0.591865 0.591865
2500 4.208702 4.208702 4.208702 0.591865 0.591865 0.591865
2510 4.208702 4.208702 4.208702 0.591865 0.591865 0.591865
2520 4.208702 4.208702 4.208702 0.591865 0.591865 0.591865
2530 4.208702 4.208702 4.208702 0.591865 0.591865 0.591865
2540 4.208702 4.208702 4.208702 0.591865 0.591865 0.591865
2550 4.208702 4.208702 4.208702 0.591865 0.591865 0.591865
2560 4.208702 4.208702 4.208702 0.591865 0.591865 0.591865
2570 4.208702 4.208702 4.208702 0.591865 0.591865 0.591865
2580 4.208702 4.208702 4.208702 0.591865 0.591865 0.591865
2590 4.208702 4.208702 4.208702 0.591865 0.591865 0.591865
2600 4.208702 4.208702 4.208702 0.591865 0.591865 0.591865
2610 4.208702 4.208702 4.208702 0.591865 0.591865 0.591865
2620 4.208702 4.208702 4.208702 0.591865 0.591865 0.591865
2630 4.208702 4.208702 4.208702 0.591865 0.591865 0.591865
2640 4.208702 4.208702 4.208702 0.591865 0.591865 0.591865
2650 4.208702 4.208702 4.208702 0.591865 0.591865 0.591865
2660 4.208702 4.208702 4.208702 0.591865 0.591865 0.591865
2670 4.208702 4.208702 4.208702 0.591865 0.591865 0.591865
2680 4.208702 4.208702 4.208702 0.591865 0.591865 0.591865
2690 4.208702 4.208702 4.208702 0.591865 0.591865 0.591865
2700 4.208702 4.208702 4.208702 0.591865 0.591865 0.591865
2710 4.208702 4.208702 4.208702 0.591865 0.591865 0.591865
2720 4.208702 4.208702 4.208702 0.591865 0.591865 0.591865
2730 4.208702 4.208702 4.208702 0.591865 0.591865 0.591865
2740 4.208702 4.208702 4.208702 0.591865 0.591865 0.591865
2750 4.208702 4.208702 4.208702 0.591865 0.591865 0.591865
2760 4.208702 4.208702 4.208702 0.591865 0.591865 0.591865
2770 4.208702 4.208702 4.208702 0.591865 0.591865 0.591865
2780 4.208702 4.208702 4.208702 0.591865 0.591865 0.591865
2790 4.208702 4.208702 4.208702 0.591865 0.591865 0.591865
2800 4.208702 4.208702 4.208702 0.591865 0.591865 0.591865
2810 4.208702 4.208702 4.208702 0.591865 0.591865 0.591865
2820 4.208702 4.208702 4.208702 0.591865 0.591865 0.591865
2830 4.208702 4.208702 4.208702 0.591865 0.591865 0.591865
2840 4.208702 4.208702 4.208702 0.591865 0.591865 0.591865
2850 4.208702 4.208702 4.208702 0.591865 0.591865 0.591865
2860 4.208702 4.208702 4.208702 0.591865 0.591865 0.591865
2870 4.208702 4.208702 4.208702 0.591865 0.591865 0.591865
2880 4.208702 4.208702 4.208702 0.591865 0.591865 0.591865
2890 4.208702 4.208702 4.208702 0.591865 0.591865 0.591865
2900 4.208702 4.208702 4.208702 0.591865 0.591865 0.591865
2910 4.208702 4.208702 4.208702 0.591865 0.591865 0.591865
2920 4.208702 4.208702 4.208702 0.591865 0.591865 0.591865
2930 4.208702 4.208702 4.208702 0.591865 0.591865 0.591865
2940 4.208702 4.208702 4.208702 0.591865 0.591865 0.591865
2950 4.208702 4.208702 4.208702 0.591865 0.591865 0.591865
2960 4.208702 4.208702 4.208702 0.591865 0.591865 0.591865
2970 4.208702 4.208702 4.208702 0.591865 0.591865 0.591865
2980 4.208702 4.208702 4.208702 0.591865 0.591865 0.591865
2990 4.208702 4.208702 4.208702 0.591865 0.591865 0.591865
3000 4.208702 4.208702 4.208702 0.591865 0.591865 0.591865
3010 4.208702 4.208702 4.208702 0.591865 0.591865 0.591865
3020 4.208702 4.208702 4.208702 0.591865 0.591865 0.591865
3030 4.208702 4.208702 4.208702 0.591865 0.591865 0.591865
3040 4.208702 4.208702 4.208702 0.591865 0.591865 0.591865
3050 4.208702 4.208702 4.208702 0.591865 0.591865 0.591865
3060 4.208702 4.208702 4.208702 0.591865 0.591865 0.591865
3070 4.208702 4.208702 4.208702 0.591865 0.591865 0.591865
3080 4.208702 4.208702 4.208702 0.591865 0.591865 0.591865
3090 4.208702 4.208702 4.208702 0.591865 0.591865 0.591865
3100 4.208702 4.208702 4.208702 0.591865 0.591865 0.591865
3110 4.208702 4.208702 4.208702 0.591865 0.591865 0.591865
3120 4.208702 4.208702 4.208702 0.591865 0.591865 0.591865
3130 4.208702 4.208702 4.208702 0.591865 0.591865 0.591865
3140 4.208702 4.208702 4.208702 0.591865 0.591865 0.591865
3150 4.208702 4.208702 4.208702 0.591865 0.591865 0.591865
3160 4.208702 4.208702 4.208702 0.591865 0.591865 0.591865
3170 4.208702 4.208702 4.208702 0.591865 0.591865 0.591865
3180 4.208702 4.208702 4.208702 0.591865 0.591865 0.591865
3190 4.208702 4.208702 4.208702 0.591865 0.591865 0.591865
3200 4.208702 4.208702 4.208702 0.591865 0.591865 0.591865
3210 4.208702 4.208702 4.208702 0.591865 0.591865 0.591865
3220 4.208702 4.208702 4.208702 0.591865 0.591865 0.591865
3230 4.208702 4.208702 4.208702 0.591865 0.591865 0.591865
3240 4.208702 4.208702 4.208702 0.591865 0.591865 0.591865
3250 4.208702 4.208702 4.208702 0.591865 0.591865 0.591865
3260 4.208702 4.208702 4.208702 0.591865 0.591865 0.591865
3270 4.208702 4.208702 4.208702 0.591865 0.591865 0.591865
3280 4.208702 4.208702 4.208702 0.591865 0.591865 0.591865
3290 4.208702 4.208702 4.208702 0.591865 0.591865 0.591865
3300 4.208702 4.208702 4.208702 0.591865 0.591865 0.591865
3310 4.208702 4.208702 4.208702 0.591865 0.591865 0.591865
3320 4.208702 4.208702 4.208702 0.591865 0.591865 0.591865
3330 4.208702 4.208702 4.208702 0.591865 0.591865 0.591865
3340 4.208702 4.208702 4.208702 0.591865 0.591865 0.591865
3350 4.208702 4.208702 4.208702 0.591865 0.591865 0.591865
3360 4.208702 4.208702 4.208702 0.591865 0.591865 0.591865
3370 4.208702 4.208702 4.208702 0.591865 0.591865 0.591865
3380 4.208702 4.208702 4.208702 0.591865 0.591865 0.591865
3390 4.208702 4.208702 4.208702 0.591865 0.591865 0.591865
3400 4.208702 4.208702 4.208702 0.591865 0.591865 0.591865
3410 4.208702 4.208702 4.208702 0.591865 0.591865 0.591865
3420 4.208702 4.208702 4.208702 0.591865 0.591865 0.591865
3430 4.208702 4.208702 4.208702 0.591865 0.591865 0.591865
3440 4.208702 4.208702 4.208702 0.591865 0.591865 0.591865
3450 4.208702 4.208702 4.208702 0.591865 0.591865 0.591865
3460 4.208702 4.208702 4.208702 0.591865 0.591865 0.591865
3470 4.208702 4.208702 4.208702 0.591865 0.591865 0.591865
3480 4.208702 4.208702 4.208702 0.591865 0.591865 0.591865
3490 4.208702 4.208702 4.208702 0.591865 0.591865 0.591865
3500 4.208702 4.208702 4.208702 0.591865 0.591865 0.591865
3510 4.208702 4.208702 4.208702 0.591865 0.591865 0.591865
3520 4.208702 4.208702 4.208702 0.591865 0.591865 0.591865
3530 4.208702 4.208702 4.208702 0.591865 0.591865 0.591865
3540 4.208702 4.208702 4.208702 0.591865 0.591865 0.591865
3550 4.208702 4.208702 4.208702 0.591865 0.591865 0.591865
3560 4.208702 4.208702 4.208702 0.591865 0.591865 0.591865
3570 4.208702 4.208702 4.208702 0.591865 0.591865 0.591865
3580 4.208702 4.208702 4.208702 0.591865 0.591865 0.591865
3590 4.208702 4.208702 4.208702 0.591865 0.591865 0.591865
3600 4.208702 4.208702 4.208702 0.591865 0.591865 0.591865
3610 4.208702 4.208702 4.208702 0.591865 0.591865 0.591865
3620 4.208702 4.208702 4.208702 0.591865 0.591865 0.591865
3630 4.208702 4.208702 4.208702 0.591865 0.591865 0.591865
3640 4.208702 4.208702 4.208702 0.591865 0.591865 0.591865
3650 4.208702 4.208702 4.208702 0.591865 0.591865 0.591865
3660 4.208702 4.208702 4.208702 0.591865 0.591865 0.591865
3670 4.208702 4.208702 4.208702 0.591865 0.591865 0.591865
3680 4.208702 4.208702 4.208702 0.591865 0.591865 0.591865
3690 4.208702 4.208702 4.208702 0.591865 0.591865 0.591865
3700 4.208702 4.208702 4.208702 0.591865 0.591865 0.591865
3710 4.208702 4.208702 4.208702 0.591865 0.591865 0.591865
3720 4.208702 4.208702 4.208702 0.591865 0.591865 0.591865
3730 4.208702 4.208702 4.208702 0.591865 0.591865 0.591865
3740 4.208702 4.208702 4.208702 0.591865 0.591865 0.591865
3750 4.208702 4.208702 4.208702 0.591865 0.591865 0.591865
3760 4.208702 4.208702 4.208702 0.591865 0.591865 0.591865
3770 4.208702 4.208702 4.208702 0.591865 0.591865 0.591865
3780 4.208702 4.208702 4.208702 0.591865 0.591865 0.591865
3790 4.208702 4.208702 4.208702 0.591865 0.591865 0.591865
3800 4.208702 4.208702 4.208702 0.591865 0.591865 0.591865
3810 4.208702 4.208702 4.208702 0.591865 0.591865 0.591865
3820 4.208702 4.208702 4.208702 0.591865 0.591865 0.591865
3830 4.208702 4.208702 4.208702 0.591865 0.591865 0.591865
3840 4.208702 4.208702 4.208702 0.591865 0.591865 0.591865
3850 4.208702 4.208702 4.208702 0.591865 0.591865 0.591865
3860 4.208702 4.208702 4.208702 0.591865 0.591865 0.591865
3870 4.208702 4.208702 4.208702 0.591865 0.591865 0.591865
3880 4.208702 4.208702 4.208702 0.591865 0.591865 0.591865
3890 4.208702 4.208702 4.208702 0.591865 0.591865 0.591865
3900 4.208702 4.208702 4.208702 0.591865 0.591865 0.591865
3910 4.208702 4.208702 4.208702 0.591865 0.591865 0.591865
3920 4.208702 4.208702 4.208702 0.591865 0.591865 0.591865
3930 4.208702 4.208702 4.208702 0.591865 0.591865 0.591865
3940 4.208702 4.208702 4.208702 0.591865 0.591865 0.591865
3950 4.208702 4.208702 4.208702 0.591865 0.591865 0.591865
3960 4.208702 4.208702 4.208702 0.591865 0.591865 0.591865
3970 4.208702 4.208702 4.208702 0.591865 0.591865 0.591865
3980 4.208702 4.208702 4.208702 0.591865 0.591865 0.591865
3990 4.208702 4.208702 4.208702 0.591865 0.591865 0.591865
4000 4.208702 4.208702 4.208702 0.591865 0.591865 0.591865
4010 4.208702 4.208702 4.208702 0.591865 0.591865 0.591865
4020 4.208702 4.208702 4.208702 0.591865 0.591865 0.591865
4030 4.208702 4.208702 4.208702 0.591865 0.591865 0.591865
4040 4.208702 4.208702 4.208702 0.591865 0.591865 0.591865
4050 4.208702 4.208702 4.208702 0.591865 0.591865 0.591865
4060 4.208702 4.208702 4.208702 0.591865 0.591865 0.591865
4070 4.208702 4.208702 4.208702 0.591865 0.591865 0.591865
4080 4.208702 4.208702 4.208702 0.591865 0.591865 0.591865
4090 4.208702 4.208702 4.208702 0.591865 0.591865 0.591865
4100 4.208702 4.208702 4.208702 0.591865 0.591865 0.591865
4110 4.208702 4.208702 4.208702 0.591865 0.591865 0.591865
4120 4.208702 4.208702 4.208702 0.591865 0.591865 0.591865
4130 4.208702 4.208702 4.208702 0.591865 0.591865 0.591865
4140 4.208702 4.208702 4.208702 0.591865 0.591865 0.591865
4150 4.208702 4.208702 4.208702 0.591865 0.591865 0.591865
4160 4.208702 4.208702 4.208702 0.591865 0.591865 0.591865
4170 4.208702 4.208702 4.208702 0.591865 0.591865 0.591865
4180 4.208702 4.208702 4.208702 0.591865 0.591865 0.591865
4190 4.208702 4.208702 4.208702 0.591865 0.591865 0.591865
4200 4.208702 4.208702 4.208702 0.591865 0.591865 0.591865
4210 4.208702 4.208702 4.208702 0.591865 0.591865 0.591865
4220 4.208702 4.208702 4.208702 0.591865 0.591865 0.591865
4230 4.208702 4.208702 4.208702 0.591865 0.591865 0.591865
4240 4.208702 4.208702 4.208702 0.591865 0.591865 0.591865
4250 4.208702 4.208702 4.208702 0.591865 0.591865 0.591865
4260 4.208702 4.208702 4.208702 0.591865 0.591865 0.591865
4270 4.208702 4.208702 4.208702 0.591865 0.591865 0.591865
4280 4.208702 4.208702 4.208702 0.591865 0.591865 0.591865
4290 4.208702 4.208702 4.208702 0.591865 0.591865 0.591865
4300 4.208702 4.208702 4.208702 0.591865 0.591865 0.591865
4310 4.208702 4.208702 4.208702 0.591865 0.591865 0.591865
4320 4.208702 4.208702 4.208702 0.591865 0.591865 0.591865
4330 4.208702 4.208702 4.208702 0.591865 0.591865 0.591865
4340 4.208702 4.208702 4.208702 0.591865 0.591865 0.591865
4350 4.208702 4.208702 4.208702 0.591865 0.591865 0.591865
4360 4.208702 4.208702 4.208702 0.591865 0.591865 0.591865
4370 4.208702 4.208702 4.208702 0.591865 0.591865 0.591865
4380 4.208702 4.208702 4.208702 0.591865 0.591865 0.591865
4390 4.208702 4.208702 4.208702 0.591865 0.591865 0.591865
4400 4.208702 4.208702 4.208702 0.591865 0.591865 0.591865
4410 4.208702 4.208702 4.208702 0.591865 0.591865 0.591865
4420 4.208702 4.208702 4.208702 0.591865 0.591865 0.591865
4430 4.208702 4.208702 4.208702 0.591865 0.591865 0.591865
4440 4.208702 4.208702 4.208702 0.591865 0.591865 0.591865
4450 4.208702 4.208702 4.208702 0.591865 0.591865 0.591865
4460 4.208702 4.208702 4.208702 0.591865 0.591865 0.591865
4470 4.208702 4.208702 4.208702 0.591865 0.591865 0.591865
4480 4.208702 4.208702 4.208702 0.591865 0.591865 0.591865
4490 4.208702 4.208702 4.208702 0.591865 0.591865 0.591865
4500 4.208702 4.208702 4.208702 0.591865 0.591865 0.591865
4510 4.208702 4.208702 4.208702 0.591865 0.591865 0.591865
4520 4.208702 4.208702 4.208702 0.591865 0.591865 0.591865
4530 4.208702 4.208702 4.208702 0.591865 0.591865 0.591865
4540 4.208702 4.208702 4.208702 0.591865 0.591865 0.591865
4550 4.208702 4.208702 4.208702 0.591865 0.591865 0.591865
4560 4.208702 4.208702 4.208702 0.591865 0.591865 0.591865
4570 4.208702 4.208702 4.208702 0.591865 0.591865 0.591865
4580 4.208702 4.208702 4.208702 0.591865 0.591865 0.591865
4590 4.208702 4.208702 4.208702 0.591865 0.591865 0.591865
4600 4.208702 4.208702 4.208702 0.591865 0.591865 0.591865
4610 4.208702 4.208702 4.208702 0.591865 0.591865 0.591865
4620 4.208702 4.208702 4.208702 0.591865 0.591865 0.591865
4630 4.208702 4.208702 4.208702 0.591865 0.591865 0.591865
4640 4.208702 4.208702 4.208702 0.591865 0.591865 0.591865
4650 4.208702 4.208702 4.208702 0.591865 0.591865 0.591865
4660 4.208702 4.208702 4.208702 0.591865 0.591865 0.591865
4670 4.208702 4.208702 4.208702 0.591865 0.591865 0.591865
4680 4.208702 4.208702 4.208702 0.591865 0.591865 0.591865
4690 4.208702 4.208702 4.208702 0.591865 0.591865 0.591865
4700 4.208702 4.208702 4.208702 0.591865 0.591865 0.591865
4710 4.208702 4.208702 4.208702 0.591865 0.591865 0.591865
4720 4.208702 4.208702 4.208702 0.591865 0.591865 0.591865
4730 4.208702 4.208702 4.208702 0.591865 0.591865 0.591865
4740 4.208702 4.208702 4.208702 0.591865 0.591865 0.591865
4750 4.208702 4.208702 4.208702 0.591865 0.591865 0.591865
4760 4.208702 4.208702 4.208702 0.591865 0.591865 0.591865
4770 4.208702 4.208702 4.208702 0.591865 0.591865 0.591865
4780 4.208702 4.208702 4.208702 0.591865 0.591865 0.591865
4790 4.208702 4.208702 4.208702 0.591865 0.591865 0.591865
4800 4.208702 4.208702 4.208702 0.591865 0.591865 0.591865
4810 4.208702 4.208702 4.208702 0.591865 0.591865 0.591865
4820 4.208702 4.208702 4.208702 0.591865 0.591865 0.591865
4830 4.208702 4.208702 4.208702 0.591865 0.591865 0.591865
4840 4.208702 4.208702 4.208702 0.591865 0.591865 0.591865
4850 4.208702 4.208702 4.208702 0.591865 0.591865 0.591865
4860 4.208702 4.208702 4.208702 0.591865 0.591865 0.591865
4870 4.208702 4.208702 4.208702 0.591865 0.591865 0.591865
4880 4.208702 4.208702 4.208702 0.591865 0.591865 0.591865
4890 4.208702 4.208702 4.208702 0.591865 0.591865 0.591865
4900 4.208702 4.208702 4.208702 0.591865 0.591865 0.591865
4910 4.208702 4.208702 4.208702 0.591865 0.591865 0.591865
4920 4.208702 4.208702 4.208702 0.591865 0.591865 0.591865
4930 4.208702 4.208702 4.208702 0.591865 0.591865 0.591865
4940 4.208702 4.208702 4.208702 0.591865 0.591865 0.591865
4950 4.208702 4.208702 4.208702 0.591865 0.591865 0.591865
4960 4.208702 4.208702 4.208702 0.591865 0.591865 0.591865
4970 4.208702 4.208702 4.208702 0.591865 0.591865 0.591865
4980 4.208702 4.208702 4.208702 0.591865 0.591865 0.591865
4990 4.208702 4.208702 4.208702 0.591865 0.591865 0.591865
5000 4.208702 4.208702 4.208702 0.591865 0.591865 0.591865
5010 4.208702 4.208702 4.208702 0.591865 0.591865 0.591865
5020 4.208702 4.208702 4.208702 0.591865 0.591865 0.591865
5030 4.208702 4.208702 4.208702 0.591865 0.591865 0.591865
5040 4.208702 4.208702 4.208702 0.591865 0.591865 0.591865
5050 4.208702 4.208702 4.208702 0.591865 0.591865 0.591865
5060 4.208702 4.208702 4.208702 0.591865 0.591865 0.591865
5070 4.208702 4.208702 4.208702 0.591865 0.591865 0.591865
5080 4.208702 4.208702 4.208702 0.591865 0.591865 0.591865
5090 4.208702 4.208702 4.208702 0.591865 0.591865 0.591865
5100 4.208702 4.208702 4.208702 0.591865 0.591865 0.591865
5110 4.208702 4.208702 4.208702 0.591865 0.591865 0.591865
5120 4.208702 4.208702 4.208702 0.591865 0.591865 0.591865
5130 4.208702 4.208702 4.208702 0.591865 0.591865 0.591865
5140 4.208702 4.208702 4.208702 0.591865 0.591865 0.591865
5150 4.208702 4.208702 4.208702 0.591865 0.591865 0.591865
5160 4.208702 4.208702 4.208702 0.591865 0.591865 0.591865
5170 4.208702 4.208702 4.208702 0.591865 0.591865 0.591865
5180 4.208702 4.208702 4.208702 0.591865 0.591865 0.591865
5190 4.208702 4.208702 4.208702 0.591865 0.591865 0.591865
5200 4.208702 4.208702 4.208702 0.591865 0.591865 0.591865
5210 4.208702 4.208702 4.208702 0.591865 0.591865 0.591865
5220 4.208702 4.208702 4.208702 0.591865 0.591865 0.591865
5230 4.208702 4.208702 4.208702 0.591865 0.591865 0.591865
5240 4.208702 4.208702 4.208702 0.591865 0.591865 0.591865
5250 4.208702 4.208702 4.208702 0.591865 0.591865 0.591865
5260 4.208702 4.208702 4.208702 0.591865 0.591865 0.591865
5270 4.208702 4.208702 4.208702 0.591865 0.591865 0.591865
5280 4.208702 4.208702 4.208702 0.591865 0.591865 0.591865
5290 4.208702 4.208702 4.208702 0.591865 0.591865 0.591865
5300 4.208702 4.208702 4.208702 0.591865 0.591865 0.591865
5310 4.208702 4.208702 4.208702 0.591865 0.591865 0.591865
5320 4.208702 4.208702 4.208702 0.591865 0.591865 0.591865
5330 4.208702 4.208702 4.208702 0.591865 0.591865 0.591865
5340 4.208702 4.208702 4.208702 0.591865 0.591865 0.591865
5350 4.208702 4.208702 4.208702 0.591865 0.591865 0.591865
5360 4.208702 4.208702 4.208702 0.591865 0.591865 0.591865
5370 4.208702 4.208702 4.208702 0.591865 0.591865 0.591865
5380 4.208702 4.208702 4.208702 0.591865 0.591865 0.591865
5390 4.208702 4.208702 4.208702 0.591865 0.591865 0.591865
5400 4.208702 4.208702 4.208702 0.591865 0.591865 0.591865
5410 4.208702 4.208702 4.208702 0.591865 0.591865 0.591865
5420 4.208702 4.208702 4.208702 0.591865 0.591865 0.591865
5430 4.208702 4.208702 4.208702 0.591865 0.591865 0.591865
5440 4.208702 4.208702 4.208702 0.591865 0.591865 0.591865
5450 4.208702 4.208702 4.208702 0.591865 0.591865 0.591865
5460 4.208702 4.208702 4.208702 0.591865 0.591865 0.591865
5470 4.208702 4.208702 4.208702 0.591865 0.591865 0.591865
5480 4.208702 4.208702 4.208702 0.591865 0.591865 0.591865
5490 4.208702 4.208702 4.208702 0.591865 0.591865 0.591865
5500 4.208702 4.208702 4.208702 0.591865 0.591865 0.591865
5510 4.208702 4.208702 4.208702 0.591865 0.591865 0.591865
5520 4.208702 4.208702 4.208702 0.591865 0.591865 0.591865
5530 4.208702 4.208702 4.208702 0.591865 0.591865 0.591865
5540 4.208702 4.208702 4.208702 0.591865 0.591865 0.591865
5550 4.208702 4.208702 4.208702 0.591865 0.591865 0.591865
5560 4.208702 4.208702 4.208702 0.591865 0.591865 0.591865
5570 4.208702 4.208702 4.208702 0.591865 0.591865 0.591865
5580 4.208702 4.208702 4.208702 0.591865 0.591865 0.591865
5590 4.208702 4.208702 4.208702 0.591865 0.591865 0.591865
5600 4.208702 4.208702 4.208702 0.591865 0.591865 0.591865
5610 4.208702 4.208702 4.208702 0.591865 0.591865 0.591865
5620 4.208702 4.208702 4.208702 0.591865 0.591865 0.591865
5630 4.208702 4.208702 4.208702 0.591865 0.591865 0.591865
5640 4.208702 4.208702 4.208702 0.591865 0.591865 0.591865
5650 4.208702 4.208702 4.208702 0.591865 0.591865 0.591865
5660 4.208702 4.208702 4.208702 0.591865 0.591865 0.591865
5670 4.208702 4.208702 4.208702 0.591865 0.591865 0.591865
5680 4.208702 4.208702 4.208702 0.591865 0.591865 0.591865
5690 4.208702 4.208702 4.208702 0.591865 0.591865 0.591865
5700 4.208702 4.208702 4.208702 0.591865 0.591865 0.591865
5710 4.208702 4.208702 4.208702 0.591865 0.591865 0.591865
5720 4.208702 4.208702 4.208702 0.591865 0.591865 0.591865
5730 4.208702 4.208702 4.208702 0.591865 0.591865 0.591865
5740 4.208702 4.208702 4.208702 0.591865 0.591865 0.591865
5750 4.208702 4.208702 4.208702 0.591865 0.591865 0.591865
5760 4.208702 4.208702 4.208702 0.591865 0.591865 0.591865
5770 4.208702 4.208702 4.208702 0.591865 0.591865 0.591865
5780 4.208702 4.208702 4.208702 0.591865 0.591865 0.591865
5790 4.208702 4.208702 4.208702 0.591865 0.591865 0.591865
5800 4.208702 4.208702 4.208702 0.591865 0.591865 0.591865
5810 4.208702 4.208702 4.208702 0.591865 0.591865 0.591865
5820 4.208702 4.208702 4.208702 0.591865 0.591865 0.591865
5830 4.208702 4.208702 4.208702 0.591865 0.591865 0.591865
5840 4.208702 4.208702 4.208702 0.591865 0.591865 0.591865
5850 4.208702 4.208702 4.208702 0.591865 0.591865 0.591865
5860 4.208702 4.208702 4.208702 0.591865 0.591865 0.591865
5870 4.208702 4.208702 4.208702 0.591865 0.591865 0.591865
5880 4.208702 4.208702 4.208702 0.591865 0.591865 0.591865
5890 4.208702 4.208702 4.208702 0.591865 0.591865 0.591865
5900 4.208702 4.208702 4.208702 0.591865 0.591865 0.591865
5910 4.208702 4.208702 4.208702 0.591865 0.591865 0.591865
5920 4.208702 4.208702 4.208702 0.591865 0.591865 0.591865
5930 4.208702 4.208702 4.208702 0.591865 0.591865 0.591865
5940 4.208702 4.208702 4.208702 0.591865 0.591865 0.591865
5950 4.208702 4.208702 4.208702 0.591865 0.591865 0.591865
5960 4.208702 4.208702 4.208702 0.591865 0.591865 0.591865
5970 4.208702 4.208702 4.208702 0.591865 0.591865 0.591865
5980 4.208702 4.208702 4.208702 0.591865 0.591865 0.591865
5990 4.208702 4.208702 4.208702 0.591865 0.591865 0.591865
6000 4.208702 4.208702 4.208702 0.591865 0.591865 0.591865
6010 4.208702 4.208702 4.208702 0.591865 0.591865 0.591865
6020 4.208702 4.208702 4.208702 0.591865 0.591865 0.591865
6030 4.208702 4.208702 4.208702 0.591865 0.591865 0.591865
6040 4.208702 4.208702 4.208702 0.591865 0.591865 0.591865
6050 4.208702 4.208702 4.208702 0.591865 0.591865 0.591865
6060 4.208702 4.208702 4.208702 0.591865 0.591865 0.591865
6070 4.208702 4.208702 4.208702 0.591865 0.591865 0.591865
6080 4.208702 4.208702 4.208702 0.591865 0.591865 0.591865
6090 4.208702 4.208702 4.208702 0.591865 0.591865 0.591865
6100 4.208702 4.208702 4.208702 0.591865 0.591865 0.591865
6110 4.208702 4.208702 4.208702 0.591865 0.591865 0.591865
6120 4.208702 4.208702 4.208702 0.591865 0.591865 0.591865
6130 4.208702 4.208702 4.208702 0.591865 0.591865 0.591865
6140 4.208702 4.208702 4.208702 0.591865 0.591865 0.591865
6150 4.208702 4.208702 4.208702 0.591865 0.591865 0.591865
6160 4.208702 4.208702 4.208702 0.591865 0.591865 0.591865
6170 4.208702 4.208702 4.208702 0.591865 0.591865 0.591865
6180 4.208702 4.208702 4.208702 0.591865 0.591865 0.591865
6190 4.208702 4.208702 4.208702 0.591865 0.591865 0.591865
6200 4.208702 4.208702 4.208702 0.591865 0.591865 0.591865
6210 4.208702 4.208702 4.208702 0.591865 0.591865 0.591865
6220 4.208702 4.208702 4.208702 0.591865 0.591865 0.591865
6230 4.208702 4.208702 4.208702 0.591865 0.591865 0.591865
6240 4.208702 4.208702 4.208702 0.591865 0.591865 0.591865
6250 4.208702 4.208702 4.208702 0.591865 0.591865 0.591865
6260 4.208702 4.208702 4.208702 0.591865 0.591865 0.591865
6270 4.208702 4.208702 4.208702 0.591865 0.591865 0.591865
6280 4.208702 4.208702 4.208702 0.591865 0.591865 0.591865
6290 4.208702 4.208702 4.208702 0.591865 0.591865 0.591865
6300 4.208702 4.208702 4.208702 0.591865 0.591865 0.591865
6310 4.208702 4.208702 4.208702 0.591865 0.591865 0.591865
6320 4.208702 4.208702 4.208702 0.591865 0.591865 0.591865
6330 4.208702 4.208702 4.208702 0.591865 0.591865 0.591865
6340 4.208702 4.208702 4.208702 0.591865 0.591865 0.591865
6350 4.208702 4.208702 4.208702 0.591865 0.591865 0.591865
6360 4.208702 4.208702 4.208702 0.591865 0.591865 0.591865
6370 4.208702 4.208702 4.208702 0.591865 0.591865 0.591865
6380 4.208702 4.208702 4.208702 0.591865 0.591865 0.591865
6390 4.208702 4.208702 4.208702 0.591865 0.591865 0.591865
6400 4.208702 4.208702 4.208702 0.591865 0.591865 0.591865
6410 4.208702 4.208702 4.208702 0.591865 0.591865 0.591865
6420 4.208702 4.208702 4.208702 0.591865 0.591865 0.591865
6430 4.208702 4.208702 4.208702 0.591865 0.591865 0.591865
6440 4.208702 4.208702 4.208702 0.591865 0.591865 0.591865
6450 4.208702 4.208702 4.208702 0.591865 0.591865 0.591865
6460 4.208702 4.208702 4.208702 0.591865 0.591865 0.591865
6470 4.208702 4.208702 4.208702 0.591865 0.591865 0.591865
6480 4.208702 4.208702 4.208702 0.591865 0.591865 0.591865
6490 4.208702 4.208702 4.208702 0.591865 0.591865 0.591865
6500 4.208702 4.208702 4.208702 0.591865 0.591865 0.591865
6510 4.208702 4.208702 4.208702 0.591865 0.591865 0.591865
6520 4.208702 4.208702 4.208702 0.591865 0.591865 0.591865
6530 4.208702 4.208702 4.208702 0.591865 0.591865 0.591865
6540 4.208702 4.208702 4.208702 0.591865 0.591865 0.591865
6550 4.208702 4.208702 4.208702 0.591865 0.591865 0.591865
6560 4.208702 4.208702 4.208702 0.591865 0.591865 0.591865
6570 4.208702 4.208702 4.208702 0.591865 0.591865 0.591865
6580 4.208702 4.208702 4.208702 0.591865 0.591865 0.591865
6590 4.208702 4.208702 4.208702 0.591865 0.591865 0.591865
6600 4.208702 4.208702 4.208702 0.591865 0.591865 0.591865
6610 4.208702 4.208702 4.208702 0.591865 0.591865 0.591865
6620 4.208702 4.208702 4.208702 0.591865 0.591865 0.591865
6630 4.208702 4.208702 4.208702 0.591865 0.591865 0.591865
6640 4.208702 4.208702 4.208702 0.591865 0.591865 0.591865
6650 4.208702 4.208702 4.208702 0.591865 0.591865 0.591865
6660 4.208702 4.208702 4.208702 0.591865 0.591865 0.591865
6670 4.208702 4.208702 4.208702 0.591865 0.591865 0.591865
6680 4.208702 4.208702 4.208702 0.591865 0.591865 0.591865
6690 4.208702 4.208702 4.208702 0.591865 0.591865 0.591865
6700 4.208702 4.208702 4.208702 0.591865 0.591865 0.591865
6710 4.208702 4.208702 4.208702 0.591865 0.591865 0.591865
6720 4.208702 4.208702 4.208702 0.591865 0.591865 0.591865
6730 4.208702 4.208702 4.208702 0.591865 0.591865 0.591865
6740 4.208702 4.208702 4.208702 0.591865 0.591865 0.591865
6750 4.208702 4.208702 4.208702 0.591865 0.591865 0.591865
6760 4.208702 4.208702 4.208702 0.591865 0.591865 0.591865
6770 4.208702 4.208702 4.208702 0.591865 0.591865 0.591865
6780 4.208702 4.208702 4.208702 0.591865 0.591865 0.591865
6790 4.208702 4.208702 4.208702 0.591865 0.591865 0.591865
6800 4.208702 4.208702 4.208702 0.591865 0.591865 0.591865
6810 4.208702 4.208702 4.208702 0.591865 0.591865 0.591865
6820 4.208702 4.208702 4.208702 0.591865 0.591865 0.591865
6830 4.208702 4.208702 4.208702 0.591865 0.591865 0.591865
6840 4.208702 4.208702 4.208702 0.591865 0.591865 0.591865
6850 4.208702 4.208702 4.208702 0.591865 0.591865 0.591865
6860 4.208702 4.208702 4.208702 0.591865 0.591865 0.591865
6870 4.208702 4.208702 4.208702 0.591865 0.591865 0.591865
6880 4.208702 4.208702 4.208702 0.591865 0.591865 0.591865
6890 4.208702 4.208702 4.208702 0.591865 0.591865 0.591865
6900 4.208702 4.208702 4.208702 0.591865 0.591865 0.591865
6910 4.208702 4.208702 4.208702 0.591865 0.591865 0.591865
6920 4.208702 4.208702 4.208702 0.591865 0.591865 0.591865
6930 4.208702 4.208702 4.208702 0.591865 0.591865 0.591865
6940 4.208702 4.208702 4.208702 0.591865 0.591865 0.591865
6950 4.208702 4.208702 4.208702 0.591865 0.591865 0.591865
6960 4.208702 4.208702 4.208702 0.591865 0.591865 0.591865
6970 4.208702 4.208702 4.208702 0.591865 0.591865 0.591865
6980 4.208702 4.208702 4.208702 0.591865 0.591865 0.591865
6990 4.208702 4.208702 4.208702 0.591865 0.591865 0.591865
7000 4.208702 4.208702 4.208702 0.591865 0.591865 0.591865
7010 4.208702 4.208702 4.208702 0.591865 0.591865 0.591865
7020 4.208702 4.208702 4.208702 0.591865 0.591865 0.591865
7030 4.208702 4.208702 4.208702 0.591865 0.591865 0.591865
7040 4.208702 4.208702 4.208702 0.591865 0.591865 0.591865
7050 4.208702 4.208702 4.208702 0.591865 0.591865 0.591865
7060 4.208702 4.208702 4.208702 0.591865 0.591865 0.591865
7070 4.208702 4.208702 4.208702 0.591865 0.591865 0.591865
7080 4.208702 4.208702 4.208702 0.591865 0.591865 0.591865
7090 4.208702 4.208702 4.208702 0.591865 0.591865 0.591865
7100 4.208702 4.208702 4.208702 0.591865 0.591865 0.591865
7110 4.208702 4.208702 4.208702 0.591865 0.591865 0.591865
7120 4.208702 4.208702 4.208702 0.591865 0.591865 0.591865
7130 4.208702 4.208702 4.208702 0.591865 0.591865 0.591865
7140 4.208702 4.208702 4.208702 0.591865 0.591865 0.591865
7150 4.208702 4.208702 4.208702 0.591865 0.591865 0.591865
7160 4.208702 4.208702 4.208702 0.591865 0.591865 0.591865
7170 4.208702 4.208702 4.208702 0.591865 0.591865 0.591865
7180 4.208702 4.208702 4.208702 0.591865 0.591865 0.591865
7190 4.208702 4.208702 4.208702 0.591865 0.591865 0.591865
7200 4.208702 4.208702 4.208702 0.591865 0.591865 0.591865
7210 4.208702 4.208702 4.208702 0.591865 0.591865 0.591865
7220 4.208702 4.208702 4.208702 0.591865 0.591865 0.591865
7230 4.208702 4.208702 4.208702 0.591865 0.591865 0.591865
7240 4.208702 4.208702 4.208702 0.591865 0.591865 0.591865
7250 4.208702 4.208702 4.208702 0.591865 0.591865 0.591865
7260 4.208702 4.208702 4.208702 0.591865 0.591865 0.591865
7270 4.208702 4.208702 4.208702 0.591865 0.591865 0.591865
7280 4.208702 4.208702 4.208702 0.591865 0.591865 0.591865
7290 4.208702 4.208702 4.208702 0.591865 0.591865 0.591865
7300 4.208702 4.208702 4.208702 0.591865 0.591865 0.591865
7310 4.208702 4.208702 4.208702 0.591865 0.591865 0.591865
7320 4.208702 4.208702 4.208702 0.591865 0.591865 0.591865
7330 4.208702 4.208702 4.208702 0.591865 0.591865 0.591865
7340 4.208702 4.208702 4.208702 0.591865 0.591865 0.591865
7350 4.208702 4.208702 4.208702 0.591865 0.591865 0.591865
7360 4.208702 4.208702 4.208702 0.591865 0.591865 0.591865
7370 4.208702 4.208702 4.208702 0.591865 0.591865 0.591865
7380 4.208702 4.208702 4.208702 0.591865 0.591865 0.591865
7390 4.208702 4.208702 4.208702 0.591865 0.591865 0.591865
7400 4.208702 4.208702 4.208702 0.591865 0.591865 0.591865
7410 4.208702 4.208702 4.208702 0.591865 0.591865 0.591865
7420 4.208702 4.208702 4.208702 0.591865 0.591865 0.591865
7430 4.208702 4.208702 4.208702 0.591865 0.591865 0.591865
7440 4.208702 4.208702 4.208702 0.591865 0.591865 0.591865
7450 4.208702 4.208702 4.208702 0.591865 0.591865 0.591865
7460 4.208702 4.208702 4.208702 0.591865 0.591865 0.591865
7470 4.208702 4.208702 4.208702 0.591865 0.591865 0.591865
7480 4.208702 4.208702 4.208702 0.591865 0.591865 0.591865
7490 4.208702 4.208702 4.208702 0.591865 0.591865 0.591865
7500 4.208702 4.208702 4.208702 0.591865 0.591865 0.591865
7510 4.208702 4.208702 4.208702 0.591865 0.591865 0.591865
7520 4.208702 4.208702 4.208702 0.591865 0.591865 0.591865
7530 4.208702 4.208702 4.208702 0.591865 0.591865 0.591865
7540 4.208702 4.208702 4.208702 0.591865 0.591865 0.591865
7550 4.208702 4.208702 4.208702 0.591865 0.591865 0.591865
7560 4.208702 4.208702 4.208702 0.591865 0.591865 0.591865
7570 4.208702 4.208702 4.208702 0.591865 0.591865 0.591865
7580 4.208702 4.208702 4.208702 0.591865 0.591865 0.591865
7590 4.208702 4.208702 4.208702 0.591865 0.591865 0.591865
7600 4.208702 4.208702 4.208702 0.591865 0.591865 0.591865
7610 4.208702 4.208702 4.208702 0.591865 0.591865 0.591865
7620 4.208702 4.208702 4.208702 0.591865 0.591865 0.591865
7630 4.208702 4.208702 4.208702 0.591865 0.591865 0.591865
7640 4.208702 4.208702 4.208702 0.591865 0.591865 0.591865
7650 4.208702 4.208702 4.208702 0.591865 0.591865 0.591865
7660 4.208702 4.208702 4.208702 0.591865 0.591865 0.591865
7670 4.208702 4.208702 4.208702 0.591865 0.591865 0.591865
7680 4.208702 4.208702 4.208702 0.591865 0.591865 0.591865
7690 4.208702 4.208702 4.208702 0.591865 0.591865 0.591865
7700 4.208702 4.208702 4.208702 0.591865 0.591865 0.591865
7710 4.208702 4.208702 4.208702 0.591865 0.591865 0.591865
7720 4.208702 4.208702 4.208702 0.591865 0.591865 0.591865
7730 4.208702 4.208702 4.208702 0.591865 0.591865 0.591865
7740 4.208702 4.208702 4.208702 0.591865 0.591865 0.591865
7750 4.208702 4.208702 4.208702 0.591865 0.591865 0.591865
7760 4.208702 4.208702 4.208702 0.591865 0.591865 0.591865
7770 4.208702 4.208702 4.208702 0.591865 0.591865 0.591865
7780 4.208702 4.208702 4.208702 0.591865 0.591865 0.591865
7790 4.208702 4.208702 4.208702 0.591865 0.591865 0.591865
7800 4.208702 4.208702 4.208702 0.591865 0.591865 0.591865
7810 4.208702 4.208702 4.208702 0.591865 0.591865 0.591865
7820 4.208702 4.208702 4.208702 0.591865 0.591865 0.591865
7830 4.208702 4.208702 4.208702 0.591865 0.591865 0.591865
7840 4.208702 4.208702 4.208702 0.591865 0.591865 0.591865
7850 4.208702 4.208702 4.208702 0.591865 0.591865 0.591865
7860 4.208702 4.208702 4.208702 0.591865 0.591865 0.591865
7870 4.208702 4.208702 4.208702 0.591865 0.591865 0.591865
7880 4.208702 4.208702 4.208702 0.591865 0.591865 0.591865
7890 4.208702 4.208702 4.208702 0.591865 0.591865 0.591865
7900 4.208702 4.208702 4.208702 0.591865 0.591865 0.591865
7910 4.208702 4.208702 4.208702 0.591865 0.591865 0.591865
7920 4.208702 4.208702 4.208702 0.591865 0.591865 0.591865
7930 4.208702 4.208702 4.208702 0.591865 0.591865 0.591865
7940 4.208702 4.208702 4.208702 0.591865 0.591865 0.591865
7950 4.208702 4.208702 4.208702 0.591865 0.591865 0.591865
7960 4.208702 4.208702 4.208702 0.591865 0.591865 0.591865
7970 4.208702 4.208702 4.208702 0.591865 0.591865 0.591865
7980 4.208702 4.208702 4.208702 0.591865 0.591865 0.591865
7990 4.208702 4.208702 4.208702 0.591865 0.591865 0.591865
8000 4.208702 4.208702 4.208702 0.591865 0.591865 0.591865
8010 4.208702 4.208702 4.208702 0.591865 0.591865 0.591865
8020 4.208702 4.208702 4.208702 0.591865 0.591865 0.591865
8030 4.208702 4.208702 4.208702 0.591865 0.591865 0.591865
8040 4.208702 4.208702 4.208702 0.591865 0.591865 0.591865
8050 4.208702 4.208702 4.208702 0.591865 0.591865 0.591865
8060 4.208702 4.208702 4.208702 0.591865 0.591865 0.591865
8070 4.208702 4.208702 4.208702 0.591865 0.591865 0.591865
8080 4.208702 4.208702 4.208702 0.591865 0.591865 0.591865
8090 4.208702 4.208702 4.208702 0.591865 0.591865 0.591865
8100 4.208702 4.208702 4.208702 0.591865 0.591865 0.591865
8110 4.208702 4.208702 4.208702 0.591865 0.591865 0.591865
8120 4.208702 4.208702 4.208702 0.591865 0.591865 0.591865
8130 4.208702 4.208702 4.208702 0.591865 0.591865 0.591865
8140 4.208702 4.208702 4.208702 0.591865 0.591865 0.591865
8150 4.208702 4.208702 4.208702 0.591865 0.591865 0.591865
8160 4.208702 4.208702 4.208702 0.591865 0.591865 0.591865
8170 4.208702 4.208702 4.208702 0.591865 0.591865 0.591865
8180 4.208702 4.208702 4.208702 0.591865 0.591865 0.591865
8190 4.208702 4.208702 4.208702 0.591865 0.591865 0.591865
8200 4.208702 4.208702 4.208702 0.591865 0.591865 0.591865
8210 4.208702 4.208702 4.208702 0.591865 0.591865 0.591865
8220 4.208702 4.208702 4.208702 0.591865 0.591865 0.591865
8230 4.208702 4.208702 4.208702 0.591865 0.591865 0.591865
8240 4.208702 4.208702 4.208702 0.591865 0.591865 0.591865
8250 4.208702 4.208702 4.208702 0.591865 0.591865 0.591865
8260 4.208702 4.208702 4.208702 0.591865 0.591865 0.591865
8270 4.208702 4.208702 4.208702 0.591865 0.591865 0.591865
8280 4.208702 4.208702 4.208702 0.591865 0.591865 0.591865
8290 4.208702 4.208702 4.208702 0.591865 0.591865 0.591865
8300 4.208702 4.208702 4.208702 0.591865 0.591865 0.591865
8310 4.208702 4.208702 4.208702 0.591865 0.591865 0.591865
8320 4.208702 4.208702 4.208702 0.591865 0.591865 0.591865
8330 4.208702 4.208702 4.208702 0.591865 0.591865 0.591865
8340 4.208702 4.208702 4.208702 0.591865 0.591865 0.591865
8350 4.208702 4.208702 4.208702 0.591865 0.591865 0.591865
8360 4.208702 4.208702 4.208702 0.591865 0.591865 0.591865
8370 4.208702 4.208702 4.208702 0.591865 0.591865 0.591865
8380 4.208702 4.208702 4.208702 0.591865 0.591865 0.591865
8390 4.208702 4.208702 4.208702 0.591865 0.591865 0.591865
8400 4.208702 4.208702 4.208702 0.591865 0.591865 0.591865
8410 4.208702 4.208702 4.208702 0.591865 0.591865 0.591865
8420 4.208702 4.208702 4.208702 0.591865 0.591865 0.591865
8430 4.208702 4.208702 4.208702 0.591865 0.591865 0.591865
8440 4.208702 4.208702 4.208702 0.591865 0.591865 0.591865
8450 4.208702 4.208702 4.208702 0.591865 0.591865 0.591865
8460 4.208702 4.208702 4.208702 0.591865 0.591865 0.591865
8470 4.208702 4.208702 4.208702 0.591865 0.591865 0.591865
8480 4.208702 4.208702 4.208702 0.591865 0.591865 0.591865
8490 4.208702 4.208702 4.208702 0.591865 0.591865 0.591865
8500 4.208702 4.208702 4.208702 0.591865 0.591865 0.591865
8510 4.208702 4.208702 4.208702 0.591865 0.591865 0.591865
8520 4.208702 4.208702 4.208702 0.591865 0.591865 0.591865
8530 4.208702 4.208702 4.208702 0.591865 0.591865 0.591865
8540 4.208702 4.208702 4.208702 0.591865 0.591865 0.591865
8550 4.208702 4.208702 4.208702 0.591865 0.591865 0.591865
8560 4.208702 4.208702 4.208702 0.591865 0.591865 0.591865
8570 4.208702 4.208702 4.208702 0.591865 0.591865 0.591865
8580 4.208702 4.208702 4.208702 0.591865 0.591865 0.591865
8590 4.208702 4.208702 4.208702 0.591865 0.591865 0.591865
8600 4.208702 4.208702 4.208702 0.591865 0.591865 0.591865
8610 4.208702 4.208702 4.208702 0.591865 0.591865 0.591865
8620 4.208702 4.208702 4.208702 0.591865 0.591865 0.591865
8630 4.208702 4.208702 4.208702 0.591865 0.591865 0.591865
8640 4.208702 4.208702 4.208702 0.591865 0.591865 0.591865
8650 4.208702 4.208702 4.208702 0.591865 0.591865 0.591865
8660 4.208702 4.208702 4.208702 0.591865 0.591865 0.591865
8670 4.208702 4.208702 4.208702 0.591865 0.591865 0.591865
8680 4.208702 4.208702 4.208702 0.591865 0.591865 0.591865
8690 4.208702 4.208702 4.208702 0.591865 0.591865 0.591865
8700 4.208702 4.208702 4.208702 0.591865 0.591865 0.591865
8710 4.208702 4.208702 4.208702 0.591865 0.591865 0.591865
8720 4.208702 4.208702 4.208702 0.591865 0.591865 0.591865
8730 4.208702 4.208702 4.208702 0.591865 0.591865 0.591865
8740 4.208702 4.208702 4.208702 0.591865 0.591865 0.591865
8750 4.208702 4.208702 4.208702 0.591865 0.591865 0.591865
8760 4.208702 4.208702 4.208702 0.591865 0.591865 0.591865
8770 4.208702 4.208702 4.208702 0.591865 0.591865 0.591865
8780 4.208702 4.208702 4.208702 0.591865 0.591865 0.591865
8790 4.208702 4.208702 4.208702 0.591865 0.591865 0.591865
8800 4.208702 4.208702 4.208702 0.591865 0.591865 0.591865
8810 4.208702 4.208702 4.208702 0.591865 0.591865 0.591865
8820 4.208702 4.208702 4.208702 0.591865 0.591865 0.591865
8830 4.208702 4.208702 4.208702 0.591865 0.591865 0.591865
8840 4.208702 4.208702 4.208702 0.591865 0.591865 0.591865
8850 4.208702 4.208702 4.208702 0.591865 0.591865 0.591865
8860 4.208702 4.208702 4.208702 0.591865 0.591865 0.591865
8870 4.208702 4.208702 4.208702 0.591865 0.591865 0.591865
8880 4.208702 4.208702 4.208702 0.591865 0.591865 0.591865
8890 4.208702 4.208702 4.208702 0.591865 0.591865 0.591865
8900 4.208702 4.208702 4.208702 0.591865 0.591865 0.591865
8910 4.208702 4.208702 4.208702 0.591865 0.591865 0.591865
8920 4.208702 4.208702 4.208702 0.591865 0.591865 0.591865
8930 4.208702 4.208702 4.208702 0.591865 0.591865 0.591865
8940 4.208702 4.208702 4.208702 0.591865 0.591865 0.591865
8950 4.208702 4.208702 4.208702 0.591865 0.591865 0.591865
8960 4.208702 4.208702 4.208702 0.591865 0.591865 0.591865
8970 4.208702 4.208702 4.208702 0.591865 0.591865 0.591865
8980 4.208702 4.208702 4.208702 0.591865 0.591865 0.591865
8990 4.208702 4.208702 4.208702 0.591865 0.591865 0.591865
9000 4.208702 4.208702 4.208702 0.591865 0.591865 0.591865
9010 4.208702 4.208702 4.208702 0.591865 0.591865 0.591865
9020 4.208702 4.208702 4.208702 0.591865 0.591865 0.591865
9030 4.208702 4.208702 4.208702 0.591865 0.591865 0.591865
9040 4.208702 4.208702 4.208702 0.591865 0.591865 0.591865
9050 4.208702 4.208702 4.208702 0.591865 0.591865 0.591865
9060 4.208702 4.208702 4.208702 0.591865 0.591865 0.591865
9070 4.208702 4.208702 4.208702 0.591865 0.591865 0.591865
9080 4.208702 4.208702 4.208702 0.591865 0.591865 0.591865
9090 4.208702 4.208702 4.208702 0.591865 0.591865 0.591865
9100 4.208702 4.208702 4.208702 0.591865 0.591865 0.591865
9110 4.208702 4.208702 4.208702 0.591865 0.591865 0.591865
9120 4.208702 4.208702 4.208702 0.591865 0.591865 0.591865
9130 4.208702 4.208702 4.208702 0.591865 0.591865 0.591865
9140 4.208702 4.208702 4.208702 0.591865 0.591865 0.591865
9150 4.208702 4.208702 4.208702 0.591865 0.591865 0.591865
9160 4.208702 4.208702 4.208702 0.591865 0.591865 0.591865
9170 4.208702 4.208702 4.208702 0.591865 0.591865 0.591865
9180 4.208702 4.208702 4.208702 0.591865 0.591865 0.591865
9190 4.208702 4.208702 4.208702 0.591865 0.591865 0.591865
9200 4.208702 4.208702 4.208702 0.591865 0.591865 0.591865
9210 4.208702 4.208702 4.208702 0.591865 0.591865 0.591865
9220 4.208702 4.208702 4.208702 0.591865 0.591865 0.591865
9230 4.208702 4.208702 4.208702 0.591865 0.591865 0.591865
9240 4.208702 4.208702 4.208702 0.591865 0.591865 0.591865
9250 4.208702 4.208702 4.208702 0.591865 0.591865 0.591865
9260 4.208702 4.208702 4.208702 0.591865 0.591865 0.591865
9270 4.208702 4.208702 4.208702 0.591865 0.591865 0.591865
9280 4.208702 4.208702 4.208702 0.591865 0.591865 0.591865
9290 4.208702 4.208702 4.208702 0.591865 0.591865 0.591865
9300 4.208702 4.208702 4.208702 0.591865 0.591865 0.591865
9310 4.208702 4.208702 4.208702 0.591865 0.591865 0.591865
9320 4.208702 4.208702 4.208702 0.591865 0.591865 0.591865
9330 4.208702 4.208702 4.208702 0.591865 0.591865 0.591865
9340 4.208702 4.208702 4.208702 0.591865 0.591865 0.591865
9350 4.208702 4.208702 4.208702 0.591865 0.591865 0.591865
9360 4.208702 4.208702 4.208702 0.591865 0.591865 0.591865
9370 4.208702 4.208702 4.208702 0.591865 0.591865 0.591865
9380 4.208702 4.208702 4.208702 0.591865 0.591865 0.591865
9390 4.208702 4.208702 4.208702 0.591865 0.591865 0.591865
9400 4.208702 4.208702 4.208702 0.591865 0.591865 0.591865
9410 4.208702 4.208702 4.208702 0.591865 0.591865 0.591865
9420 4.208702 4.208702 4.208702 0.591865 0.591865 0.591865
9430 4.208702 4.208702 4.208702 0.591865 0.591865 0.591865
9440 4.208702 4.208702 4.208702 0.591865 0.591865 0.591865
9450 4.208702 4.208702 4.208702 0.591865 0.591865 0.591865
9460 4.208702 4.208702 4.208702 0.591865 0.591865 0.591865
9470 4.208702 4.208702 4.208702 0.591865 0.591865 0.591865
9480 4.208702 4.208702 4.208702 0.591865 0.591865 0.591865
9490 4.208702 4.208702 4.208702 0.591865 0.591865 0.591865
9500 4.208702 4.208702 4.208702 0.591865 0.591865 0.591865
9510 4.208702 4.208702 4.208702 0.591865 0.591865 0.591865
9520 4.208702 4.208702 4.208702 0.591865 0.591865 0.591865
9530 4.208702 4.208702 4.208702 0.591865 0.591865 0.591865
9540 4.208702 4.208702 4.208702 0.591865 0.591865 0.591865
9550 4.208702 4.208702 4.208702 0.591865 0.591865 0.591865
9560 4.208702 4.208702 4.208702 0.591865 0.591865 0.591865
9570 4.208702 4.208702 4.208702 0.591865 0.591865 0.591865
9580 4.208702 4.208702 4.208702 0.591865 0.591865 0.591865
9590 4.208702 4.208702 4.208702 0.591865 0.591865 0.591865
9600 4.208702 4.208702 4.208702 0.591865 0.591865 0.591865
9610 4.208702 4.208702 4.208702 0.591865 0.591865 0.591865
9620 4.208702 4.208702 4.208702 0.591865 0.591865 0.591865
9630 4.208702 4.208702 4.208702 0.591865 0.591865 0.591865
9640 4.208702 4.208702 4.208702 0.591865 0.591865 0.591865
9650 4.208702 4.208702 4.208702 0.591865 0.591865 0.591865
9660 4.208702 4.208702 4.208702 0.591865 0.591865 0.591865
9670 4.208702 4.208702 4.208702 0.591865 0.591865 0.591865
9680 4.208702 4.208702 4.208702 0.591865 0.591865 0.591865
9690 4.208702 4.208702 4.208702 0.591865 0.591865 0.591865
9700 4.208702 4.208702 4.208702 0.591865 0.591865 0.591865
9710 4.208702 4.208702 4.208702 0.591865 0.591865 0.591865
9720 4.208702 4.208702 4.208702 0.591865 0.591865 0.591865
9730 4.208702 4.208702 4.208702 0.591865 0.591865 0.591865
9740 4.208702 4.208702 4.208702 0.591865 0.591865 0.591865
9750 4.208702 4.208702 4.208702 0.591865 0.591865 0.591865
9760 4.208702 4.208702 4.208702 0.591865 0.591865 0.591865
9770 4.208702 4.208702 4.208702 0.591865 0.591865 0.591865
9780 4.208702 4.208702 4.208702 0.591865 0.591865 0.591865
9790 4.208702 4.208702 4.208702 0.591865 0.591865 0.591865
9800 4.208702 4.208702 4.208702 0.591865 0.591865 0.591865
9810 4.208702 4.208702 4.208702 0.591865 0.591865 0.591865
9820 4.208702 4.208702 4.208702 0.591865 0.591865 0.591865
9830 4.208702 4.208702 4.208702 0.591865 0.591865 0.591865
9840 4.208702 4.208702 4.208702 0.591865 0.591865 0.591865
9850 4.208702 4.208702 4.208702 0.591865 0.591865 0.591865
9860 4.208702 4.208702 4.208702 0.591865 0.591865 0.591865
9870 4.208702 4.208702 4.208702 0.591865 0.591865 0.591865
9880 4.208702 4.208702 4.208702 0.591865 0.591865 0.591865
9890 4.208702 4.208702 4.208702 0.591865 0.591865 0.591865
9900 4.208702 4.208702 4.208702 0.591865 0.591865 0.591865
9910 4.208702 4.208702 4.208702 0.591865 0.591865 0.591865
9920 4.208702 4.208702 4.208702 0.591865 0.591865 0.591865
9930 4.208702 4.208702 4.208702 0.591865 0.591865 0.591865
9940 4.208702 4.208702 4.208702 0.591865 0.591865 0.591865
9950 4.208702 4.208702 4.208702 0.591865 0.591865 0.591865
9960 4.208702 4.208702 4.208702 0.591865 0.591865 0.591865
9970 4.208702 4.208702 4.208702 0.591865 0.591865 0.591865
9980 4.208702 4.208702 4.208702 0.591865 0.591865 0.591865
9990 4.208702 4.208702 4.208702 0.591865 0.591865 0.591865
10000 4.208702 4.208702 4.208702 0.591865 0.591865 0.591865
