# generation power_min power_avg power_max util_min util_avg util_max
1 12.686746 15.242247 17.476959 0.147123 0.185281 0.235109
10 12.686746 15.027933 16.471122 0.147123 0.181335 0.216359
20 12.686746 14.778000 15.947938 0.146783 0.177533 0.214192
30 12.686746 14.570353 15.704324 0.146783 0.175335 0.209364
40 12.648205 14.342607 15.442297 0.146783 0.172739 0.202771
50 11.930033 14.122778 15.257563 0.136763 0.170282 0.202771
60 11.930033 13.939075 15.052766 0.136763 0.167317 0.202771
70 11.463368 13.711221 14.875881 0.116991 0.162470 0.202771
80 11.463368 13.501873 14.743956 0.116991 0.159667 0.194643
90 11.176307 13.252508 14.423908 0.116991 0.156001 0.189872
100 11.035085 13.021252 14.192339 0.105050 0.152557 0.181975
110 10.517620 12.785814 14.016680 0.105050 0.149023 0.181975
120 10.517620 12.576936 13.770870 0.105050 0.146302 0.181975
130 10.517620 12.374176 13.592380 0.105050 0.143361 0.181975
140 10.062454 12.143337 13.393432 0.103485 0.139422 0.181975
150 10.062454 11.904924 13.114940 0.100398 0.135594 0.164165
160 10.062454 11.706758 12.836856 0.097378 0.132156 0.164165
170 9.556712 11.509958 12.686746 0.097378 0.128560 0.155233
180 9.556712 11.307530 12.519556 0.097378 0.125381 0.155233
190 9.556712 11.097787 12.095025 0.095075 0.121857 0.154368
200 9.443777 10.922933 11.930440 0.095075 0.118530 0.147960
210 9.443777 10.746229 11.683673 0.092094 0.115733 0.144419
220 9.313537 10.586252 11.463368 0.088791 0.112536 0.144419
230 9.313537 10.426887 11.330709 0.088791 0.109926 0.140233
240 9.304937 10.278370 11.156666 0.088791 0.107282 0.140233
250 9.233313 10.136875 10.951528 0.088791 0.105551 0.129600
260 9.233313 10.021197 10.751984 0.088791 0.104400 0.129600
270 8.992190 9.890229 10.638561 0.088791 0.103116 0.119148
280 8.949037 9.764357 10.508460 0.088791 0.101883 0.118432
290 8.949037 9.656534 10.313446 0.088791 0.100988 0.115864
300 8.659049 9.536287 10.168709 0.088791 0.100167 0.115864
310 8.659049 9.434477 10.062454 0.086970 0.099615 0.115864
320 8.659049 9.332329 9.920777 0.086970 0.098761 0.115864
330 8.520828 9.238091 9.813746 0.086970 0.097505 0.106784
340 8.433753 9.151390 9.555823 0.086970 0.097279 0.105292
350 8.394637 9.086293 9.446237 0.086970 0.096917 0.105292
360 8.349429 9.003979 9.401765 0.086970 0.096608 0.105292
370 8.294234 8.932225 9.357711 0.086970 0.096134 0.105292
380 8.294234 8.852203 9.304937 0.086970 0.095982 0.102415
390 8.280966 8.776626 9.219490 0.086970 0.096032 0.102415
400 8.002385 8.690000 9.138555 0.086970 0.095791 0.101017
410 7.953810 8.624150 9.024669 0.086577 0.095560 0.101017
420 7.953810 8.550343 8.971137 0.083260 0.095101 0.100849
430 7.953810 8.486632 8.912012 0.083260 0.095000 0.100849
440 7.923563 8.416862 8.755430 0.083260 0.094913 0.100849
450 7.884637 8.356185 8.697046 0.081186 0.094050 0.100849
460 7.585140 8.291347 8.620374 0.081186 0.093302 0.100849
470 7.585140 8.224074 8.550878 0.079157 0.092374 0.100849
480 7.585140 8.169700 8.472602 0.079157 0.091689 0.100181
490 7.585140 8.107632 8.432455 0.079157 0.090760 0.100181
500 7.585140 8.050635 8.354176 0.079157 0.089684 0.097887
510 7.325067 7.988169 8.294234 0.075237 0.088403 0.097887
520 7.325067 7.930727 8.245835 0.074892 0.087256 0.097887
530 7.325067 7.866760 8.210315 0.074892 0.085826 0.096341
540 7.325067 7.808459 8.178216 0.069721 0.084264 0.095079
550 7.325067 7.752155 8.125885 0.069721 0.083232 0.095079
560 7.325067 7.696441 8.002385 0.069721 0.082083 0.090338
570 7.220124 7.649200 7.953810 0.069721 0.081089 0.090338
580 7.220124 7.594392 7.895475 0.069721 0.079808 0.086683
590 7.220124 7.547958 7.811319 0.068963 0.079025 0.084388
600 7.100644 7.502689 7.748239 0.064971 0.078221 0.084269
610 7.089925 7.456049 7.685134 0.064971 0.077167 0.083059
620 7.089925 7.422954 7.613927 0.064971 0.076566 0.083059
630 6.960948 7.374293 7.585140 0.064971 0.075135 0.082763
640 6.960948 7.345061 7.556581 0.064971 0.074219 0.082763
650 6.892803 7.305103 7.510031 0.060320 0.073111 0.081955
660 6.892803 7.265171 7.510031 0.060320 0.072137 0.081955
670 6.892803 7.224841 7.457894 0.060320 0.071291 0.079613
680 6.892803 7.182108 7.409707 0.060320 0.070637 0.079613
690 6.846283 7.139295 7.325067 0.060320 0.069630 0.075237
700 6.846283 7.100854 7.325067 0.060320 0.068721 0.075237
710 6.846283 7.068564 7.295555 0.060320 0.067948 0.075128
720 6.846283 7.033497 7.250415 0.060320 0.067372 0.072176
730 6.708930 6.997210 7.189867 0.060320 0.066800 0.072176
740 6.708930 6.966866 7.160354 0.060320 0.066169 0.070717
750 6.708930 6.937108 7.105459 0.060320 0.065617 0.070361
760 6.708930 6.912916 7.094500 0.060320 0.065216 0.070361
770 6.708930 6.890489 7.026096 0.060320 0.065187 0.070361
780 6.697967 6.873018 6.963233 0.060320 0.064996 0.065711
790 6.629568 6.854088 6.960948 0.060320 0.064874 0.065711
800 6.629568 6.837752 6.908337 0.060320 0.064739 0.065711
810 6.629568 6.825141 6.908337 0.060320 0.064584 0.065711
820 6.629568 6.809110 6.906052 0.060320 0.064437 0.065711
830 6.629568 6.788923 6.906052 0.060320 0.064040 0.065711
840 6.569798 6.766339 6.848568 0.060320 0.063764 0.065711
850 6.569798 6.747707 6.846283 0.060320 0.063332 0.065612
860 6.569798 6.727783 6.826689 0.060320 0.062960 0.065612
870 6.569798 6.709325 6.826689 0.060320 0.062536 0.065612
880 6.569798 6.688308 6.826689 0.060320 0.062065 0.065612
890 6.569798 6.664790 6.823595 0.060320 0.061588 0.065612
900 6.569798 6.643976 6.766920 0.060320 0.061282 0.065612
910 6.569798 6.625490 6.763826 0.060320 0.060870 0.060961
920 6.569798 6.610527 6.708930 0.060320 0.060889 0.060961
930 6.424267 6.595780 6.649161 0.057501 0.060903 0.060961
940 6.424267 6.587368 6.629568 0.057501 0.060869 0.060961
950 6.424267 6.581391 6.629568 0.057501 0.060869 0.060961
960 6.424267 6.575415 6.629568 0.057501 0.060869 0.060961
970 6.424267 6.567982 6.629568 0.057501 0.060834 0.060961
980 6.424267 6.565432 6.569798 0.057501 0.060857 0.060961
990 6.424267 6.563977 6.569798 0.057501 0.060823 0.060961
1000 6.424267 6.563977 6.569798 0.057501 0.060823 0.060961
1010 6.424267 6.563977 6.569798 0.057501 0.060823 0.060961
1020 6.424267 6.562522 6.569798 0.057501 0.060788 0.060961
1030 6.424267 6.561066 6.569798 0.057501 0.060753 0.060961
1040 6.424267 6.555245 6.569798 0.057501 0.060615 0.060961
1050 6.424267 6.550879 6.569798 0.057501 0.060511 0.060961
1060 6.424267 6.549424 6.569798 0.057501 0.060477 0.060961
1070 6.424267 6.543603 6.569798 0.057501 0.060338 0.060961
1080 6.424267 6.536326 6.569798 0.057501 0.060165 0.060961
1090 6.424267 6.527594 6.569798 0.057501 0.059958 0.060961
1100 6.424267 6.514496 6.569798 0.057501 0.059646 0.060961
1110 6.424267 6.502854 6.569798 0.057501 0.059369 0.060961
1120 6.424267 6.488301 6.569798 0.057501 0.059023 0.060961
1130 6.424267 6.475203 6.569798 0.057501 0.058712 0.060961
1140 6.424267 6.460650 6.569798 0.057501 0.058366 0.060961
1150 6.424267 6.446097 6.569798 0.057501 0.058020 0.060961
1160 6.424267 6.431544 6.569798 0.057501 0.057674 0.060961
1170 6.424267 6.424267 6.424267 0.057501 0.057501 0.057501
1180 6.424267 6.424267 6.424267 0.057501 0.057501 0.057501
1190 6.424267 6.424267 6.424267 0.057501 0.057501 0.057501
1200 6.424267 6.424267 6.424267 0.057501 0.057501 0.057501
1210 6.424267 6.424267 6.424267 0.057501 0.057501 0.057501
1220 6.424267 6.424267 6.424267 0.057501 0.057501 0.057501
1230 6.424267 6.424267 6.424267 0.057501 0.057501 0.057501
1240 6.424267 6.424267 6.424267 0.057501 0.057501 0.057501
1250 6.424267 6.424267 6.424267 0.057501 0.057501 0.057501
1260 6.424267 6.424267 6.424267 0.057501 0.057501 0.057501
1270 6.424267 6.424267 6.424267 0.057501 0.057501 0.057501
1280 6.424267 6.424267 6.424267 0.057501 0.057501 0.057501
1290 6.424267 6.424267 6.424267 0.057501 0.057501 0.057501
1300 6.424267 6.424267 6.424267 0.057501 0.057501 0.057501
1310 6.424267 6.424267 6.424267 0.057501 0.057501 0.057501
1320 6.424267 6.424267 6.424267 0.057501 0.057501 0.057501
1330 6.424267 6.424267 6.424267 0.057501 0.057501 0.057501
1340 6.424267 6.424267 6.424267 0.057501 0.057501 0.057501
1350 6.424267 6.424267 6.424267 0.057501 0.057501 0.057501
1360 6.424267 6.424267 6.424267 0.057501 0.057501 0.057501
1370 6.424267 6.424267 6.424267 0.057501 0.057501 0.057501
1380 6.424267 6.424267 6.424267 0.057501 0.057501 0.057501
1390 6.424267 6.424267 6.424267 0.057501 0.057501 0.057501
1400 6.424267 6.424267 6.424267 0.057501 0.057501 0.057501
1410 6.424267 6.424267 6.424267 0.057501 0.057501 0.057501
1420 6.424267 6.424267 6.424267 0.057501 0.057501 0.057501
1430 6.424267 6.424267 6.424267 0.057501 0.057501 0.057501
1440 6.424267 6.424267 6.424267 0.057501 0.057501 0.057501
1450 6.424267 6.424267 6.424267 0.057501 0.057501 0.057501
1460 6.424267 6.424267 6.424267 0.057501 0.057501 0.057501
1470 6.424267 6.424267 6.424267 0.057501 0.057501 0.057501
1480 6.424267 6.424267 6.424267 0.057501 0.057501 0.057501
1490 6.424267 6.424267 6.424267 0.057501 0.057501 0.057501
1500 6.424267 6.424267 6.424267 0.057501 0.057501 0.057501
1510 6.424267 6.424267 6.424267 0.057501 0.057501 0.057501
1520 6.424267 6.424267 6.424267 0.057501 0.057501 0.057501
1530 6.424267 6.424267 6.424267 0.057501 0.057501 0.057501
1540 6.424267 6.424267 6.424267 0.057501 0.057501 0.057501
1550 6.424267 6.424267 6.424267 0.057501 0.057501 0.057501
1560 6.424267 6.424267 6.424267 0.057501 0.057501 0.057501
1570 6.424267 6.424267 6.424267 0.057501 0.057501 0.057501
1580 6.424267 6.424267 6.424267 0.057501 0.057501 0.057501
1590 6.424267 6.424267 6.424267 0.057501 0.057501 0.057501
1600 6.424267 6.424267 6.424267 0.057501 0.057501 0.057501
1610 6.424267 6.424267 6.424267 0.057501 0.057501 0.057501
1620 6.424267 6.424267 6.424267 0.057501 0.057501 0.057501
1630 6.424267 6.424267 6.424267 0.057501 0.057501 0.057501
1640 6.424267 6.424267 6.424267 0.057501 0.057501 0.057501
1650 6.424267 6.424267 6.424267 0.057501 0.057501 0.057501
1660 6.424267 6.424267 6.424267 0.057501 0.057501 0.057501
1670 6.424267 6.424267 6.424267 0.057501 0.057501 0.057501
1680 6.424267 6.424267 6.424267 0.057501 0.057501 0.057501
1690 6.424267 6.424267 6.424267 0.057501 0.057501 0.057501
1700 6.424267 6.424267 6.424267 0.057501 0.057501 0.057501
1710 6.424267 6.424267 6.424267 0.057501 0.057501 0.057501
1720 6.424267 6.424267 6.424267 0.057501 0.057501 0.057501
1730 6.424267 6.424267 6.424267 0.057501 0.057501 0.057501
1740 6.424267 6.424267 6.424267 0.057501 0.057501 0.057501
1750 6.424267 6.424267 6.424267 0.057501 0.057501 0.057501
1760 6.424267 6.424267 6.424267 0.057501 0.057501 0.057501
1770 6.424267 6.424267 6.424267 0.057501 0.057501 0.057501
1780 6.424267 6.424267 6.424267 0.057501 0.057501 0.057501
1790 6.424267 6.424267 6.424267 0.057501 0.057501 0.057501
1800 6.424267 6.424267 6.424267 0.057501 0.057501 0.057501
1810 6.424267 6.424267 6.424267 0.057501 0.057501 0.057501
1820 6.424267 6.424267 6.424267 0.057501 0.057501 0.057501
1830 6.424267 6.424267 6.424267 0.057501 0.057501 0.057501
1840 6.424267 6.424267 6.424267 0.057501 0.057501 0.057501
1850 6.424267 6.424267 6.424267 0.057501 0.057501 0.057501
1860 6.424267 6.424267 6.424267 0.057501 0.057501 0.057501
1870 6.424267 6.424267 6.424267 0.057501 0.057501 0.057501
1880 6.424267 6.424267 6.424267 0.057501 0.057501 0.057501
1890 6.424267 6.424267 6.424267 0.057501 0.057501 0.057501
1900 6.424267 6.424267 6.424267 0.057501 0.057501 0.057501
1910 6.424267 6.424267 6.424267 0.057501 0.057501 0.057501
1920 6.424267 6.424267 6.424267 0.057501 0.057501 0.057501
1930 6.424267 6.424267 6.424267 0.057501 0.057501 0.057501
1940 6.424267 6.424267 6.424267 0.057501 0.057501 0.057501
1950 6.424267 6.424267 6.424267 0.057501 0.057501 0.057501
1960 6.424267 6.424267 6.424267 0.057501 0.057501 0.057501
1970 6.424267 6.424267 6.424267 0.057501 0.057501 0.057501
1980 6.424267 6.424267 6.424267 0.057501 0.057501 0.057501
1990 6.424267 6.424267 6.424267 0.057501 0.057501 0.057501
2000 6.424267 6.424267 6.424267 0.057501 0.057501 0.057501
2010 6.424267 6.424267 6.424267 0.057501 0.057501 0.057501
2020 6.424267 6.424267 6.424267 0.057501 0.057501 0.057501
2030 6.424267 6.424267 6.424267 0.057501 0.057501 0.057501
2040 6.424267 6.424267 6.424267 0.057501 0.057501 0.057501
2050 6.424267 6.424267 6.424267 0.057501 0.057501 0.057501
2060 6.424267 6.424267 6.424267 0.057501 0.057501 0.057501
2070 6.424267 6.424267 6.424267 0.057501 0.057501 0.057501
2080 6.424267 6.424267 6.424267 0.057501 0.057501 0.057501
2090 6.424267 6.424267 6.424267 0.057501 0.057501 0.057501
2100 6.424267 6.424267 6.424267 0.057501 0.057501 0.057501
2110 6.424267 6.424267 6.424267 0.057501 0.057501 0.057501
2120 6.424267 6.424267 6.424267 0.057501 0.057501 0.057501
2130 6.424267 6.424267 6.424267 0.057501 0.057501 0.057501
2140 6.424267 6.424267 6.424267 0.057501 0.057501 0.057501
2150 6.424267 6.424267 6.424267 0.057501 0.057501 0.057501
2160 6.424267 6.424267 6.424267 0.057501 0.057501 0.057501
2170 6.424267 6.424267 6.424267 0.057501 0.057501 0.057501
2180 6.424267 6.424267 6.424267 0.057501 0.057501 0.057501
2190 6.424267 6.424267 6.424267 0.057501 0.057501 0.057501
2200 6.424267 6.424267 6.424267 0.057501 0.057501 0.057501
2210 6.424267 6.424267 6.424267 0.057501 0.057501 0.057501
2220 6.424267 6.424267 6.424267 0.057501 0.057501 0.057501
2230 6.424267 6.424267 6.424267 0.057501 0.057501 0.057501
2240 6.424267 6.424267 6.424267 0.057501 0.057501 0.057501
2250 6.424267 6.424267 6.424267 0.057501 0.057501 0.057501
2260 6.424267 6.424267 6.424267 0.057501 0.057501 0.057501
2270 6.424267 6.424267 6.424267 0.057501 0.057501 0.057501
2280 6.424267 6.424267 6.424267 0.057501 0.057501 0.057501
2290 6.424267 6.424267 6.424267 0.057501 0.057501 0.057501
2300 6.424267 6.424267 6.424267 0.057501 0.057501 0.057501
2310 6.424267 6.424267 6.424267 0.057501 0.057501 0.057501
2320 6.424267 6.424267 6.424267 0.057501 0.057501 0.057501
2330 6.424267 6.424267 6.424267 0.057501 0.057501 0.057501
2340 6.424267 6.424267 6.424267 0.057501 0.057501 0.057501
2350 6.424267 6.424267 6.424267 0.057501 0.057501 0.057501
2360 6.424267 6.424267 6.424267 0.057501 0.057501 0.057501
2370 6.424267 6.424267 6.424267 0.057501 0.057501 0.057501
2380 6.424267 6.424267 6.424267 0.057501 0.057501 0.057501
2390 6.424267 6.424267 6.424267 0.057501 0.057501 0.057501
2400 6.424267 6.424267 6.424267 0.057501 0.057501 0.057501
2410 6.424267 6.424267 6.424267 0.057501 0.057501 0.057501
2420 6.424267 6.424267 6.424267 0.057501 0.057501 0.057501
2430 6.424267 6.424267 6.424267 0.057501 0.057501 0.057501
2440 6.424267 6.424267 6.424267 0.057501 0.057501 0.057501
2450 6.424267 6.424267 6.424267 0.057501 0.057501 0.057501
2460 6.424267 6.424267 6.424267 0.057501 0.057501 0.057501
2470 6.424267 6.424267 6.424267 0.057501 0.057501 0.057501
2480 6.424267 6.424267 6.424267 0.057501 0.057501 0.057501
2490 6.424267 6.424267 6.424267 0.057501 0.057501 0.057501
2500 6.424267 6.424267 6.424267 0.057501 0.057501 0.057501
2510 6.424267 6.424267 6.424267 0.057501 0.057501 0.057501
2520 6.424267 6.424267 6.424267 0.057501 0.057501 0.057501
2530 6.424267 6.424267 6.424267 0.057501 0.057501 0.057501
2540 6.424267 6.424267 6.424267 0.057501 0.057501 0.057501
2550 6.424267 6.424267 6.424267 0.057501 0.057501 0.057501
2560 6.424267 6.424267 6.424267 0.057501 0.057501 0.057501
2570 6.424267 6.424267 6.424267 0.057501 0.057501 0.057501
2580 6.424267 6.424267 6.424267 0.057501 0.057501 0.057501
2590 6.424267 6.424267 6.424267 0.057501 0.057501 0.057501
2600 6.424267 6.424267 6.424267 0.057501 0.057501 0.057501
2610 6.424267 6.424267 6.424267 0.057501 0.057501 0.057501
2620 6.424267 6.424267 6.424267 0.057501 0.057501 0.057501
2630 6.424267 6.424267 6.424267 0.057501 0.057501 0.057501
2640 6.424267 6.424267 6.424267 0.057501 0.057501 0.057501
2650 6.424267 6.424267 6.424267 0.057501 0.057501 0.057501
2660 6.424267 6.424267 6.424267 0.057501 0.057501 0.057501
2670 6.424267 6.424267 6.424267 0.057501 0.057501 0.057501
2680 6.424267 6.424267 6.424267 0.057501 0.057501 0.057501
2690 6.424267 6.424267 6.424267 0.057501 0.057501 0.057501
2700 6.424267 6.424267 6.424267 0.057501 0.057501 0.057501
2710 6.424267 6.424267 6.424267 0.057501 0.057501 0.057501
2720 6.424267 6.424267 6.424267 0.057501 0.057501 0.057501
2730 6.424267 6.424267 6.424267 0.057501 0.057501 0.057501
2740 6.424267 6.424267 6.424267 0.057501 0.057501 0.057501
2750 6.424267 6.424267 6.424267 0.057501 0.057501 0.057501
2760 6.424267 6.424267 6.424267 0.057501 0.057501 0.057501
2770 6.424267 6.424267 6.424267 0.057501 0.057501 0.057501
2780 6.424267 6.424267 6.424267 0.057501 0.057501 0.057501
2790 6.424267 6.424267 6.424267 0.057501 0.057501 0.057501
2800 6.424267 6.424267 6.424267 0.057501 0.057501 0.057501
2810 6.424267 6.424267 6.424267 0.057501 0.057501 0.057501
2820 6.424267 6.424267 6.424267 0.057501 0.057501 0.057501
2830 6.424267 6.424267 6.424267 0.057501 0.057501 0.057501
2840 6.424267 6.424267 6.424267 0.057501 0.057501 0.057501
2850 6.424267 6.424267 6.424267 0.057501 0.057501 0.057501
2860 6.424267 6.424267 6.424267 0.057501 0.057501 0.057501
2870 6.424267 6.424267 6.424267 0.057501 0.057501 0.057501
2880 6.424267 6.424267 6.424267 0.057501 0.057501 0.057501
2890 6.424267 6.424267 6.424267 0.057501 0.057501 0.057501
2900 6.424267 6.424267 6.424267 0.057501 0.057501 0.057501
2910 6.424267 6.424267 6.424267 0.057501 0.057501 0.057501
2920 6.424267 6.424267 6.424267 0.057501 0.057501 0.057501
2930 6.424267 6.424267 6.424267 0.057501 0.057501 0.057501
2940 6.424267 6.424267 6.424267 0.057501 0.057501 0.057501
2950 6.424267 6.424267 6.424267 0.057501 0.057501 0.057501
2960 6.424267 6.424267 6.424267 0.057501 0.057501 0.057501
2970 6.424267 6.424267 6.424267 0.057501 0.057501 0.057501
2980 6.424267 6.424267 6.424267 0.057501 0.057501 0.057501
2990 6.424267 6.424267 6.424267 0.057501 0.057501 0.057501
3000 6.424267 6.424267 6.424267 0.057501 0.057501 0.057501
3010 6.424267 6.424267 6.424267 0.057501 0.057501 0.057501
3020 6.424267 6.424267 6.424267 0.057501 0.057501 0.057501
3030 6.424267 6.424267 6.424267 0.057501 0.057501 0.057501
3040 6.424267 6.424267 6.424267 0.057501 0.057501 0.057501
3050 6.424267 6.424267 6.424267 0.057501 0.057501 0.057501
3060 6.424267 6.424267 6.424267 0.057501 0.057501 0.057501
3070 6.424267 6.424267 6.424267 0.057501 0.057501 0.057501
3080 6.424267 6.424267 6.424267 0.057501 0.057501 0.057501
3090 6.424267 6.424267 6.424267 0.057501 0.057501 0.057501
3100 6.424267 6.424267 6.424267 0.057501 0.057501 0.057501
3110 6.424267 6.424267 6.424267 0.057501 0.057501 0.057501
3120 6.424267 6.424267 6.424267 0.057501 0.057501 0.057501
3130 6.424267 6.424267 6.424267 0.057501 0.057501 0.057501
3140 6.424267 6.424267 6.424267 0.057501 0.057501 0.057501
3150 6.424267 6.424267 6.424267 0.057501 0.057501 0.057501
3160 6.424267 6.424267 6.424267 0.057501 0.057501 0.057501
3170 6.424267 6.424267 6.424267 0.057501 0.057501 0.057501
3180 6.424267 6.424267 6.424267 0.057501 0.057501 0.057501
3190 6.424267 6.424267 6.424267 0.057501 0.057501 0.057501
3200 6.424267 6.424267 6.424267 0.057501 0.057501 0.057501
3210 6.424267 6.424267 6.424267 0.057501 0.057501 0.057501
3220 6.424267 6.424267 6.424267 0.057501 0.057501 0.057501
3230 6.424267 6.424267 6.424267 0.057501 0.057501 0.057501
3240 6.424267 6.424267 6.424267 0.057501 0.057501 0.057501
3250 6.424267 6.424267 6.424267 0.057501 0.057501 0.057501
3260 6.424267 6.424267 6.424267 0.057501 0.057501 0.057501
3270 6.424267 6.424267 6.424267 0.057501 0.057501 0.057501
3280 6.424267 6.424267 6.424267 0.057501 0.057501 0.057501
3290 6.424267 6.424267 6.424267 0.057501 0.057501 0.057501
3300 6.424267 6.424267 6.424267 0.057501 0.057501 0.057501
3310 6.424267 6.424267 6.424267 0.057501 0.057501 0.057501
3320 6.424267 6.424267 6.424267 0.057501 0.057501 0.057501
3330 6.424267 6.424267 6.424267 0.057501 0.057501 0.057501
3340 6.424267 6.424267 6.424267 0.057501 0.057501 0.057501
3350 6.424267 6.424267 6.424267 0.057501 0.057501 0.057501
3360 6.424267 6.424267 6.424267 0.057501 0.057501 0.057501
3370 6.424267 6.424267 6.424267 0.057501 0.057501 0.057501
3380 6.424267 6.424267 6.424267 0.057501 0.057501 0.057501
3390 6.424267 6.424267 6.424267 0.057501 0.057501 0.057501
3400 6.424267 6.424267 6.424267 0.057501 0.057501 0.057501
3410 6.424267 6.424267 6.424267 0.057501 0.057501 0.057501
3420 6.424267 6.424267 6.424267 0.057501 0.057501 0.057501
3430 6.424267 6.424267 6.424267 0.057501 0.057501 0.057501
3440 6.424267 6.424267 6.424267 0.057501 0.057501 0.057501
3450 6.424267 6.424267 6.424267 0.057501 0.057501 0.057501
3460 6.424267 6.424267 6.424267 0.057501 0.057501 0.057501
3470 6.424267 6.424267 6.424267 0.057501 0.057501 0.057501
3480 6.424267 6.424267 6.424267 0.057501 0.057501 0.057501
3490 6.424267 6.424267 6.424267 0.057501 0.057501 0.057501
3500 6.424267 6.424267 6.424267 0.057501 0.057501 0.057501
3510 6.424267 6.424267 6.424267 0.057501 0.057501 0.057501
3520 6.424267 6.424267 6.424267 0.057501 0.057501 0.057501
3530 6.424267 6.424267 6.424267 0.057501 0.057501 0.057501
3540 6.424267 6.424267 6.424267 0.057501 0.057501 0.057501
3550 6.424267 6.424267 6.424267 0.057501 0.057501 0.057501
3560 6.424267 6.424267 6.424267 0.057501 0.057501 0.057501
3570 6.424267 6.424267 6.424267 0.057501 0.057501 0.057501
3580 6.424267 6.424267 6.424267 0.057501 0.057501 0.057501
3590 6.424267 6.424267 6.424267 0.057501 0.057501 0.057501
3600 6.424267 6.424267 6.424267 0.057501 0.057501 0.057501
3610 6.424267 6.424267 6.424267 0.057501 0.057501 0.057501
3620 6.424267 6.424267 6.424267 0.057501 0.057501 0.057501
3630 6.424267 6.424267 6.424267 0.057501 0.057501 0.057501
3640 6.424267 6.424267 6.424267 0.057501 0.057501 0.057501
3650 6.424267 6.424267 6.424267 0.057501 0.057501 0.057501
3660 6.424267 6.424267 6.424267 0.057501 0.057501 0.057501
3670 6.424267 6.424267 6.424267 0.057501 0.057501 0.057501
3680 6.424267 6.424267 6.424267 0.057501 0.057501 0.057501
3690 6.424267 6.424267 6.424267 0.057501 0.057501 0.057501
3700 6.424267 6.424267 6.424267 0.057501 0.057501 0.057501
3710 6.424267 6.424267 6.424267 0.057501 0.057501 0.057501
3720 6.424267 6.424267 6.424267 0.057501 0.057501 0.057501
3730 6.424267 6.424267 6.424267 0.057501 0.057501 0.057501
3740 6.424267 6.424267 6.424267 0.057501 0.057501 0.057501
3750 6.424267 6.424267 6.424267 0.057501 0.057501 0.057501
3760 6.424267 6.424267 6.424267 0.057501 0.057501 0.057501
3770 6.424267 6.424267 6.424267 0.057501 0.057501 0.057501
3780 6.424267 6.424267 6.424267 0.057501 0.057501 0.057501
3790 6.424267 6.424267 6.424267 0.057501 0.057501 0.057501
3800 6.424267 6.424267 6.424267 0.057501 0.057501 0.057501
3810 6.424267 6.424267 6.424267 0.057501 0.057501 0.057501
3820 6.424267 6.424267 6.424267 0.057501 0.057501 0.057501
3830 6.424267 6.424267 6.424267 0.057501 0.057501 0.057501
3840 6.424267 6.424267 6.424267 0.057501 0.057501 0.057501
3850 6.424267 6.424267 6.424267 0.057501 0.057501 0.057501
3860 6.424267 6.424267 6.424267 0.057501 0.057501 0.057501
3870 6.424267 6.424267 6.424267 0.057501 0.057501 0.057501
3880 6.424267 6.424267 6.424267 0.057501 0.057501 0.057501
3890 6.424267 6.424267 6.424267 0.057501 0.057501 0.057501
3900 6.424267 6.424267 6.424267 0.057501 0.057501 0.057501
3910 6.424267 6.424267 6.424267 0.057501 0.057501 0.057501
3920 6.424267 6.424267 6.424267 0.057501 0.057501 0.057501
3930 6.424267 6.424267 6.424267 0.057501 0.057501 0.057501
3940 6.424267 6.424267 6.424267 0.057501 0.057501 0.057501
3950 6.424267 6.424267 6.424267 0.057501 0.057501 0.057501
3960 6.424267 6.424267 6.424267 0.057501 0.057501 0.057501
3970 6.424267 6.424267 6.424267 0.057501 0.057501 0.057501
3980 6.424267 6.424267 6.424267 0.057501 0.057501 0.057501
3990 6.424267 6.424267 6.424267 0.057501 0.057501 0.057501
4000 6.424267 6.424267 6.424267 0.057501 0.057501 0.057501
4010 6.424267 6.424267 6.424267 0.057501 0.057501 0.057501
4020 6.424267 6.424267 6.424267 0.057501 0.057501 0.057501
4030 6.424267 6.424267 6.424267 0.057501 0.057501 0.057501
4040 6.424267 6.424267 6.424267 0.057501 0.057501 0.057501
4050 6.424267 6.424267 6.424267 0.057501 0.057501 0.057501
4060 6.424267 6.424267 6.424267 0.057501 0.057501 0.057501
4070 6.424267 6.424267 6.424267 0.057501 0.057501 0.057501
4080 6.424267 6.424267 6.424267 0.057501 0.057501 0.057501
4090 6.424267 6.424267 6.424267 0.057501 0.057501 0.057501
4100 6.424267 6.424267 6.424267 0.057501 0.057501 0.057501
4110 6.424267 6.424267 6.424267 0.057501 0.057501 0.057501
4120 6.424267 6.424267 6.424267 0.057501 0.057501 0.057501
4130 6.424267 6.424267 6.424267 0.057501 0.057501 0.057501
4140 6.424267 6.424267 6.424267 0.057501 0.057501 0.057501
4150 6.424267 6.424267 6.424267 0.057501 0.057501 0.057501
4160 6.424267 6.424267 6.424267 0.057501 0.057501 0.057501
4170 6.424267 6.424267 6.424267 0.057501 0.057501 0.057501
4180 6.424267 6.424267 6.424267 0.057501 0.057501 0.057501
4190 6.424267 6.424267 6.424267 0.057501 0.057501 0.057501
4200 6.424267 6.424267 6.424267 0.057501 0.057501 0.057501
4210 6.424267 6.424267 6.424267 0.057501 0.057501 0.057501
4220 6.424267 6.424267 6.424267 0.057501 0.057501 0.057501
4230 6.424267 6.424267 6.424267 0.057501 0.057501 0.057501
4240 6.424267 6.424267 6.424267 0.057501 0.057501 0.057501
4250 6.424267 6.424267 6.424267 0.057501 0.057501 0.057501
4260 6.424267 6.424267 6.424267 0.057501 0.057501 0.057501
4270 6.424267 6.424267 6.424267 0.057501 0.057501 0.057501
4280 6.424267 6.424267 6.424267 0.057501 0.057501 0.057501
4290 6.424267 6.424267 6.424267 0.057501 0.057501 0.057501
4300 6.424267 6.424267 6.424267 0.057501 0.057501 0.057501
4310 6.424267 6.424267 6.424267 0.057501 0.057501 0.057501
4320 6.424267 6.424267 6.424267 0.057501 0.057501 0.057501
4330 6.424267 6.424267 6.424267 0.057501 0.057501 0.057501
4340 6.424267 6.424267 6.424267 0.057501 0.057501 0.057501
4350 6.424267 6.424267 6.424267 0.057501 0.057501 0.057501
4360 6.424267 6.424267 6.424267 0.057501 0.057501 0.057501
4370 6.424267 6.424267 6.424267 0.057501 0.057501 0.057501
4380 6.424267 6.424267 6.424267 0.057501 0.057501 0.057501
4390 6.424267 6.424267 6.424267 0.057501 0.057501 0.057501
4400 6.424267 6.424267 6.424267 0.057501 0.057501 0.057501
4410 6.424267 6.424267 6.424267 0.057501 0.057501 0.057501
4420 6.424267 6.424267 6.424267 0.057501 0.057501 0.057501
4430 6.424267 6.424267 6.424267 0.057501 0.057501 0.057501
4440 6.424267 6.424267 6.424267 0.057501 0.057501 0.057501
4450 6.424267 6.424267 6.424267 0.057501 0.057501 0.057501
4460 6.424267 6.424267 6.424267 0.057501 0.057501 0.057501
4470 6.424267 6.424267 6.424267 0.057501 0.057501 0.057501
4480 6.424267 6.424267 6.424267 0.057501 0.057501 0.057501
4490 6.424267 6.424267 6.424267 0.057501 0.057501 0.057501
4500 6.424267 6.424267 6.424267 0.057501 0.057501 0.057501
4510 6.424267 6.424267 6.424267 0.057501 0.057501 0.057501
4520 6.424267 6.424267 6.424267 0.057501 0.057501 0.057501
4530 6.424267 6.424267 6.424267 0.057501 0.057501 0.057501
4540 6.424267 6.424267 6.424267 0.057501 0.057501 0.057501
4550 6.424267 6.424267 6.424267 0.057501 0.057501 0.057501
4560 6.424267 6.424267 6.424267 0.057501 0.057501 0.057501
4570 6.424267 6.424267 6.424267 0.057501 0.057501 0.057501
4580 6.424267 6.424267 6.424267 0.057501 0.057501 0.057501
4590 6.424267 6.424267 6.424267 0.057501 0.057501 0.057501
4600 6.424267 6.424267 6.424267 0.057501 0.057501 0.057501
4610 6.424267 6.424267 6.424267 0.057501 0.057501 0.057501
4620 6.424267 6.424267 6.424267 0.057501 0.057501 0.057501
4630 6.424267 6.424267 6.424267 0.057501 0.057501 0.057501
4640 6.424267 6.424267 6.424267 0.057501 0.057501 0.057501
4650 6.424267 6.424267 6.424267 0.057501 0.057501 0.057501
4660 6.424267 6.424267 6.424267 0.057501 0.057501 0.057501
4670 6.424267 6.424267 6.424267 0.057501 0.057501 0.057501
4680 6.424267 6.424267 6.424267 0.057501 0.057501 0.057501
4690 6.424267 6.424267 6.424267 0.057501 0.057501 0.057501
4700 6.424267 6.424267 6.424267 0.057501 0.057501 0.057501
4710 6.424267 6.424267 6.424267 0.057501 0.057501 0.057501
4720 6.424267 6.424267 6.424267 0.057501 0.057501 0.057501
4730 6.424267 6.424267 6.424267 0.057501 0.057501 0.057501
4740 6.424267 6.424267 6.424267 0.057501 0.057501 0.057501
4750 6.424267 6.424267 6.424267 0.057501 0.057501 0.057501
4760 6.424267 6.424267 6.424267 0.057501 0.057501 0.057501
4770 6.424267 6.424267 6.424267 0.057501 0.057501 0.057501
4780 6.424267 6.424267 6.424267 0.057501 0.057501 0.057501
4790 6.424267 6.424267 6.424267 0.057501 0.057501 0.057501
4800 6.424267 6.424267 6.424267 0.057501 0.057501 0.057501
4810 6.424267 6.424267 6.424267 0.057501 0.057501 0.057501
4820 6.424267 6.424267 6.424267 0.057501 0.057501 0.057501
4830 6.424267 6.424267 6.424267 0.057501 0.057501 0.057501
4840 6.424267 6.424267 6.424267 0.057501 0.057501 0.057501
4850 6.424267 6.424267 6.424267 0.057501 0.057501 0.057501
4860 6.424267 6.424267 6.424267 0.057501 0.057501 0.057501
4870 6.424267 6.424267 6.424267 0.057501 0.057501 0.057501
4880 6.424267 6.424267 6.424267 0.057501 0.057501 0.057501
4890 6.424267 6.424267 6.424267 0.057501 0.057501 0.057501
4900 6.424267 6.424267 6.424267 0.057501 0.057501 0.057501
4910 6.424267 6.424267 6.424267 0.057501 0.057501 0.057501
4920 6.424267 6.424267 6.424267 0.057501 0.057501 0.057501
4930 6.424267 6.424267 6.424267 0.057501 0.057501 0.057501
4940 6.424267 6.424267 6.424267 0.057501 0.057501 0.057501
4950 6.424267 6.424267 6.424267 0.057501 0.057501 0.057501
4960 6.424267 6.424267 6.424267 0.057501 0.057501 0.057501
4970 6.424267 6.424267 6.424267 0.057501 0.057501 0.057501
4980 6.424267 6.424267 6.424267 0.057501 0.057501 0.057501
4990 6.424267 6.424267 6.424267 0.057501 0.057501 0.057501
5000 6.424267 6.424267 6.424267 0.057501 0.057501 0.057501
5010 6.424267 6.424267 6.424267 0.057501 0.057501 0.057501
5020 6.424267 6.424267 6.424267 0.057501 0.057501 0.057501
5030 6.424267 6.424267 6.424267 0.057501 0.057501 0.057501
5040 6.424267 6.424267 6.424267 0.057501 0.057501 0.057501
5050 6.424267 6.424267 6.424267 0.057501 0.057501 0.057501
5060 6.424267 6.424267 6.424267 0.057501 0.057501 0.057501
5070 6.424267 6.424267 6.424267 0.057501 0.057501 0.057501
5080 6.424267 6.424267 6.424267 0.057501 0.057501 0.057501
5090 6.424267 6.424267 6.424267 0.057501 0.057501 0.057501
5100 6.424267 6.424267 6.424267 0.057501 0.057501 0.057501
5110 6.424267 6.424267 6.424267 0.057501 0.057501 0.057501
5120 6.424267 6.424267 6.424267 0.057501 0.057501 0.057501
5130 6.424267 6.424267 6.424267 0.057501 0.057501 0.057501
5140 6.424267 6.424267 6.424267 0.057501 0.057501 0.057501
5150 6.424267 6.424267 6.424267 0.057501 0.057501 0.057501
5160 6.424267 6.424267 6.424267 0.057501 0.057501 0.057501
5170 6.424267 6.424267 6.424267 0.057501 0.057501 0.057501
5180 6.424267 6.424267 6.424267 0.057501 0.057501 0.057501
5190 6.424267 6.424267 6.424267 0.057501 0.057501 0.057501
5200 6.424267 6.424267 6.424267 0.057501 0.057501 0.057501
5210 6.424267 6.424267 6.424267 0.057501 0.057501 0.057501
5220 6.424267 6.424267 6.424267 0.057501 0.057501 0.057501
5230 6.424267 6.424267 6.424267 0.057501 0.057501 0.057501
5240 6.424267 6.424267 6.424267 0.057501 0.057501 0.057501
5250 6.424267 6.424267 6.424267 0.057501 0.057501 0.057501
5260 6.424267 6.424267 6.424267 0.057501 0.057501 0.057501
5270 6.424267 6.424267 6.424267 0.057501 0.057501 0.057501
5280 6.424267 6.424267 6.424267 0.057501 0.057501 0.057501
5290 6.424267 6.424267 6.424267 0.057501 0.057501 0.057501
5300 6.424267 6.424267 6.424267 0.057501 0.057501 0.057501
5310 6.424267 6.424267 6.424267 0.057501 0.057501 0.057501
5320 6.424267 6.424267 6.424267 0.057501 0.057501 0.057501
5330 6.424267 6.424267 6.424267 0.057501 0.057501 0.057501
5340 6.424267 6.424267 6.424267 0.057501 0.057501 0.057501
5350 6.424267 6.424267 6.424267 0.057501 0.057501 0.057501
5360 6.424267 6.424267 6.424267 0.057501 0.057501 0.057501
5370 6.424267 6.424267 6.424267 0.057501 0.057501 0.057501
5380 6.424267 6.424267 6.424267 0.057501 0.057501 0.057501
5390 6.424267 6.424267 6.424267 0.057501 0.057501 0.057501
5400 6.424267 6.424267 6.424267 0.057501 0.057501 0.057501
5410 6.424267 6.424267 6.424267 0.057501 0.057501 0.057501
5420 6.424267 6.424267 6.424267 0.057501 0.057501 0.057501
5430 6.424267 6.424267 6.424267 0.057501 0.057501 0.057501
5440 6.424267 6.424267 6.424267 0.057501 0.057501 0.057501
5450 6.424267 6.424267 6.424267 0.057501 0.057501 0.057501
5460 6.424267 6.424267 6.424267 0.057501 0.057501 0.057501
5470 6.424267 6.424267 6.424267 0.057501 0.057501 0.057501
5480 6.424267 6.424267 6.424267 0.057501 0.057501 0.057501
5490 6.424267 6.424267 6.424267 0.057501 0.057501 0.057501
5500 6.424267 6.424267 6.424267 0.057501 0.057501 0.057501
5510 6.424267 6.424267 6.424267 0.057501 0.057501 0.057501
5520 6.424267 6.424267 6.424267 0.057501 0.057501 0.057501
5530 6.424267 6.424267 6.424267 0.057501 0.057501 0.057501
5540 6.424267 6.424267 6.424267 0.057501 0.057501 0.057501
5550 6.424267 6.424267 6.424267 0.057501 0.057501 0.057501
5560 6.424267 6.424267 6.424267 0.057501 0.057501 0.057501
5570 6.424267 6.424267 6.424267 0.057501 0.057501 0.057501
5580 6.424267 6.424267 6.424267 0.057501 0.057501 0.057501
5590 6.424267 6.424267 6.424267 0.057501 0.057501 0.057501
5600 6.424267 6.424267 6.424267 0.057501 0.057501 0.057501
5610 6.424267 6.424267 6.424267 0.057501 0.057501 0.057501
5620 6.424267 6.424267 6.424267 0.057501 0.057501 0.057501
5630 6.424267 6.424267 6.424267 0.057501 0.057501 0.057501
5640 6.424267 6.424267 6.424267 0.057501 0.057501 0.057501
5650 6.424267 6.424267 6.424267 0.057501 0.057501 0.057501
5660 6.424267 6.424267 6.424267 0.057501 0.057501 0.057501
5670 6.424267 6.424267 6.424267 0.057501 0.057501 0.057501
5680 6.424267 6.424267 6.424267 0.057501 0.057501 0.057501
5690 6.424267 6.424267 6.424267 0.057501 0.057501 0.057501
5700 6.424267 6.424267 6.424267 0.057501 0.057501 0.057501
5710 6.424267 6.424267 6.424267 0.057501 0.057501 0.057501
5720 6.424267 6.424267 6.424267 0.057501 0.057501 0.057501
5730 6.424267 6.424267 6.424267 0.057501 0.057501 0.057501
5740 6.424267 6.424267 6.424267 0.057501 0.057501 0.057501
5750 6.424267 6.424267 6.424267 0.057501 0.057501 0.057501
5760 6.424267 6.424267 6.424267 0.057501 0.057501 0.057501
5770 6.424267 6.424267 6.424267 0.057501 0.057501 0.057501
5780 6.424267 6.424267 6.424267 0.057501 0.057501 0.057501
5790 6.424267 6.424267 6.424267 0.057501 0.057501 0.057501
5800 6.424267 6.424267 6.424267 0.057501 0.057501 0.057501
5810 6.424267 6.424267 6.424267 0.057501 0.057501 0.057501
5820 6.424267 6.424267 6.424267 0.057501 0.057501 0.057501
5830 6.424267 6.424267 6.424267 0.057501 0.057501 0.057501
5840 6.424267 6.424267 6.424267 0.057501 0.057501 0.057501
5850 6.424267 6.424267 6.424267 0.057501 0.057501 0.057501
5860 6.424267 6.424267 6.424267 0.057501 0.057501 0.057501
5870 6.424267 6.424267 6.424267 0.057501 0.057501 0.057501
5880 6.424267 6.424267 6.424267 0.057501 0.057501 0.057501
5890 6.424267 6.424267 6.424267 0.057501 0.057501 0.057501
5900 6.424267 6.424267 6.424267 0.057501 0.057501 0.057501
5910 6.424267 6.424267 6.424267 0.057501 0.057501 0.057501
5920 6.424267 6.424267 6.424267 0.057501 0.057501 0.057501
5930 6.424267 6.424267 6.424267 0.057501 0.057501 0.057501
5940 6.424267 6.424267 6.424267 0.057501 0.057501 0.057501
5950 6.424267 6.424267 6.424267 0.057501 0.057501 0.057501
5960 6.424267 6.424267 6.424267 0.057501 0.057501 0.057501
5970 6.424267 6.424267 6.424267 0.057501 0.057501 0.057501
5980 6.424267 6.424267 6.424267 0.057501 0.057501 0.057501
5990 6.424267 6.424267 6.424267 0.057501 0.057501 0.057501
6000 6.424267 6.424267 6.424267 0.057501 0.057501 0.057501
6010 6.424267 6.424267 6.424267 0.057501 0.057501 0.057501
6020 6.424267 6.424267 6.424267 0.057501 0.057501 0.057501
6030 6.424267 6.424267 6.424267 0.057501 0.057501 0.057501
6040 6.424267 6.424267 6.424267 0.057501 0.057501 0.057501
6050 6.424267 6.424267 6.424267 0.057501 0.057501 0.057501
6060 6.424267 6.424267 6.424267 0.057501 0.057501 0.057501
6070 6.424267 6.424267 6.424267 0.057501 0.057501 0.057501
6080 6.424267 6.424267 6.424267 0.057501 0.057501 0.057501
6090 6.424267 6.424267 6.424267 0.057501 0.057501 0.057501
6100 6.424267 6.424267 6.424267 0.057501 0.057501 0.057501
6110 6.424267 6.424267 6.424267 0.057501 0.057501 0.057501
6120 6.424267 6.424267 6.424267 0.057501 0.057501 0.057501
6130 6.424267 6.424267 6.424267 0.057501 0.057501 0.057501
6140 6.424267 6.424267 6.424267 0.057501 0.057501 0.057501
6150 6.424267 6.424267 6.424267 0.057501 0.057501 0.057501
6160 6.424267 6.424267 6.424267 0.057501 0.057501 0.057501
6170 6.424267 6.424267 6.424267 0.057501 0.057501 0.057501
6180 6.424267 6.424267 6.424267 0.057501 0.057501 0.057501
6190 6.424267 6.424267 6.424267 0.057501 0.057501 0.057501
6200 6.424267 6.424267 6.424267 0.057501 0.057501 0.057501
6210 6.424267 6.424267 6.424267 0.057501 0.057501 0.057501
6220 6.424267 6.424267 6.424267 0.057501 0.057501 0.057501
6230 6.424267 6.424267 6.424267 0.057501 0.057501 0.057501
6240 6.424267 6.424267 6.424267 0.057501 0.057501 0.057501
6250 6.424267 6.424267 6.424267 0.057501 0.057501 0.057501
6260 6.424267 6.424267 6.424267 0.057501 0.057501 0.057501
6270 6.424267 6.424267 6.424267 0.057501 0.057501 0.057501
6280 6.424267 6.424267 6.424267 0.057501 0.057501 0.057501
6290 6.424267 6.424267 6.424267 0.057501 0.057501 0.057501
6300 6.424267 6.424267 6.424267 0.057501 0.057501 0.057501
6310 6.424267 6.424267 6.424267 0.057501 0.057501 0.057501
6320 6.424267 6.424267 6.424267 0.057501 0.057501 0.057501
6330 6.424267 6.424267 6.424267 0.057501 0.057501 0.057501
6340 6.424267 6.424267 6.424267 0.057501 0.057501 0.057501
6350 6.424267 6.424267 6.424267 0.057501 0.057501 0.057501
6360 6.424267 6.424267 6.424267 0.057501 0.057501 0.057501
6370 6.424267 6.424267 6.424267 0.057501 0.057501 0.057501
6380 6.424267 6.424267 6.424267 0.057501 0.057501 0.057501
6390 6.424267 6.424267 6.424267 0.057501 0.057501 0.057501
6400 6.424267 6.424267 6.424267 0.057501 0.057501 0.057501
6410 6.424267 6.424267 6.424267 0.057501 0.057501 0.057501
6420 6.424267 6.424267 6.424267 0.057501 0.057501 0.057501
6430 6.424267 6.424267 6.424267 0.057501 0.057501 0.057501
6440 6.424267 6.424267 6.424267 0.057501 0.057501 0.057501
6450 6.424267 6.424267 6.424267 0.057501 0.057501 0.057501
6460 6.424267 6.424267 6.424267 0.057501 0.057501 0.057501
6470 6.424267 6.424267 6.424267 0.057501 0.057501 0.057501
6480 6.424267 6.424267 6.424267 0.057501 0.057501 0.057501
6490 6.424267 6.424267 6.424267 0.057501 0.057501 0.057501
6500 6.424267 6.424267 6.424267 0.057501 0.057501 0.057501
6510 6.424267 6.424267 6.424267 0.057501 0.057501 0.057501
6520 6.424267 6.424267 6.424267 0.057501 0.057501 0.057501
6530 6.424267 6.424267 6.424267 0.057501 0.057501 0.057501
6540 6.424267 6.424267 6.424267 0.057501 0.057501 0.057501
6550 6.424267 6.424267 6.424267 0.057501 0.057501 0.057501
6560 6.424267 6.424267 6.424267 0.057501 0.057501 0.057501
6570 6.424267 6.424267 6.424267 0.057501 0.057501 0.057501
6580 6.424267 6.424267 6.424267 0.057501 0.057501 0.057501
6590 6.424267 6.424267 6.424267 0.057501 0.057501 0.057501
6600 6.424267 6.424267 6.424267 0.057501 0.057501 0.057501
6610 6.424267 6.424267 6.424267 0.057501 0.057501 0.057501
6620 6.424267 6.424267 6.424267 0.057501 0.057501 0.057501
6630 6.424267 6.424267 6.424267 0.057501 0.057501 0.057501
6640 6.424267 6.424267 6.424267 0.057501 0.057501 0.057501
6650 6.424267 6.424267 6.424267 0.057501 0.057501 0.057501
6660 6.424267 6.424267 6.424267 0.057501 0.057501 0.057501
6670 6.424267 6.424267 6.424267 0.057501 0.057501 0.057501
6680 6.424267 6.424267 6.424267 0.057501 0.057501 0.057501
6690 6.424267 6.424267 6.424267 0.057501 0.057501 0.057501
6700 6.424267 6.424267 6.424267 0.057501 0.057501 0.057501
6710 6.424267 6.424267 6.424267 0.057501 0.057501 0.057501
6720 6.424267 6.424267 6.424267 0.057501 0.057501 0.057501
6730 6.424267 6.424267 6.424267 0.057501 0.057501 0.057501
6740 6.424267 6.424267 6.424267 0.057501 0.057501 0.057501
6750 6.424267 6.424267 6.424267 0.057501 0.057501 0.057501
6760 6.424267 6.424267 6.424267 0.057501 0.057501 0.057501
6770 6.424267 6.424267 6.424267 0.057501 0.057501 0.057501
6780 6.424267 6.424267 6.424267 0.057501 0.057501 0.057501
6790 6.424267 6.424267 6.424267 0.057501 0.057501 0.057501
6800 6.424267 6.424267 6.424267 0.057501 0.057501 0.057501
6810 6.424267 6.424267 6.424267 0.057501 0.057501 0.057501
6820 6.424267 6.424267 6.424267 0.057501 0.057501 0.057501
6830 6.424267 6.424267 6.424267 0.057501 0.057501 0.057501
6840 6.424267 6.424267 6.424267 0.057501 0.057501 0.057501
6850 6.424267 6.424267 6.424267 0.057501 0.057501 0.057501
6860 6.424267 6.424267 6.424267 0.057501 0.057501 0.057501
6870 6.424267 6.424267 6.424267 0.057501 0.057501 0.057501
6880 6.424267 6.424267 6.424267 0.057501 0.057501 0.057501
6890 6.424267 6.424267 6.424267 0.057501 0.057501 0.057501
6900 6.424267 6.424267 6.424267 0.057501 0.057501 0.057501
6910 6.424267 6.424267 6.424267 0.057501 0.057501 0.057501
6920 6.424267 6.424267 6.424267 0.057501 0.057501 0.057501
6930 6.424267 6.424267 6.424267 0.057501 0.057501 0.057501
6940 6.424267 6.424267 6.424267 0.057501 0.057501 0.057501
6950 6.424267 6.424267 6.424267 0.057501 0.057501 0.057501
6960 6.424267 6.424267 6.424267 0.057501 0.057501 0.057501
6970 6.424267 6.424267 6.424267 0.057501 0.057501 0.057501
6980 6.424267 6.424267 6.424267 0.057501 0.057501 0.057501
6990 6.424267 6.424267 6.424267 0.057501 0.057501 0.057501
7000 6.424267 6.424267 6.424267 0.057501 0.057501 0.057501
7010 6.424267 6.424267 6.424267 0.057501 0.057501 0.057501
7020 6.424267 6.424267 6.424267 0.057501 0.057501 0.057501
7030 6.424267 6.424267 6.424267 0.057501 0.057501 0.057501
7040 6.424267 6.424267 6.424267 0.057501 0.057501 0.057501
7050 6.424267 6.424267 6.424267 0.057501 0.057501 0.057501
7060 6.424267 6.424267 6.424267 0.057501 0.057501 0.057501
7070 6.424267 6.424267 6.424267 0.057501 0.057501 0.057501
7080 6.424267 6.424267 6.424267 0.057501 0.057501 0.057501
7090 6.424267 6.424267 6.424267 0.057501 0.057501 0.057501
7100 6.424267 6.424267 6.424267 0.057501 0.057501 0.057501
7110 6.424267 6.424267 6.424267 0.057501 0.057501 0.057501
7120 6.424267 6.424267 6.424267 0.057501 0.057501 0.057501
7130 6.424267 6.424267 6.424267 0.057501 0.057501 0.057501
7140 6.424267 6.424267 6.424267 0.057501 0.057501 0.057501
7150 6.424267 6.424267 6.424267 0.057501 0.057501 0.057501
7160 6.424267 6.424267 6.424267 0.057501 0.057501 0.057501
7170 6.424267 6.424267 6.424267 0.057501 0.057501 0.057501
7180 6.424267 6.424267 6.424267 0.057501 0.057501 0.057501
7190 6.424267 6.424267 6.424267 0.057501 0.057501 0.057501
7200 6.424267 6.424267 6.424267 0.057501 0.057501 0.057501
7210 6.424267 6.424267 6.424267 0.057501 0.057501 0.057501
7220 6.424267 6.424267 6.424267 0.057501 0.057501 0.057501
7230 6.424267 6.424267 6.424267 0.057501 0.057501 0.057501
7240 6.424267 6.424267 6.424267 0.057501 0.057501 0.057501
7250 6.424267 6.424267 6.424267 0.057501 0.057501 0.057501
7260 6.424267 6.424267 6.424267 0.057501 0.057501 0.057501
7270 6.424267 6.424267 6.424267 0.057501 0.057501 0.057501
7280 6.424267 6.424267 6.424267 0.057501 0.057501 0.057501
7290 6.424267 6.424267 6.424267 0.057501 0.057501 0.057501
7300 6.424267 6.424267 6.424267 0.057501 0.057501 0.057501
7310 6.424267 6.424267 6.424267 0.057501 0.057501 0.057501
7320 6.424267 6.424267 6.424267 0.057501 0.057501 0.057501
7330 6.424267 6.424267 6.424267 0.057501 0.057501 0.057501
7340 6.424267 6.424267 6.424267 0.057501 0.057501 0.057501
7350 6.424267 6.424267 6.424267 0.057501 0.057501 0.057501
7360 6.424267 6.424267 6.424267 0.057501 0.057501 0.057501
7370 6.424267 6.424267 6.424267 0.057501 0.057501 0.057501
7380 6.424267 6.424267 6.424267 0.057501 0.057501 0.057501
7390 6.424267 6.424267 6.424267 0.057501 0.057501 0.057501
7400 6.424267 6.424267 6.424267 0.057501 0.057501 0.057501
7410 6.424267 6.424267 6.424267 0.057501 0.057501 0.057501
7420 6.424267 6.424267 6.424267 0.057501 0.057501 0.057501
7430 6.424267 6.424267 6.424267 0.057501 0.057501 0.057501
7440 6.424267 6.424267 6.424267 0.057501 0.057501 0.057501
7450 6.424267 6.424267 6.424267 0.057501 0.057501 0.057501
7460 6.424267 6.424267 6.424267 0.057501 0.057501 0.057501
7470 6.424267 6.424267 6.424267 0.057501 0.057501 0.057501
7480 6.424267 6.424267 6.424267 0.057501 0.057501 0.057501
7490 6.424267 6.424267 6.424267 0.057501 0.057501 0.057501
7500 6.424267 6.424267 6.424267 0.057501 0.057501 0.057501
7510 6.424267 6.424267 6.424267 0.057501 0.057501 0.057501
7520 6.424267 6.424267 6.424267 0.057501 0.057501 0.057501
7530 6.424267 6.424267 6.424267 0.057501 0.057501 0.057501
7540 6.424267 6.424267 6.424267 0.057501 0.057501 0.057501
7550 6.424267 6.424267 6.424267 0.057501 0.057501 0.057501
7560 6.424267 6.424267 6.424267 0.057501 0.057501 0.057501
7570 6.424267 6.424267 6.424267 0.057501 0.057501 0.057501
7580 6.424267 6.424267 6.424267 0.057501 0.057501 0.057501
7590 6.424267 6.424267 6.424267 0.057501 0.057501 0.057501
7600 6.424267 6.424267 6.424267 0.057501 0.057501 0.057501
7610 6.424267 6.424267 6.424267 0.057501 0.057501 0.057501
7620 6.424267 6.424267 6.424267 0.057501 0.057501 0.057501
7630 6.424267 6.424267 6.424267 0.057501 0.057501 0.057501
7640 6.424267 6.424267 6.424267 0.057501 0.057501 0.057501
7650 6.424267 6.424267 6.424267 0.057501 0.057501 0.057501
7660 6.424267 6.424267 6.424267 0.057501 0.057501 0.057501
7670 6.424267 6.424267 6.424267 0.057501 0.057501 0.057501
7680 6.424267 6.424267 6.424267 0.057501 0.057501 0.057501
7690 6.424267 6.424267 6.424267 0.057501 0.057501 0.057501
7700 6.424267 6.424267 6.424267 0.057501 0.057501 0.057501
7710 6.424267 6.424267 6.424267 0.057501 0.057501 0.057501
7720 6.424267 6.424267 6.424267 0.057501 0.057501 0.057501
7730 6.424267 6.424267 6.424267 0.057501 0.057501 0.057501
7740 6.424267 6.424267 6.424267 0.057501 0.057501 0.057501
7750 6.424267 6.424267 6.424267 0.057501 0.057501 0.057501
7760 6.424267 6.424267 6.424267 0.057501 0.057501 0.057501
7770 6.424267 6.424267 6.424267 0.057501 0.057501 0.057501
7780 6.424267 6.424267 6.424267 0.057501 0.057501 0.057501
7790 6.424267 6.424267 6.424267 0.057501 0.057501 0.057501
7800 6.424267 6.424267 6.424267 0.057501 0.057501 0.057501
7810 6.424267 6.424267 6.424267 0.057501 0.057501 0.057501
7820 6.424267 6.424267 6.424267 0.057501 0.057501 0.057501
7830 6.424267 6.424267 6.424267 0.057501 0.057501 0.057501
7840 6.424267 6.424267 6.424267 0.057501 0.057501 0.057501
7850 6.424267 6.424267 6.424267 0.057501 0.057501 0.057501
7860 6.424267 6.424267 6.424267 0.057501 0.057501 0.057501
7870 6.424267 6.424267 6.424267 0.057501 0.057501 0.057501
7880 6.424267 6.424267 6.424267 0.057501 0.057501 0.057501
7890 6.424267 6.424267 6.424267 0.057501 0.057501 0.057501
7900 6.424267 6.424267 6.424267 0.057501 0.057501 0.057501
7910 6.424267 6.424267 6.424267 0.057501 0.057501 0.057501
7920 6.424267 6.424267 6.424267 0.057501 0.057501 0.057501
7930 6.424267 6.424267 6.424267 0.057501 0.057501 0.057501
7940 6.424267 6.424267 6.424267 0.057501 0.057501 0.057501
7950 6.424267 6.424267 6.424267 0.057501 0.057501 0.057501
7960 6.424267 6.424267 6.424267 0.057501 0.057501 0.057501
7970 6.424267 6.424267 6.424267 0.057501 0.057501 0.057501
7980 6.424267 6.424267 6.424267 0.057501 0.057501 0.057501
7990 6.424267 6.424267 6.424267 0.057501 0.057501 0.057501
8000 6.424267 6.424267 6.424267 0.057501 0.057501 0.057501
8010 6.424267 6.424267 6.424267 0.057501 0.057501 0.057501
8020 6.424267 6.424267 6.424267 0.057501 0.057501 0.057501
8030 6.424267 6.424267 6.424267 0.057501 0.057501 0.057501
8040 6.424267 6.424267 6.424267 0.057501 0.057501 0.057501
8050 6.424267 6.424267 6.424267 0.057501 0.057501 0.057501
8060 6.424267 6.424267 6.424267 0.057501 0.057501 0.057501
8070 6.424267 6.424267 6.424267 0.057501 0.057501 0.057501
8080 6.424267 6.424267 6.424267 0.057501 0.057501 0.057501
8090 6.424267 6.424267 6.424267 0.057501 0.057501 0.057501
8100 6.424267 6.424267 6.424267 0.057501 0.057501 0.057501
8110 6.424267 6.424267 6.424267 0.057501 0.057501 0.057501
8120 6.424267 6.424267 6.424267 0.057501 0.057501 0.057501
8130 6.424267 6.424267 6.424267 0.057501 0.057501 0.057501
8140 6.424267 6.424267 6.424267 0.057501 0.057501 0.057501
8150 6.424267 6.424267 6.424267 0.057501 0.057501 0.057501
8160 6.424267 6.424267 6.424267 0.057501 0.057501 0.057501
8170 6.424267 6.424267 6.424267 0.057501 0.057501 0.057501
8180 6.424267 6.424267 6.424267 0.057501 0.057501 0.057501
8190 6.424267 6.424267 6.424267 0.057501 0.057501 0.057501
8200 6.424267 6.424267 6.424267 0.057501 0.057501 0.057501
8210 6.424267 6.424267 6.424267 0.057501 0.057501 0.057501
8220 6.424267 6.424267 6.424267 0.057501 0.057501 0.057501
8230 6.424267 6.424267 6.424267 0.057501 0.057501 0.057501
8240 6.424267 6.424267 6.424267 0.057501 0.057501 0.057501
8250 6.424267 6.424267 6.424267 0.057501 0.057501 0.057501
8260 6.424267 6.424267 6.424267 0.057501 0.057501 0.057501
8270 6.424267 6.424267 6.424267 0.057501 0.057501 0.057501
8280 6.424267 6.424267 6.424267 0.057501 0.057501 0.057501
8290 6.424267 6.424267 6.424267 0.057501 0.057501 0.057501
8300 6.424267 6.424267 6.424267 0.057501 0.057501 0.057501
8310 6.424267 6.424267 6.424267 0.057501 0.057501 0.057501
8320 6.424267 6.424267 6.424267 0.057501 0.057501 0.057501
8330 6.424267 6.424267 6.424267 0.057501 0.057501 0.057501
8340 6.424267 6.424267 6.424267 0.057501 0.057501 0.057501
8350 6.424267 6.424267 6.424267 0.057501 0.057501 0.057501
8360 6.424267 6.424267 6.424267 0.057501 0.057501 0.057501
8370 6.424267 6.424267 6.424267 0.057501 0.057501 0.057501
8380 6.424267 6.424267 6.424267 0.057501 0.057501 0.057501
8390 6.424267 6.424267 6.424267 0.057501 0.057501 0.057501
8400 6.424267 6.424267 6.424267 0.057501 0.057501 0.057501
8410 6.424267 6.424267 6.424267 0.057501 0.057501 0.057501
8420 6.424267 6.424267 6.424267 0.057501 0.057501 0.057501
8430 6.424267 6.424267 6.424267 0.057501 0.057501 0.057501
8440 6.424267 6.424267 6.424267 0.057501 0.057501 0.057501
8450 6.424267 6.424267 6.424267 0.057501 0.057501 0.057501
8460 6.424267 6.424267 6.424267 0.057501 0.057501 0.057501
8470 6.424267 6.424267 6.424267 0.057501 0.057501 0.057501
8480 6.424267 6.424267 6.424267 0.057501 0.057501 0.057501
8490 6.424267 6.424267 6.424267 0.057501 0.057501 0.057501
8500 6.424267 6.424267 6.424267 0.057501 0.057501 0.057501
8510 6.424267 6.424267 6.424267 0.057501 0.057501 0.057501
8520 6.424267 6.424267 6.424267 0.057501 0.057501 0.057501
8530 6.424267 6.424267 6.424267 0.057501 0.057501 0.057501
8540 6.424267 6.424267 6.424267 0.057501 0.057501 0.057501
8550 6.424267 6.424267 6.424267 0.057501 0.057501 0.057501
8560 6.424267 6.424267 6.424267 0.057501 0.057501 0.057501
8570 6.424267 6.424267 6.424267 0.057501 0.057501 0.057501
8580 6.424267 6.424267 6.424267 0.057501 0.057501 0.057501
8590 6.424267 6.424267 6.424267 0.057501 0.057501 0.057501
8600 6.424267 6.424267 6.424267 0.057501 0.057501 0.057501
8610 6.424267 6.424267 6.424267 0.057501 0.057501 0.057501
8620 6.424267 6.424267 6.424267 0.057501 0.057501 0.057501
8630 6.424267 6.424267 6.424267 0.057501 0.057501 0.057501
8640 6.424267 6.424267 6.424267 0.057501 0.057501 0.057501
8650 6.424267 6.424267 6.424267 0.057501 0.057501 0.057501
8660 6.424267 6.424267 6.424267 0.057501 0.057501 0.057501
8670 6.424267 6.424267 6.424267 0.057501 0.057501 0.057501
8680 6.424267 6.424267 6.424267 0.057501 0.057501 0.057501
8690 6.424267 6.424267 6.424267 0.057501 0.057501 0.057501
8700 6.424267 6.424267 6.424267 0.057501 0.057501 0.057501
8710 6.424267 6.424267 6.424267 0.057501 0.057501 0.057501
8720 6.424267 6.424267 6.424267 0.057501 0.057501 0.057501
8730 6.424267 6.424267 6.424267 0.057501 0.057501 0.057501
8740 6.424267 6.424267 6.424267 0.057501 0.057501 0.057501
8750 6.424267 6.424267 6.424267 0.057501 0.057501 0.057501
8760 6.424267 6.424267 6.424267 0.057501 0.057501 0.057501
8770 6.424267 6.424267 6.424267 0.057501 0.057501 0.057501
8780 6.424267 6.424267 6.424267 0.057501 0.057501 0.057501
8790 6.424267 6.424267 6.424267 0.057501 0.057501 0.057501
8800 6.424267 6.424267 6.424267 0.057501 0.057501 0.057501
8810 6.424267 6.424267 6.424267 0.057501 0.057501 0.057501
8820 6.424267 6.424267 6.424267 0.057501 0.057501 0.057501
8830 6.424267 6.424267 6.424267 0.057501 0.057501 0.057501
8840 6.424267 6.424267 6.424267 0.057501 0.057501 0.057501
8850 6.424267 6.424267 6.424267 0.057501 0.057501 0.057501
8860 6.424267 6.424267 6.424267 0.057501 0.057501 0.057501
8870 6.424267 6.424267 6.424267 0.057501 0.057501 0.057501
8880 6.424267 6.424267 6.424267 0.057501 0.057501 0.057501
8890 6.424267 6.424267 6.424267 0.057501 0.057501 0.057501
8900 6.424267 6.424267 6.424267 0.057501 0.057501 0.057501
8910 6.424267 6.424267 6.424267 0.057501 0.057501 0.057501
8920 6.424267 6.424267 6.424267 0.057501 0.057501 0.057501
8930 6.424267 6.424267 6.424267 0.057501 0.057501 0.057501
8940 6.424267 6.424267 6.424267 0.057501 0.057501 0.057501
8950 6.424267 6.424267 6.424267 0.057501 0.057501 0.057501
8960 6.424267 6.424267 6.424267 0.057501 0.057501 0.057501
8970 6.424267 6.424267 6.424267 0.057501 0.057501 0.057501
8980 6.424267 6.424267 6.424267 0.057501 0.057501 0.057501
8990 6.424267 6.424267 6.424267 0.057501 0.057501 0.057501
9000 6.424267 6.424267 6.424267 0.057501 0.057501 0.057501
9010 6.424267 6.424267 6.424267 0.057501 0.057501 0.057501
9020 6.424267 6.424267 6.424267 0.057501 0.057501 0.057501
9030 6.424267 6.424267 6.424267 0.057501 0.057501 0.057501
9040 6.424267 6.424267 6.424267 0.057501 0.057501 0.057501
9050 6.424267 6.424267 6.424267 0.057501 0.057501 0.057501
9060 6.424267 6.424267 6.424267 0.057501 0.057501 0.057501
9070 6.424267 6.424267 6.424267 0.057501 0.057501 0.057501
9080 6.424267 6.424267 6.424267 0.057501 0.057501 0.057501
9090 6.424267 6.424267 6.424267 0.057501 0.057501 0.057501
9100 6.424267 6.424267 6.424267 0.057501 0.057501 0.057501
9110 6.424267 6.424267 6.424267 0.057501 0.057501 0.057501
9120 6.424267 6.424267 6.424267 0.057501 0.057501 0.057501
9130 6.424267 6.424267 6.424267 0.057501 0.057501 0.057501
9140 6.424267 6.424267 6.424267 0.057501 0.057501 0.057501
9150 6.424267 6.424267 6.424267 0.057501 0.057501 0.057501
9160 6.424267 6.424267 6.424267 0.057501 0.057501 0.057501
9170 6.424267 6.424267 6.424267 0.057501 0.057501 0.057501
9180 6.424267 6.424267 6.424267 0.057501 0.057501 0.057501
9190 6.424267 6.424267 6.424267 0.057501 0.057501 0.057501
9200 6.424267 6.424267 6.424267 0.057501 0.057501 0.057501
9210 6.424267 6.424267 6.424267 0.057501 0.057501 0.057501
9220 6.424267 6.424267 6.424267 0.057501 0.057501 0.057501
9230 6.424267 6.424267 6.424267 0.057501 0.057501 0.057501
9240 6.424267 6.424267 6.424267 0.057501 0.057501 0.057501
9250 6.424267 6.424267 6.424267 0.057501 0.057501 0.057501
9260 6.424267 6.424267 6.424267 0.057501 0.057501 0.057501
9270 6.424267 6.424267 6.424267 0.057501 0.057501 0.057501
9280 6.424267 6.424267 6.424267 0.057501 0.057501 0.057501
9290 6.424267 6.424267 6.424267 0.057501 0.057501 0.057501
9300 6.424267 6.424267 6.424267 0.057501 0.057501 0.057501
9310 6.424267 6.424267 6.424267 0.057501 0.057501 0.057501
9320 6.424267 6.424267 6.424267 0.057501 0.057501 0.057501
9330 6.424267 6.424267 6.424267 0.057501 0.057501 0.057501
9340 6.424267 6.424267 6.424267 0.057501 0.057501 0.057501
9350 6.424267 6.424267 6.424267 0.057501 0.057501 0.057501
9360 6.424267 6.424267 6.424267 0.057501 0.057501 0.057501
9370 6.424267 6.424267 6.424267 0.057501 0.057501 0.057501
9380 6.424267 6.424267 6.424267 0.057501 0.057501 0.057501
9390 6.424267 6.424267 6.424267 0.057501 0.057501 0.057501
9400 6.424267 6.424267 6.424267 0.057501 0.057501 0.057501
9410 6.424267 6.424267 6.424267 0.057501 0.057501 0.057501
9420 6.424267 6.424267 6.424267 0.057501 0.057501 0.057501
9430 6.424267 6.424267 6.424267 0.057501 0.057501 0.057501
9440 6.424267 6.424267 6.424267 0.057501 0.057501 0.057501
9450 6.424267 6.424267 6.424267 0.057501 0.057501 0.057501
9460 6.424267 6.424267 6.424267 0.057501 0.057501 0.057501
9470 6.424267 6.424267 6.424267 0.057501 0.057501 0.057501
9480 6.424267 6.424267 6.424267 0.057501 0.057501 0.057501
9490 6.424267 6.424267 6.424267 0.057501 0.057501 0.057501
9500 6.424267 6.424267 6.424267 0.057501 0.057501 0.057501
9510 6.424267 6.424267 6.424267 0.057501 0.057501 0.057501
9520 6.424267 6.424267 6.424267 0.057501 0.057501 0.057501
9530 6.424267 6.424267 6.424267 0.057501 0.057501 0.057501
9540 6.424267 6.424267 6.424267 0.057501 0.057501 0.057501
9550 6.424267 6.424267 6.424267 0.057501 0.057501 0.057501
9560 6.424267 6.424267 6.424267 0.057501 0.057501 0.057501
9570 6.424267 6.424267 6.424267 0.057501 0.057501 0.057501
9580 6.424267 6.424267 6.424267 0.057501 0.057501 0.057501
9590 6.424267 6.424267 6.424267 0.057501 0.057501 0.057501
9600 6.424267 6.424267 6.424267 0.057501 0.057501 0.057501
9610 6.424267 6.424267 6.424267 0.057501 0.057501 0.057501
9620 6.424267 6.424267 6.424267 0.057501 0.057501 0.057501
9630 6.424267 6.424267 6.424267 0.057501 0.057501 0.057501
9640 6.424267 6.424267 6.424267 0.057501 0.057501 0.057501
9650 6.424267 6.424267 6.424267 0.057501 0.057501 0.057501
9660 6.424267 6.424267 6.424267 0.057501 0.057501 0.057501
9670 6.424267 6.424267 6.424267 0.057501 0.057501 0.057501
9680 6.424267 6.424267 6.424267 0.057501 0.057501 0.057501
9690 6.424267 6.424267 6.424267 0.057501 0.057501 0.057501
9700 6.424267 6.424267 6.424267 0.057501 0.057501 0.057501
9710 6.424267 6.424267 6.424267 0.057501 0.057501 0.057501
9720 6.424267 6.424267 6.424267 0.057501 0.057501 0.057501
9730 6.424267 6.424267 6.424267 0.057501 0.057501 0.057501
9740 6.424267 6.424267 6.424267 0.057501 0.057501 0.057501
9750 6.424267 6.424267 6.424267 0.057501 0.057501 0.057501
9760 6.424267 6.424267 6.424267 0.057501 0.057501 0.057501
9770 6.424267 6.424267 6.424267 0.057501 0.057501 0.057501
9780 6.424267 6.424267 6.424267 0.057501 0.057501 0.057501
9790 6.424267 6.424267 6.424267 0.057501 0.057501 0.057501
9800 6.424267 6.424267 6.424267 0.057501 0.057501 0.057501
9810 6.424267 6.424267 6.424267 0.057501 0.057501 0.057501
9820 6.424267 6.424267 6.424267 0.057501 0.057501 0.057501
9830 6.424267 6.424267 6.424267 0.057501 0.057501 0.057501
9840 6.424267 6.424267 6.424267 0.057501 0.057501 0.057501
9850 6.424267 6.424267 6.424267 0.057501 0.057501 0.057501
9860 6.424267 6.424267 6.424267 0.057501 0.057501 0.057501
9870 6.424267 6.424267 6.424267 0.057501 0.057501 0.057501
9880 6.424267 6.424267 6.424267 0.057501 0.057501 0.057501
9890 6.424267 6.424267 6.424267 0.057501 0.057501 0.057501
9900 6.424267 6.424267 6.424267 0.057501 0.057501 0.057501
9910 6.424267 6.424267 6.424267 0.057501 0.057501 0.057501
9920 6.424267 6.424267 6.424267 0.057501 0.057501 0.057501
9930 6.424267 6.424267 6.424267 0.057501 0.057501 0.057501
9940 6.424267 6.424267 6.424267 0.057501 0.057501 0.057501
9950 6.424267 6.424267 6.424267 0.057501 0.057501 0.057501
9960 6.424267 6.424267 6.424267 0.057501 0.057501 0.057501
9970 6.424267 6.424267 6.424267 0.057501 0.057501 0.057501
9980 6.424267 6.424267 6.424267 0.057501 0.057501 0.057501
9990 6.424267 6.424267 6.424267 0.057501 0.057501 0.057501
10000 7.333111 7.333111 7.333111 0.077616 0.077616 0.077616
