# generation power_min power_avg power_max util_min util_avg util_max
1 16.648232 16.648232 16.648232 1.006671 1.288865 1.497802
10 16.952116 16.952116 16.952116 0.953277 1.261130 1.491296
20 16.952116 16.580739 16.952116 0.953277 1.238513 1.442251
30 16.952116 16.580739 16.952116 0.953277 1.219969 1.442251
40 16.952116 16.580739 16.952116 0.953277 1.197918 1.373617
50 16.952116 16.127477 16.952116 0.953277 1.174047 1.340131
60 16.952116 16.117251 16.952116 0.953277 1.151669 1.340131
70 16.952116 15.989195 16.952116 0.953277 1.127130 1.289102
80 16.952116 16.060156 16.952116 0.953277 1.105924 1.289102
90 16.952116 15.823453 16.952116 0.943743 1.084985 1.271673
100 16.952116 15.733132 16.952116 0.943743 1.065079 1.233252
110 16.952116 15.663566 16.952116 0.943743 1.047406 1.192064
120 16.952116 15.488787 16.952116 0.943743 1.034923 1.156790
130 16.952116 15.406011 16.952116 0.943743 1.022522 1.129475
140 16.658737 15.279556 16.658737 0.943743 1.015070 1.121749
150 16.344538 15.184729 16.344538 0.943743 1.007660 1.110861
160 16.209362 15.101396 16.209362 0.943743 1.003078 1.069933
170 16.025933 14.981000 16.025933 0.943743 0.998841 1.069933
180 15.859285 14.858586 15.859285 0.943743 0.995953 1.068289
190 15.527587 14.768762 15.527587 0.943743 0.994764 1.054144
200 15.387820 14.639848 15.387820 0.952916 0.995236 1.054144
210 15.220952 14.566610 15.220952 0.952916 0.994896 1.036510
220 15.088730 14.434609 15.088730 0.956149 0.996083 1.032515
230 14.921871 14.328438 14.921871 0.957537 0.997596 1.032515
240 14.815651 14.243681 14.815651 0.959102 0.998561 1.032515
250 14.560074 14.178990 14.560074 0.962142 0.999096 1.032515
260 14.485562 14.114751 14.485562 0.972484 0.998517 1.032515
270 13.484966 14.039255 14.368757 0.972484 0.999213 1.032515
280 14.249514 13.989697 14.249514 0.972484 0.998823 1.023405
290 14.196561 13.958680 14.196561 0.972484 0.998371 1.023405
300 14.142695 13.908713 14.142695 0.972484 0.998613 1.023405
310 14.099880 13.858246 14.099880 0.980290 0.999762 1.023405
320 14.042013 13.805133 14.042013 0.980290 1.000385 1.023405
330 14.023382 13.799488 14.023382 0.980290 1.000437 1.023405
340 13.946927 13.755825 13.946927 0.984400 1.001013 1.023973
350 13.946927 13.727734 13.946927 0.984400 1.001378 1.023973
360 13.881883 13.677843 13.881883 0.984400 1.001772 1.023973
370 13.780503 13.640457 13.780503 0.979773 1.001761 1.023973
380 13.780503 13.587604 13.780503 0.971023 1.000956 1.023973
390 13.758485 13.523665 13.758485 0.971023 1.000896 1.023973
400 13.723043 13.485071 13.723043 0.971023 1.000448 1.023973
410 13.692420 13.421280 13.692420 0.971023 0.999826 1.023973
420 13.627418 13.378486 13.627418 0.971023 0.999461 1.023973
430 13.570993 13.337217 13.570993 0.971023 0.999357 1.023973
440 13.526484 13.315305 13.526484 0.971023 0.998402 1.014001
450 13.064558 13.280741 13.484966 0.971023 0.997812 1.014001
460 13.064558 13.270355 13.463966 0.971023 0.996915 1.012324
470 13.064558 13.243306 13.431289 0.971023 0.996528 1.012324
480 13.064558 13.209835 13.386391 0.971023 0.996348 1.010806
490 13.064558 13.175771 13.300049 0.971023 0.996812 1.003815
500 13.064558 13.144217 13.270084 0.979773 0.997399 1.003815
510 13.064558 13.122237 13.186695 0.986190 0.997881 1.003815
520 13.064558 13.116954 13.181830 0.986190 0.997566 1.003815
530 13.031658 13.111678 13.181830 0.986190 0.996978 1.003815
540 13.031658 13.108201 13.181830 0.986190 0.996339 1.003815
550 13.031658 13.102413 13.181830 0.986190 0.995583 1.003815
560 13.031658 13.092083 13.180937 0.986190 0.994888 1.003815
570 13.031658 13.084008 13.147981 0.986190 0.994451 1.003285
580 13.031658 13.081871 13.147981 0.986190 0.993440 1.003285
590 13.031658 13.076353 13.138583 0.986190 0.993000 1.003285
600 13.031658 13.070312 13.122597 0.986190 0.992718 1.001990
610 13.031658 13.064247 13.120040 0.986190 0.992567 1.001990
620 13.031658 13.061780 13.074678 0.989908 0.992194 0.999648
630 13.031658 13.060692 13.064558 0.989908 0.992188 0.994313
640 13.031658 13.060034 13.064558 0.989908 0.992235 0.994313
650 13.031658 13.059129 13.064558 0.989908 0.992240 0.994313
660 13.031658 13.056826 13.064558 0.989908 0.992404 0.994313
670 13.019318 13.055387 13.064558 0.989908 0.992477 0.994313
680 13.019318 13.052508 13.064558 0.989908 0.992623 0.994313
690 13.019318 13.049753 13.064558 0.989908 0.992790 0.994313
700 13.019318 13.046997 13.064558 0.989908 0.992957 0.994313
710 13.019318 13.043707 13.064558 0.989908 0.993191 0.994313
720 13.019318 13.040294 13.064558 0.989908 0.993404 0.994313
730 13.019318 13.036881 13.064558 0.989908 0.993618 0.994313
740 13.019318 13.033467 13.064558 0.989908 0.993832 0.994313
750 13.019318 13.030918 13.031658 0.992250 0.994190 0.994313
760 13.019318 13.030794 13.031658 0.992250 0.994169 0.994313
770 13.019318 13.030424 13.031658 0.992250 0.994107 0.994313
780 13.019318 13.030177 13.031658 0.992250 0.994066 0.994313
790 13.019318 13.029807 13.031658 0.992250 0.994004 0.994313
800 13.019318 13.029437 13.031658 0.992250 0.993942 0.994313
810 13.019318 13.028943 13.031658 0.992250 0.993859 0.994313
820 13.019318 13.028326 13.031658 0.992250 0.993756 0.994313
830 13.019318 13.027463 13.031658 0.992250 0.993612 0.994313
840 13.019318 13.026599 13.031658 0.992250 0.993467 0.994313
850 13.019318 13.025365 13.031658 0.992250 0.993261 0.994313
860 13.019318 13.024254 13.031658 0.992250 0.993076 0.994313
870 13.019318 13.023020 13.031658 0.992250 0.992869 0.994313
880 13.019318 13.021786 13.031658 0.992250 0.992663 0.994313
890 13.019318 13.020552 13.031658 0.992250 0.992457 0.994313
900 13.019318 13.019318 13.019318 0.992250 0.992250 0.992250
910 13.019318 13.019318 13.019318 0.992250 0.992250 0.992250
920 13.019318 13.019318 13.019318 0.992250 0.992250 0.992250
930 13.019318 13.019318 13.019318 0.992250 0.992250 0.992250
940 13.019318 13.019318 13.019318 0.992250 0.992250 0.992250
950 13.019318 13.019318 13.019318 0.992250 0.992250 0.992250
960 13.019318 13.019318 13.019318 0.992250 0.992250 0.992250
970 13.019318 13.019318 13.019318 0.992250 0.992250 0.992250
980 13.019318 13.019318 13.019318 0.992250 0.992250 0.992250
990 13.019318 13.019318 13.019318 0.992250 0.992250 0.992250
1000 13.019318 13.019318 13.019318 0.992250 0.992250 0.992250
1010 13.019318 13.019318 13.019318 0.992250 0.992250 0.992250
1020 13.019318 13.019318 13.019318 0.992250 0.992250 0.992250
1030 13.019318 13.019318 13.019318 0.992250 0.992250 0.992250
1040 13.019318 13.019318 13.019318 0.992250 0.992250 0.992250
1050 13.019318 13.019318 13.019318 0.992250 0.992250 0.992250
1060 13.019318 13.019318 13.019318 0.992250 0.992250 0.992250
1070 13.019318 13.019318 13.019318 0.992250 0.992250 0.992250
1080 13.019318 13.019318 13.019318 0.992250 0.992250 0.992250
1090 13.019318 13.019318 13.019318 0.992250 0.992250 0.992250
1100 13.019318 13.019318 13.019318 0.992250 0.992250 0.992250
1110 13.019318 13.019318 13.019318 0.992250 0.992250 0.992250
1120 13.019318 13.019318 13.019318 0.992250 0.992250 0.992250
1130 13.019318 13.019318 13.019318 0.992250 0.992250 0.992250
1140 13.019318 13.019318 13.019318 0.992250 0.992250 0.992250
1150 13.019318 13.019318 13.019318 0.992250 0.992250 0.992250
1160 13.019318 13.019318 13.019318 0.992250 0.992250 0.992250
1170 13.019318 13.019318 13.019318 0.992250 0.992250 0.992250
1180 13.019318 13.019318 13.019318 0.992250 0.992250 0.992250
1190 13.019318 13.019318 13.019318 0.992250 0.992250 0.992250
1200 13.019318 13.019318 13.019318 0.992250 0.992250 0.992250
1210 13.019318 13.019318 13.019318 0.992250 0.992250 0.992250
1220 13.019318 13.019318 13.019318 0.992250 0.992250 0.992250
1230 13.019318 13.019318 13.019318 0.992250 0.992250 0.992250
1240 13.019318 13.019318 13.019318 0.992250 0.992250 0.992250
1250 13.019318 13.019318 13.019318 0.992250 0.992250 0.992250
1260 13.019318 13.019318 13.019318 0.992250 0.992250 0.992250
1270 13.019318 13.019318 13.019318 0.992250 0.992250 0.992250
1280 13.019318 13.019318 13.019318 0.992250 0.992250 0.992250
1290 13.019318 13.019318 13.019318 0.992250 0.992250 0.992250
1300 13.019318 13.019318 13.019318 0.992250 0.992250 0.992250
1310 13.019318 13.019318 13.019318 0.992250 0.992250 0.992250
1320 13.019318 13.019318 13.019318 0.992250 0.992250 0.992250
1330 13.019318 13.019318 13.019318 0.992250 0.992250 0.992250
1340 13.019318 13.019318 13.019318 0.992250 0.992250 0.992250
1350 13.019318 13.019318 13.019318 0.992250 0.992250 0.992250
1360 13.019318 13.019318 13.019318 0.992250 0.992250 0.992250
1370 13.019318 13.019318 13.019318 0.992250 0.992250 0.992250
1380 13.019318 13.019318 13.019318 0.992250 0.992250 0.992250
1390 13.019318 13.019318 13.019318 0.992250 0.992250 0.992250
1400 13.019318 13.019318 13.019318 0.992250 0.992250 0.992250
1410 13.019318 13.019318 13.019318 0.992250 0.992250 0.992250
1420 13.019318 13.019318 13.019318 0.992250 0.992250 0.992250
1430 13.019318 13.019318 13.019318 0.992250 0.992250 0.992250
1440 13.019318 13.019318 13.019318 0.992250 0.992250 0.992250
1450 13.019318 13.019318 13.019318 0.992250 0.992250 0.992250
1460 13.019318 13.019318 13.019318 0.992250 0.992250 0.992250
1470 13.019318 13.019318 13.019318 0.992250 0.992250 0.992250
1480 13.019318 13.019318 13.019318 0.992250 0.992250 0.992250
1490 13.019318 13.019318 13.019318 0.992250 0.992250 0.992250
1500 13.019318 13.019318 13.019318 0.992250 0.992250 0.992250
1510 13.019318 13.019318 13.019318 0.992250 0.992250 0.992250
1520 13.019318 13.019318 13.019318 0.992250 0.992250 0.992250
1530 13.019318 13.019318 13.019318 0.992250 0.992250 0.992250
1540 13.019318 13.019318 13.019318 0.992250 0.992250 0.992250
1550 13.019318 13.019318 13.019318 0.992250 0.992250 0.992250
1560 13.019318 13.019318 13.019318 0.992250 0.992250 0.992250
1570 13.019318 13.019318 13.019318 0.992250 0.992250 0.992250
1580 13.019318 13.019318 13.019318 0.992250 0.992250 0.992250
1590 13.019318 13.019318 13.019318 0.992250 0.992250 0.992250
1600 13.019318 13.019318 13.019318 0.992250 0.992250 0.992250
1610 13.019318 13.019318 13.019318 0.992250 0.992250 0.992250
1620 13.019318 13.019318 13.019318 0.992250 0.992250 0.992250
1630 13.019318 13.019318 13.019318 0.992250 0.992250 0.992250
1640 13.019318 13.019318 13.019318 0.992250 0.992250 0.992250
1650 13.019318 13.019318 13.019318 0.992250 0.992250 0.992250
1660 13.019318 13.019318 13.019318 0.992250 0.992250 0.992250
1670 13.019318 13.019318 13.019318 0.992250 0.992250 0.992250
1680 13.019318 13.019318 13.019318 0.992250 0.992250 0.992250
1690 13.019318 13.019318 13.019318 0.992250 0.992250 0.992250
1700 13.019318 13.019318 13.019318 0.992250 0.992250 0.992250
1710 13.019318 13.019318 13.019318 0.992250 0.992250 0.992250
1720 13.019318 13.019318 13.019318 0.992250 0.992250 0.992250
1730 13.019318 13.019318 13.019318 0.992250 0.992250 0.992250
1740 13.019318 13.019318 13.019318 0.992250 0.992250 0.992250
1750 13.019318 13.019318 13.019318 0.992250 0.992250 0.992250
1760 13.019318 13.019318 13.019318 0.992250 0.992250 0.992250
1770 13.019318 13.019318 13.019318 0.992250 0.992250 0.992250
1780 13.019318 13.019318 13.019318 0.992250 0.992250 0.992250
1790 13.019318 13.019318 13.019318 0.992250 0.992250 0.992250
1800 13.019318 13.019318 13.019318 0.992250 0.992250 0.992250
1810 13.019318 13.019318 13.019318 0.992250 0.992250 0.992250
1820 13.019318 13.019318 13.019318 0.992250 0.992250 0.992250
1830 13.019318 13.019318 13.019318 0.992250 0.992250 0.992250
1840 13.019318 13.019318 13.019318 0.992250 0.992250 0.992250
1850 13.019318 13.019318 13.019318 0.992250 0.992250 0.992250
1860 13.019318 13.019318 13.019318 0.992250 0.992250 0.992250
1870 13.019318 13.019318 13.019318 0.992250 0.992250 0.992250
1880 13.019318 13.019318 13.019318 0.992250 0.992250 0.992250
1890 13.019318 13.019318 13.019318 0.992250 0.992250 0.992250
1900 13.019318 13.019318 13.019318 0.992250 0.992250 0.992250
1910 13.019318 13.019318 13.019318 0.992250 0.992250 0.992250
1920 13.019318 13.019318 13.019318 0.992250 0.992250 0.992250
1930 13.019318 13.019318 13.019318 0.992250 0.992250 0.992250
1940 13.019318 13.019318 13.019318 0.992250 0.992250 0.992250
1950 13.019318 13.019318 13.019318 0.992250 0.992250 0.992250
1960 13.019318 13.019318 13.019318 0.992250 0.992250 0.992250
1970 13.019318 13.019318 13.019318 0.992250 0.992250 0.992250
1980 13.019318 13.019318 13.019318 0.992250 0.992250 0.992250
1990 13.019318 13.019318 13.019318 0.992250 0.992250 0.992250
2000 13.019318 13.019318 13.019318 0.992250 0.992250 0.992250
2010 13.019318 13.019318 13.019318 0.992250 0.992250 0.992250
2020 13.019318 13.019318 13.019318 0.992250 0.992250 0.992250
2030 13.019318 13.019318 13.019318 0.992250 0.992250 0.992250
2040 13.019318 13.019318 13.019318 0.992250 0.992250 0.992250
2050 13.019318 13.019318 13.019318 0.992250 0.992250 0.992250
2060 13.019318 13.019318 13.019318 0.992250 0.992250 0.992250
2070 13.019318 13.019318 13.019318 0.992250 0.992250 0.992250
2080 13.019318 13.019318 13.019318 0.992250 0.992250 0.992250
2090 13.019318 13.019318 13.019318 0.992250 0.992250 0.992250
2100 13.019318 13.019318 13.019318 0.992250 0.992250 0.992250
2110 13.019318 13.019318 13.019318 0.992250 0.992250 0.992250
2120 13.019318 13.019318 13.019318 0.992250 0.992250 0.992250
2130 13.019318 13.019318 13.019318 0.992250 0.992250 0.992250
2140 13.019318 13.019318 13.019318 0.992250 0.992250 0.992250
2150 13.019318 13.019318 13.019318 0.992250 0.992250 0.992250
2160 13.019318 13.019318 13.019318 0.992250 0.992250 0.992250
2170 13.019318 13.019318 13.019318 0.992250 0.992250 0.992250
2180 13.019318 13.019318 13.019318 0.992250 0.992250 0.992250
2190 13.019318 13.019318 13.019318 0.992250 0.992250 0.992250
2200 13.019318 13.019318 13.019318 0.992250 0.992250 0.992250
2210 13.019318 13.019318 13.019318 0.992250 0.992250 0.992250
2220 13.019318 13.019318 13.019318 0.992250 0.992250 0.992250
2230 13.019318 13.019318 13.019318 0.992250 0.992250 0.992250
2240 13.019318 13.019318 13.019318 0.992250 0.992250 0.992250
2250 13.019318 13.019318 13.019318 0.992250 0.992250 0.992250
2260 13.019318 13.019318 13.019318 0.992250 0.992250 0.992250
2270 13.019318 13.019318 13.019318 0.992250 0.992250 0.992250
2280 13.019318 13.019318 13.019318 0.992250 0.992250 0.992250
2290 13.019318 13.019318 13.019318 0.992250 0.992250 0.992250
2300 13.019318 13.019318 13.019318 0.992250 0.992250 0.992250
2310 13.019318 13.019318 13.019318 0.992250 0.992250 0.992250
2320 13.019318 13.019318 13.019318 0.992250 0.992250 0.992250
2330 13.019318 13.019318 13.019318 0.992250 0.992250 0.992250
2340 13.019318 13.019318 13.019318 0.992250 0.992250 0.992250
2350 13.019318 13.019318 13.019318 0.992250 0.992250 0.992250
2360 13.019318 13.019318 13.019318 0.992250 0.992250 0.992250
2370 13.019318 13.019318 13.019318 0.992250 0.992250 0.992250
2380 13.019318 13.019318 13.019318 0.992250 0.992250 0.992250
2390 13.019318 13.019318 13.019318 0.992250 0.992250 0.992250
2400 13.019318 13.019318 13.019318 0.992250 0.992250 0.992250
2410 13.019318 13.019318 13.019318 0.992250 0.992250 0.992250
2420 13.019318 13.019318 13.019318 0.992250 0.992250 0.992250
2430 13.019318 13.019318 13.019318 0.992250 0.992250 0.992250
2440 13.019318 13.019318 13.019318 0.992250 0.992250 0.992250
2450 13.019318 13.019318 13.019318 0.992250 0.992250 0.992250
2460 13.019318 13.019318 13.019318 0.992250 0.992250 0.992250
2470 13.019318 13.019318 13.019318 0.992250 0.992250 0.992250
2480 13.019318 13.019318 13.019318 0.992250 0.992250 0.992250
2490 13.019318 13.019318 13.019318 0.992250 0.992250 0.992250
2500 13.019318 13.019318 13.019318 0.992250 0.992250 0.992250
2510 13.019318 13.019318 13.019318 0.992250 0.992250 0.992250
2520 13.019318 13.019318 13.019318 0.992250 0.992250 0.992250
2530 13.019318 13.019318 13.019318 0.992250 0.992250 0.992250
2540 13.019318 13.019318 13.019318 0.992250 0.992250 0.992250
2550 13.019318 13.019318 13.019318 0.992250 0.992250 0.992250
2560 13.019318 13.019318 13.019318 0.992250 0.992250 0.992250
2570 13.019318 13.019318 13.019318 0.992250 0.992250 0.992250
2580 13.019318 13.019318 13.019318 0.992250 0.992250 0.992250
2590 13.019318 13.019318 13.019318 0.992250 0.992250 0.992250
2600 13.019318 13.019318 13.019318 0.992250 0.992250 0.992250
2610 13.019318 13.019318 13.019318 0.992250 0.992250 0.992250
2620 13.019318 13.019318 13.019318 0.992250 0.992250 0.992250
2630 13.019318 13.019318 13.019318 0.992250 0.992250 0.992250
2640 13.019318 13.019318 13.019318 0.992250 0.992250 0.992250
2650 13.019318 13.019318 13.019318 0.992250 0.992250 0.992250
2660 13.019318 13.019318 13.019318 0.992250 0.992250 0.992250
2670 13.019318 13.019318 13.019318 0.992250 0.992250 0.992250
2680 13.019318 13.019318 13.019318 0.992250 0.992250 0.992250
2690 13.019318 13.019318 13.019318 0.992250 0.992250 0.992250
2700 13.019318 13.019318 13.019318 0.992250 0.992250 0.992250
2710 13.019318 13.019318 13.019318 0.992250 0.992250 0.992250
2720 13.019318 13.019318 13.019318 0.992250 0.992250 0.992250
2730 13.019318 13.019318 13.019318 0.992250 0.992250 0.992250
2740 13.019318 13.019318 13.019318 0.992250 0.992250 0.992250
2750 13.019318 13.019318 13.019318 0.992250 0.992250 0.992250
2760 13.019318 13.019318 13.019318 0.992250 0.992250 0.992250
2770 13.019318 13.019318 13.019318 0.992250 0.992250 0.992250
2780 13.019318 13.019318 13.019318 0.992250 0.992250 0.992250
2790 13.019318 13.019318 13.019318 0.992250 0.992250 0.992250
2800 13.019318 13.019318 13.019318 0.992250 0.992250 0.992250
2810 13.019318 13.019318 13.019318 0.992250 0.992250 0.992250
2820 13.019318 13.019318 13.019318 0.992250 0.992250 0.992250
2830 13.019318 13.019318 13.019318 0.992250 0.992250 0.992250
2840 13.019318 13.019318 13.019318 0.992250 0.992250 0.992250
2850 13.019318 13.019318 13.019318 0.992250 0.992250 0.992250
2860 13.019318 13.019318 13.019318 0.992250 0.992250 0.992250
2870 13.019318 13.019318 13.019318 0.992250 0.992250 0.992250
2880 13.019318 13.019318 13.019318 0.992250 0.992250 0.992250
2890 13.019318 13.019318 13.019318 0.992250 0.992250 0.992250
2900 13.019318 13.019318 13.019318 0.992250 0.992250 0.992250
2910 13.019318 13.019318 13.019318 0.992250 0.992250 0.992250
2920 13.019318 13.019318 13.019318 0.992250 0.992250 0.992250
2930 13.019318 13.019318 13.019318 0.992250 0.992250 0.992250
2940 13.019318 13.019318 13.019318 0.992250 0.992250 0.992250
2950 13.019318 13.019318 13.019318 0.992250 0.992250 0.992250
2960 13.019318 13.019318 13.019318 0.992250 0.992250 0.992250
2970 13.019318 13.019318 13.019318 0.992250 0.992250 0.992250
2980 13.019318 13.019318 13.019318 0.992250 0.992250 0.992250
2990 13.019318 13.019318 13.019318 0.992250 0.992250 0.992250
3000 13.019318 13.019318 13.019318 0.992250 0.992250 0.992250
3010 13.019318 13.019318 13.019318 0.992250 0.992250 0.992250
3020 13.019318 13.019318 13.019318 0.992250 0.992250 0.992250
3030 13.019318 13.019318 13.019318 0.992250 0.992250 0.992250
3040 13.019318 13.019318 13.019318 0.992250 0.992250 0.992250
3050 13.019318 13.019318 13.019318 0.992250 0.992250 0.992250
3060 13.019318 13.019318 13.019318 0.992250 0.992250 0.992250
3070 13.019318 13.019318 13.019318 0.992250 0.992250 0.992250
3080 13.019318 13.019318 13.019318 0.992250 0.992250 0.992250
3090 13.019318 13.019318 13.019318 0.992250 0.992250 0.992250
3100 13.019318 13.019318 13.019318 0.992250 0.992250 0.992250
3110 13.019318 13.019318 13.019318 0.992250 0.992250 0.992250
3120 13.019318 13.019318 13.019318 0.992250 0.992250 0.992250
3130 13.019318 13.019318 13.019318 0.992250 0.992250 0.992250
3140 13.019318 13.019318 13.019318 0.992250 0.992250 0.992250
3150 13.019318 13.019318 13.019318 0.992250 0.992250 0.992250
3160 13.019318 13.019318 13.019318 0.992250 0.992250 0.992250
3170 13.019318 13.019318 13.019318 0.992250 0.992250 0.992250
3180 13.019318 13.019318 13.019318 0.992250 0.992250 0.992250
3190 13.019318 13.019318 13.019318 0.992250 0.992250 0.992250
3200 13.019318 13.019318 13.019318 0.992250 0.992250 0.992250
3210 13.019318 13.019318 13.019318 0.992250 0.992250 0.992250
3220 13.019318 13.019318 13.019318 0.992250 0.992250 0.992250
3230 13.019318 13.019318 13.019318 0.992250 0.992250 0.992250
3240 13.019318 13.019318 13.019318 0.992250 0.992250 0.992250
3250 13.019318 13.019318 13.019318 0.992250 0.992250 0.992250
3260 13.019318 13.019318 13.019318 0.992250 0.992250 0.992250
3270 13.019318 13.019318 13.019318 0.992250 0.992250 0.992250
3280 13.019318 13.019318 13.019318 0.992250 0.992250 0.992250
3290 13.019318 13.019318 13.019318 0.992250 0.992250 0.992250
3300 13.019318 13.019318 13.019318 0.992250 0.992250 0.992250
3310 13.019318 13.019318 13.019318 0.992250 0.992250 0.992250
3320 13.019318 13.019318 13.019318 0.992250 0.992250 0.992250
3330 13.019318 13.019318 13.019318 0.992250 0.992250 0.992250
3340 13.019318 13.019318 13.019318 0.992250 0.992250 0.992250
3350 13.019318 13.019318 13.019318 0.992250 0.992250 0.992250
3360 13.019318 13.019318 13.019318 0.992250 0.992250 0.992250
3370 13.019318 13.019318 13.019318 0.992250 0.992250 0.992250
3380 13.019318 13.019318 13.019318 0.992250 0.992250 0.992250
3390 13.019318 13.019318 13.019318 0.992250 0.992250 0.992250
3400 13.019318 13.019318 13.019318 0.992250 0.992250 0.992250
3410 13.019318 13.019318 13.019318 0.992250 0.992250 0.992250
3420 13.019318 13.019318 13.019318 0.992250 0.992250 0.992250
3430 13.019318 13.019318 13.019318 0.992250 0.992250 0.992250
3440 13.019318 13.019318 13.019318 0.992250 0.992250 0.992250
3450 13.019318 13.019318 13.019318 0.992250 0.992250 0.992250
3460 13.019318 13.019318 13.019318 0.992250 0.992250 0.992250
3470 13.019318 13.019318 13.019318 0.992250 0.992250 0.992250
3480 13.019318 13.019318 13.019318 0.992250 0.992250 0.992250
3490 13.019318 13.019318 13.019318 0.992250 0.992250 0.992250
3500 13.019318 13.019318 13.019318 0.992250 0.992250 0.992250
3510 13.019318 13.019318 13.019318 0.992250 0.992250 0.992250
3520 13.019318 13.019318 13.019318 0.992250 0.992250 0.992250
3530 13.019318 13.019318 13.019318 0.992250 0.992250 0.992250
3540 13.019318 13.019318 13.019318 0.992250 0.992250 0.992250
3550 13.019318 13.019318 13.019318 0.992250 0.992250 0.992250
3560 13.019318 13.019318 13.019318 0.992250 0.992250 0.992250
3570 13.019318 13.019318 13.019318 0.992250 0.992250 0.992250
3580 13.019318 13.019318 13.019318 0.992250 0.992250 0.992250
3590 13.019318 13.019318 13.019318 0.992250 0.992250 0.992250
3600 13.019318 13.019318 13.019318 0.992250 0.992250 0.992250
3610 13.019318 13.019318 13.019318 0.992250 0.992250 0.992250
3620 13.019318 13.019318 13.019318 0.992250 0.992250 0.992250
3630 13.019318 13.019318 13.019318 0.992250 0.992250 0.992250
3640 13.019318 13.019318 13.019318 0.992250 0.992250 0.992250
3650 13.019318 13.019318 13.019318 0.992250 0.992250 0.992250
3660 13.019318 13.019318 13.019318 0.992250 0.992250 0.992250
3670 13.019318 13.019318 13.019318 0.992250 0.992250 0.992250
3680 13.019318 13.019318 13.019318 0.992250 0.992250 0.992250
3690 13.019318 13.019318 13.019318 0.992250 0.992250 0.992250
3700 13.019318 13.019318 13.019318 0.992250 0.992250 0.992250
3710 13.019318 13.019318 13.019318 0.992250 0.992250 0.992250
3720 13.019318 13.019318 13.019318 0.992250 0.992250 0.992250
3730 13.019318 13.019318 13.019318 0.992250 0.992250 0.992250
3740 13.019318 13.019318 13.019318 0.992250 0.992250 0.992250
3750 13.019318 13.019318 13.019318 0.992250 0.992250 0.992250
3760 13.019318 13.019318 13.019318 0.992250 0.992250 0.992250
3770 13.019318 13.019318 13.019318 0.992250 0.992250 0.992250
3780 13.019318 13.019318 13.019318 0.992250 0.992250 0.992250
3790 13.019318 13.019318 13.019318 0.992250 0.992250 0.992250
3800 13.019318 13.019318 13.019318 0.992250 0.992250 0.992250
3810 13.019318 13.019318 13.019318 0.992250 0.992250 0.992250
3820 13.019318 13.019318 13.019318 0.992250 0.992250 0.992250
3830 13.019318 13.019318 13.019318 0.992250 0.992250 0.992250
3840 13.019318 13.019318 13.019318 0.992250 0.992250 0.992250
3850 13.019318 13.019318 13.019318 0.992250 0.992250 0.992250
3860 13.019318 13.019318 13.019318 0.992250 0.992250 0.992250
3870 13.019318 13.019318 13.019318 0.992250 0.992250 0.992250
3880 13.019318 13.019318 13.019318 0.992250 0.992250 0.992250
3890 13.019318 13.019318 13.019318 0.992250 0.992250 0.992250
3900 13.019318 13.019318 13.019318 0.992250 0.992250 0.992250
3910 13.019318 13.019318 13.019318 0.992250 0.992250 0.992250
3920 13.019318 13.019318 13.019318 0.992250 0.992250 0.992250
3930 13.019318 13.019318 13.019318 0.992250 0.992250 0.992250
3940 13.019318 13.019318 13.019318 0.992250 0.992250 0.992250
3950 13.019318 13.019318 13.019318 0.992250 0.992250 0.992250
3960 13.019318 13.019318 13.019318 0.992250 0.992250 0.992250
3970 13.019318 13.019318 13.019318 0.992250 0.992250 0.992250
3980 13.019318 13.019318 13.019318 0.992250 0.992250 0.992250
3990 13.019318 13.019318 13.019318 0.992250 0.992250 0.992250
4000 13.019318 13.019318 13.019318 0.992250 0.992250 0.992250
4010 13.019318 13.019318 13.019318 0.992250 0.992250 0.992250
4020 13.019318 13.019318 13.019318 0.992250 0.992250 0.992250
4030 13.019318 13.019318 13.019318 0.992250 0.992250 0.992250
4040 13.019318 13.019318 13.019318 0.992250 0.992250 0.992250
4050 13.019318 13.019318 13.019318 0.992250 0.992250 0.992250
4060 13.019318 13.019318 13.019318 0.992250 0.992250 0.992250
4070 13.019318 13.019318 13.019318 0.992250 0.992250 0.992250
4080 13.019318 13.019318 13.019318 0.992250 0.992250 0.992250
4090 13.019318 13.019318 13.019318 0.992250 0.992250 0.992250
4100 13.019318 13.019318 13.019318 0.992250 0.992250 0.992250
4110 13.019318 13.019318 13.019318 0.992250 0.992250 0.992250
4120 13.019318 13.019318 13.019318 0.992250 0.992250 0.992250
4130 13.019318 13.019318 13.019318 0.992250 0.992250 0.992250
4140 13.019318 13.019318 13.019318 0.992250 0.992250 0.992250
4150 13.019318 13.019318 13.019318 0.992250 0.992250 0.992250
4160 13.019318 13.019318 13.019318 0.992250 0.992250 0.992250
4170 13.019318 13.019318 13.019318 0.992250 0.992250 0.992250
4180 13.019318 13.019318 13.019318 0.992250 0.992250 0.992250
4190 13.019318 13.019318 13.019318 0.992250 0.992250 0.992250
4200 13.019318 13.019318 13.019318 0.992250 0.992250 0.992250
4210 13.019318 13.019318 13.019318 0.992250 0.992250 0.992250
4220 13.019318 13.019318 13.019318 0.992250 0.992250 0.992250
4230 13.019318 13.019318 13.019318 0.992250 0.992250 0.992250
4240 13.019318 13.019318 13.019318 0.992250 0.992250 0.992250
4250 13.019318 13.019318 13.019318 0.992250 0.992250 0.992250
4260 13.019318 13.019318 13.019318 0.992250 0.992250 0.992250
4270 13.019318 13.019318 13.019318 0.992250 0.992250 0.992250
4280 13.019318 13.019318 13.019318 0.992250 0.992250 0.992250
4290 13.019318 13.019318 13.019318 0.992250 0.992250 0.992250
4300 13.019318 13.019318 13.019318 0.992250 0.992250 0.992250
4310 13.019318 13.019318 13.019318 0.992250 0.992250 0.992250
4320 13.019318 13.019318 13.019318 0.992250 0.992250 0.992250
4330 13.019318 13.019318 13.019318 0.992250 0.992250 0.992250
4340 13.019318 13.019318 13.019318 0.992250 0.992250 0.992250
4350 13.019318 13.019318 13.019318 0.992250 0.992250 0.992250
4360 13.019318 13.019318 13.019318 0.992250 0.992250 0.992250
4370 13.019318 13.019318 13.019318 0.992250 0.992250 0.992250
4380 13.019318 13.019318 13.019318 0.992250 0.992250 0.992250
4390 13.019318 13.019318 13.019318 0.992250 0.992250 0.992250
4400 13.019318 13.019318 13.019318 0.992250 0.992250 0.992250
4410 13.019318 13.019318 13.019318 0.992250 0.992250 0.992250
4420 13.019318 13.019318 13.019318 0.992250 0.992250 0.992250
4430 13.019318 13.019318 13.019318 0.992250 0.992250 0.992250
4440 13.019318 13.019318 13.019318 0.992250 0.992250 0.992250
4450 13.019318 13.019318 13.019318 0.992250 0.992250 0.992250
4460 13.019318 13.019318 13.019318 0.992250 0.992250 0.992250
4470 13.019318 13.019318 13.019318 0.992250 0.992250 0.992250
4480 13.019318 13.019318 13.019318 0.992250 0.992250 0.992250
4490 13.019318 13.019318 13.019318 0.992250 0.992250 0.992250
4500 13.019318 13.019318 13.019318 0.992250 0.992250 0.992250
4510 13.019318 13.019318 13.019318 0.992250 0.992250 0.992250
4520 13.019318 13.019318 13.019318 0.992250 0.992250 0.992250
4530 13.019318 13.019318 13.019318 0.992250 0.992250 0.992250
4540 13.019318 13.019318 13.019318 0.992250 0.992250 0.992250
4550 13.019318 13.019318 13.019318 0.992250 0.992250 0.992250
4560 13.019318 13.019318 13.019318 0.992250 0.992250 0.992250
4570 13.019318 13.019318 13.019318 0.992250 0.992250 0.992250
4580 13.019318 13.019318 13.019318 0.992250 0.992250 0.992250
4590 13.019318 13.019318 13.019318 0.992250 0.992250 0.992250
4600 13.019318 13.019318 13.019318 0.992250 0.992250 0.992250
4610 13.019318 13.019318 13.019318 0.992250 0.992250 0.992250
4620 13.019318 13.019318 13.019318 0.992250 0.992250 0.992250
4630 13.019318 13.019318 13.019318 0.992250 0.992250 0.992250
4640 13.019318 13.019318 13.019318 0.992250 0.992250 0.992250
4650 13.019318 13.019318 13.019318 0.992250 0.992250 0.992250
4660 13.019318 13.019318 13.019318 0.992250 0.992250 0.992250
4670 13.019318 13.019318 13.019318 0.992250 0.992250 0.992250
4680 13.019318 13.019318 13.019318 0.992250 0.992250 0.992250
4690 13.019318 13.019318 13.019318 0.992250 0.992250 0.992250
4700 13.019318 13.019318 13.019318 0.992250 0.992250 0.992250
4710 13.019318 13.019318 13.019318 0.992250 0.992250 0.992250
4720 13.019318 13.019318 13.019318 0.992250 0.992250 0.992250
4730 13.019318 13.019318 13.019318 0.992250 0.992250 0.992250
4740 13.019318 13.019318 13.019318 0.992250 0.992250 0.992250
4750 13.019318 13.019318 13.019318 0.992250 0.992250 0.992250
4760 13.019318 13.019318 13.019318 0.992250 0.992250 0.992250
4770 13.019318 13.019318 13.019318 0.992250 0.992250 0.992250
4780 13.019318 13.019318 13.019318 0.992250 0.992250 0.992250
4790 13.019318 13.019318 13.019318 0.992250 0.992250 0.992250
4800 13.019318 13.019318 13.019318 0.992250 0.992250 0.992250
4810 13.019318 13.019318 13.019318 0.992250 0.992250 0.992250
4820 13.019318 13.019318 13.019318 0.992250 0.992250 0.992250
4830 13.019318 13.019318 13.019318 0.992250 0.992250 0.992250
4840 13.019318 13.019318 13.019318 0.992250 0.992250 0.992250
4850 13.019318 13.019318 13.019318 0.992250 0.992250 0.992250
4860 13.019318 13.019318 13.019318 0.992250 0.992250 0.992250
4870 13.019318 13.019318 13.019318 0.992250 0.992250 0.992250
4880 13.019318 13.019318 13.019318 0.992250 0.992250 0.992250
4890 13.019318 13.019318 13.019318 0.992250 0.992250 0.992250
4900 13.019318 13.019318 13.019318 0.992250 0.992250 0.992250
4910 13.019318 13.019318 13.019318 0.992250 0.992250 0.992250
4920 13.019318 13.019318 13.019318 0.992250 0.992250 0.992250
4930 13.019318 13.019318 13.019318 0.992250 0.992250 0.992250
4940 13.019318 13.019318 13.019318 0.992250 0.992250 0.992250
4950 13.019318 13.019318 13.019318 0.992250 0.992250 0.992250
4960 13.019318 13.019318 13.019318 0.992250 0.992250 0.992250
4970 13.019318 13.019318 13.019318 0.992250 0.992250 0.992250
4980 13.019318 13.019318 13.019318 0.992250 0.992250 0.992250
4990 13.019318 13.019318 13.019318 0.992250 0.992250 0.992250
5000 13.019318 13.019318 13.019318 0.992250 0.992250 0.992250
5010 13.019318 13.019318 13.019318 0.992250 0.992250 0.992250
5020 13.019318 13.019318 13.019318 0.992250 0.992250 0.992250
5030 13.019318 13.019318 13.019318 0.992250 0.992250 0.992250
5040 13.019318 13.019318 13.019318 0.992250 0.992250 0.992250
5050 13.019318 13.019318 13.019318 0.992250 0.992250 0.992250
5060 13.019318 13.019318 13.019318 0.992250 0.992250 0.992250
5070 13.019318 13.019318 13.019318 0.992250 0.992250 0.992250
5080 13.019318 13.019318 13.019318 0.992250 0.992250 0.992250
5090 13.019318 13.019318 13.019318 0.992250 0.992250 0.992250
5100 13.019318 13.019318 13.019318 0.992250 0.992250 0.992250
5110 13.019318 13.019318 13.019318 0.992250 0.992250 0.992250
5120 13.019318 13.019318 13.019318 0.992250 0.992250 0.992250
5130 13.019318 13.019318 13.019318 0.992250 0.992250 0.992250
5140 13.019318 13.019318 13.019318 0.992250 0.992250 0.992250
5150 13.019318 13.019318 13.019318 0.992250 0.992250 0.992250
5160 13.019318 13.019318 13.019318 0.992250 0.992250 0.992250
5170 13.019318 13.019318 13.019318 0.992250 0.992250 0.992250
5180 13.019318 13.019318 13.019318 0.992250 0.992250 0.992250
5190 13.019318 13.019318 13.019318 0.992250 0.992250 0.992250
5200 13.019318 13.019318 13.019318 0.992250 0.992250 0.992250
5210 13.019318 13.019318 13.019318 0.992250 0.992250 0.992250
5220 13.019318 13.019318 13.019318 0.992250 0.992250 0.992250
5230 13.019318 13.019318 13.019318 0.992250 0.992250 0.992250
5240 13.019318 13.019318 13.019318 0.992250 0.992250 0.992250
5250 13.019318 13.019318 13.019318 0.992250 0.992250 0.992250
5260 13.019318 13.019318 13.019318 0.992250 0.992250 0.992250
5270 13.019318 13.019318 13.019318 0.992250 0.992250 0.992250
5280 13.019318 13.019318 13.019318 0.992250 0.992250 0.992250
5290 13.019318 13.019318 13.019318 0.992250 0.992250 0.992250
5300 13.019318 13.019318 13.019318 0.992250 0.992250 0.992250
5310 13.019318 13.019318 13.019318 0.992250 0.992250 0.992250
5320 13.019318 13.019318 13.019318 0.992250 0.992250 0.992250
5330 13.019318 13.019318 13.019318 0.992250 0.992250 0.992250
5340 13.019318 13.019318 13.019318 0.992250 0.992250 0.992250
5350 13.019318 13.019318 13.019318 0.992250 0.992250 0.992250
5360 13.019318 13.019318 13.019318 0.992250 0.992250 0.992250
5370 13.019318 13.019318 13.019318 0.992250 0.992250 0.992250
5380 13.019318 13.019318 13.019318 0.992250 0.992250 0.992250
5390 13.019318 13.019318 13.019318 0.992250 0.992250 0.992250
5400 13.019318 13.019318 13.019318 0.992250 0.992250 0.992250
5410 13.019318 13.019318 13.019318 0.992250 0.992250 0.992250
5420 13.019318 13.019318 13.019318 0.992250 0.992250 0.992250
5430 13.019318 13.019318 13.019318 0.992250 0.992250 0.992250
5440 13.019318 13.019318 13.019318 0.992250 0.992250 0.992250
5450 13.019318 13.019318 13.019318 0.992250 0.992250 0.992250
5460 13.019318 13.019318 13.019318 0.992250 0.992250 0.992250
5470 13.019318 13.019318 13.019318 0.992250 0.992250 0.992250
5480 13.019318 13.019318 13.019318 0.992250 0.992250 0.992250
5490 13.019318 13.019318 13.019318 0.992250 0.992250 0.992250
5500 13.019318 13.019318 13.019318 0.992250 0.992250 0.992250
5510 13.019318 13.019318 13.019318 0.992250 0.992250 0.992250
5520 13.019318 13.019318 13.019318 0.992250 0.992250 0.992250
5530 13.019318 13.019318 13.019318 0.992250 0.992250 0.992250
5540 13.019318 13.019318 13.019318 0.992250 0.992250 0.992250
5550 13.019318 13.019318 13.019318 0.992250 0.992250 0.992250
5560 13.019318 13.019318 13.019318 0.992250 0.992250 0.992250
5570 13.019318 13.019318 13.019318 0.992250 0.992250 0.992250
5580 13.019318 13.019318 13.019318 0.992250 0.992250 0.992250
5590 13.019318 13.019318 13.019318 0.992250 0.992250 0.992250
5600 13.019318 13.019318 13.019318 0.992250 0.992250 0.992250
5610 13.019318 13.019318 13.019318 0.992250 0.992250 0.992250
5620 13.019318 13.019318 13.019318 0.992250 0.992250 0.992250
5630 13.019318 13.019318 13.019318 0.992250 0.992250 0.992250
5640 13.019318 13.019318 13.019318 0.992250 0.992250 0.992250
5650 13.019318 13.019318 13.019318 0.992250 0.992250 0.992250
5660 13.019318 13.019318 13.019318 0.992250 0.992250 0.992250
5670 13.019318 13.019318 13.019318 0.992250 0.992250 0.992250
5680 13.019318 13.019318 13.019318 0.992250 0.992250 0.992250
5690 13.019318 13.019318 13.019318 0.992250 0.992250 0.992250
5700 13.019318 13.019318 13.019318 0.992250 0.992250 0.992250
5710 13.019318 13.019318 13.019318 0.992250 0.992250 0.992250
5720 13.019318 13.019318 13.019318 0.992250 0.992250 0.992250
5730 13.019318 13.019318 13.019318 0.992250 0.992250 0.992250
5740 13.019318 13.019318 13.019318 0.992250 0.992250 0.992250
5750 13.019318 13.019318 13.019318 0.992250 0.992250 0.992250
5760 13.019318 13.019318 13.019318 0.992250 0.992250 0.992250
5770 13.019318 13.019318 13.019318 0.992250 0.992250 0.992250
5780 13.019318 13.019318 13.019318 0.992250 0.992250 0.992250
5790 13.019318 13.019318 13.019318 0.992250 0.992250 0.992250
5800 13.019318 13.019318 13.019318 0.992250 0.992250 0.992250
5810 13.019318 13.019318 13.019318 0.992250 0.992250 0.992250
5820 13.019318 13.019318 13.019318 0.992250 0.992250 0.992250
5830 13.019318 13.019318 13.019318 0.992250 0.992250 0.992250
5840 13.019318 13.019318 13.019318 0.992250 0.992250 0.992250
5850 13.019318 13.019318 13.019318 0.992250 0.992250 0.992250
5860 13.019318 13.019318 13.019318 0.992250 0.992250 0.992250
5870 13.019318 13.019318 13.019318 0.992250 0.992250 0.992250
5880 13.019318 13.019318 13.019318 0.992250 0.992250 0.992250
5890 13.019318 13.019318 13.019318 0.992250 0.992250 0.992250
5900 13.019318 13.019318 13.019318 0.992250 0.992250 0.992250
5910 13.019318 13.019318 13.019318 0.992250 0.992250 0.992250
5920 13.019318 13.019318 13.019318 0.992250 0.992250 0.992250
5930 13.019318 13.019318 13.019318 0.992250 0.992250 0.992250
5940 13.019318 13.019318 13.019318 0.992250 0.992250 0.992250
5950 13.019318 13.019318 13.019318 0.992250 0.992250 0.992250
5960 13.019318 13.019318 13.019318 0.992250 0.992250 0.992250
5970 13.019318 13.019318 13.019318 0.992250 0.992250 0.992250
5980 13.019318 13.019318 13.019318 0.992250 0.992250 0.992250
5990 13.019318 13.019318 13.019318 0.992250 0.992250 0.992250
6000 13.019318 13.019318 13.019318 0.992250 0.992250 0.992250
6010 13.019318 13.019318 13.019318 0.992250 0.992250 0.992250
6020 13.019318 13.019318 13.019318 0.992250 0.992250 0.992250
6030 13.019318 13.019318 13.019318 0.992250 0.992250 0.992250
6040 13.019318 13.019318 13.019318 0.992250 0.992250 0.992250
6050 13.019318 13.019318 13.019318 0.992250 0.992250 0.992250
6060 13.019318 13.019318 13.019318 0.992250 0.992250 0.992250
6070 13.019318 13.019318 13.019318 0.992250 0.992250 0.992250
6080 13.019318 13.019318 13.019318 0.992250 0.992250 0.992250
6090 13.019318 13.019318 13.019318 0.992250 0.992250 0.992250
6100 13.019318 13.019318 13.019318 0.992250 0.992250 0.992250
6110 13.019318 13.019318 13.019318 0.992250 0.992250 0.992250
6120 13.019318 13.019318 13.019318 0.992250 0.992250 0.992250
6130 13.019318 13.019318 13.019318 0.992250 0.992250 0.992250
6140 13.019318 13.019318 13.019318 0.992250 0.992250 0.992250
6150 13.019318 13.019318 13.019318 0.992250 0.992250 0.992250
6160 13.019318 13.019318 13.019318 0.992250 0.992250 0.992250
6170 13.019318 13.019318 13.019318 0.992250 0.992250 0.992250
6180 13.019318 13.019318 13.019318 0.992250 0.992250 0.992250
6190 13.019318 13.019318 13.019318 0.992250 0.992250 0.992250
6200 13.019318 13.019318 13.019318 0.992250 0.992250 0.992250
6210 13.019318 13.019318 13.019318 0.992250 0.992250 0.992250
6220 13.019318 13.019318 13.019318 0.992250 0.992250 0.992250
6230 13.019318 13.019318 13.019318 0.992250 0.992250 0.992250
6240 13.019318 13.019318 13.019318 0.992250 0.992250 0.992250
6250 13.019318 13.019318 13.019318 0.992250 0.992250 0.992250
6260 13.019318 13.019318 13.019318 0.992250 0.992250 0.992250
6270 13.019318 13.019318 13.019318 0.992250 0.992250 0.992250
6280 13.019318 13.019318 13.019318 0.992250 0.992250 0.992250
6290 13.019318 13.019318 13.019318 0.992250 0.992250 0.992250
6300 13.019318 13.019318 13.019318 0.992250 0.992250 0.992250
6310 13.019318 13.019318 13.019318 0.992250 0.992250 0.992250
6320 13.019318 13.019318 13.019318 0.992250 0.992250 0.992250
6330 13.019318 13.019318 13.019318 0.992250 0.992250 0.992250
6340 13.019318 13.019318 13.019318 0.992250 0.992250 0.992250
6350 13.019318 13.019318 13.019318 0.992250 0.992250 0.992250
6360 13.019318 13.019318 13.019318 0.992250 0.992250 0.992250
6370 13.019318 13.019318 13.019318 0.992250 0.992250 0.992250
6380 13.019318 13.019318 13.019318 0.992250 0.992250 0.992250
6390 13.019318 13.019318 13.019318 0.992250 0.992250 0.992250
6400 13.019318 13.019318 13.019318 0.992250 0.992250 0.992250
6410 13.019318 13.019318 13.019318 0.992250 0.992250 0.992250
6420 13.019318 13.019318 13.019318 0.992250 0.992250 0.992250
6430 13.019318 13.019318 13.019318 0.992250 0.992250 0.992250
6440 13.019318 13.019318 13.019318 0.992250 0.992250 0.992250
6450 13.019318 13.019318 13.019318 0.992250 0.992250 0.992250
6460 13.019318 13.019318 13.019318 0.992250 0.992250 0.992250
6470 13.019318 13.019318 13.019318 0.992250 0.992250 0.992250
6480 13.019318 13.019318 13.019318 0.992250 0.992250 0.992250
6490 13.019318 13.019318 13.019318 0.992250 0.992250 0.992250
6500 13.019318 13.019318 13.019318 0.992250 0.992250 0.992250
6510 13.019318 13.019318 13.019318 0.992250 0.992250 0.992250
6520 13.019318 13.019318 13.019318 0.992250 0.992250 0.992250
6530 13.019318 13.019318 13.019318 0.992250 0.992250 0.992250
6540 13.019318 13.019318 13.019318 0.992250 0.992250 0.992250
6550 13.019318 13.019318 13.019318 0.992250 0.992250 0.992250
6560 13.019318 13.019318 13.019318 0.992250 0.992250 0.992250
6570 13.019318 13.019318 13.019318 0.992250 0.992250 0.992250
6580 13.019318 13.019318 13.019318 0.992250 0.992250 0.992250
6590 13.019318 13.019318 13.019318 0.992250 0.992250 0.992250
6600 13.019318 13.019318 13.019318 0.992250 0.992250 0.992250
6610 13.019318 13.019318 13.019318 0.992250 0.992250 0.992250
6620 13.019318 13.019318 13.019318 0.992250 0.992250 0.992250
6630 13.019318 13.019318 13.019318 0.992250 0.992250 0.992250
6640 13.019318 13.019318 13.019318 0.992250 0.992250 0.992250
6650 13.019318 13.019318 13.019318 0.992250 0.992250 0.992250
6660 13.019318 13.019318 13.019318 0.992250 0.992250 0.992250
6670 13.019318 13.019318 13.019318 0.992250 0.992250 0.992250
6680 13.019318 13.019318 13.019318 0.992250 0.992250 0.992250
6690 13.019318 13.019318 13.019318 0.992250 0.992250 0.992250
6700 13.019318 13.019318 13.019318 0.992250 0.992250 0.992250
6710 13.019318 13.019318 13.019318 0.992250 0.992250 0.992250
6720 13.019318 13.019318 13.019318 0.992250 0.992250 0.992250
6730 13.019318 13.019318 13.019318 0.992250 0.992250 0.992250
6740 13.019318 13.019318 13.019318 0.992250 0.992250 0.992250
6750 13.019318 13.019318 13.019318 0.992250 0.992250 0.992250
6760 13.019318 13.019318 13.019318 0.992250 0.992250 0.992250
6770 13.019318 13.019318 13.019318 0.992250 0.992250 0.992250
6780 13.019318 13.019318 13.019318 0.992250 0.992250 0.992250
6790 13.019318 13.019318 13.019318 0.992250 0.992250 0.992250
6800 13.019318 13.019318 13.019318 0.992250 0.992250 0.992250
6810 13.019318 13.019318 13.019318 0.992250 0.992250 0.992250
6820 13.019318 13.019318 13.019318 0.992250 0.992250 0.992250
6830 13.019318 13.019318 13.019318 0.992250 0.992250 0.992250
6840 13.019318 13.019318 13.019318 0.992250 0.992250 0.992250
6850 13.019318 13.019318 13.019318 0.992250 0.992250 0.992250
6860 13.019318 13.019318 13.019318 0.992250 0.992250 0.992250
6870 13.019318 13.019318 13.019318 0.992250 0.992250 0.992250
6880 13.019318 13.019318 13.019318 0.992250 0.992250 0.992250
6890 13.019318 13.019318 13.019318 0.992250 0.992250 0.992250
6900 13.019318 13.019318 13.019318 0.992250 0.992250 0.992250
6910 13.019318 13.019318 13.019318 0.992250 0.992250 0.992250
6920 13.019318 13.019318 13.019318 0.992250 0.992250 0.992250
6930 13.019318 13.019318 13.019318 0.992250 0.992250 0.992250
6940 13.019318 13.019318 13.019318 0.992250 0.992250 0.992250
6950 13.019318 13.019318 13.019318 0.992250 0.992250 0.992250
6960 13.019318 13.019318 13.019318 0.992250 0.992250 0.992250
6970 13.019318 13.019318 13.019318 0.992250 0.992250 0.992250
6980 13.019318 13.019318 13.019318 0.992250 0.992250 0.992250
6990 13.019318 13.019318 13.019318 0.992250 0.992250 0.992250
7000 13.019318 13.019318 13.019318 0.992250 0.992250 0.992250
7010 13.019318 13.019318 13.019318 0.992250 0.992250 0.992250
7020 13.019318 13.019318 13.019318 0.992250 0.992250 0.992250
7030 13.019318 13.019318 13.019318 0.992250 0.992250 0.992250
7040 13.019318 13.019318 13.019318 0.992250 0.992250 0.992250
7050 13.019318 13.019318 13.019318 0.992250 0.992250 0.992250
7060 13.019318 13.019318 13.019318 0.992250 0.992250 0.992250
7070 13.019318 13.019318 13.019318 0.992250 0.992250 0.992250
7080 13.019318 13.019318 13.019318 0.992250 0.992250 0.992250
7090 13.019318 13.019318 13.019318 0.992250 0.992250 0.992250
7100 13.019318 13.019318 13.019318 0.992250 0.992250 0.992250
7110 13.019318 13.019318 13.019318 0.992250 0.992250 0.992250
7120 13.019318 13.019318 13.019318 0.992250 0.992250 0.992250
7130 13.019318 13.019318 13.019318 0.992250 0.992250 0.992250
7140 13.019318 13.019318 13.019318 0.992250 0.992250 0.992250
7150 13.019318 13.019318 13.019318 0.992250 0.992250 0.992250
7160 13.019318 13.019318 13.019318 0.992250 0.992250 0.992250
7170 13.019318 13.019318 13.019318 0.992250 0.992250 0.992250
7180 13.019318 13.019318 13.019318 0.992250 0.992250 0.992250
7190 13.019318 13.019318 13.019318 0.992250 0.992250 0.992250
7200 13.019318 13.019318 13.019318 0.992250 0.992250 0.992250
7210 13.019318 13.019318 13.019318 0.992250 0.992250 0.992250
7220 13.019318 13.019318 13.019318 0.992250 0.992250 0.992250
7230 13.019318 13.019318 13.019318 0.992250 0.992250 0.992250
7240 13.019318 13.019318 13.019318 0.992250 0.992250 0.992250
7250 13.019318 13.019318 13.019318 0.992250 0.992250 0.992250
7260 13.019318 13.019318 13.019318 0.992250 0.992250 0.992250
7270 13.019318 13.019318 13.019318 0.992250 0.992250 0.992250
7280 13.019318 13.019318 13.019318 0.992250 0.992250 0.992250
7290 13.019318 13.019318 13.019318 0.992250 0.992250 0.992250
7300 13.019318 13.019318 13.019318 0.992250 0.992250 0.992250
7310 13.019318 13.019318 13.019318 0.992250 0.992250 0.992250
7320 13.019318 13.019318 13.019318 0.992250 0.992250 0.992250
7330 13.019318 13.019318 13.019318 0.992250 0.992250 0.992250
7340 13.019318 13.019318 13.019318 0.992250 0.992250 0.992250
7350 13.019318 13.019318 13.019318 0.992250 0.992250 0.992250
7360 13.019318 13.019318 13.019318 0.992250 0.992250 0.992250
7370 13.019318 13.019318 13.019318 0.992250 0.992250 0.992250
7380 13.019318 13.019318 13.019318 0.992250 0.992250 0.992250
7390 13.019318 13.019318 13.019318 0.992250 0.992250 0.992250
7400 13.019318 13.019318 13.019318 0.992250 0.992250 0.992250
7410 13.019318 13.019318 13.019318 0.992250 0.992250 0.992250
7420 13.019318 13.019318 13.019318 0.992250 0.992250 0.992250
7430 13.019318 13.019318 13.019318 0.992250 0.992250 0.992250
7440 13.019318 13.019318 13.019318 0.992250 0.992250 0.992250
7450 13.019318 13.019318 13.019318 0.992250 0.992250 0.992250
7460 13.019318 13.019318 13.019318 0.992250 0.992250 0.992250
7470 13.019318 13.019318 13.019318 0.992250 0.992250 0.992250
7480 13.019318 13.019318 13.019318 0.992250 0.992250 0.992250
7490 13.019318 13.019318 13.019318 0.992250 0.992250 0.992250
7500 13.019318 13.019318 13.019318 0.992250 0.992250 0.992250
7510 13.019318 13.019318 13.019318 0.992250 0.992250 0.992250
7520 13.019318 13.019318 13.019318 0.992250 0.992250 0.992250
7530 13.019318 13.019318 13.019318 0.992250 0.992250 0.992250
7540 13.019318 13.019318 13.019318 0.992250 0.992250 0.992250
7550 13.019318 13.019318 13.019318 0.992250 0.992250 0.992250
7560 13.019318 13.019318 13.019318 0.992250 0.992250 0.992250
7570 13.019318 13.019318 13.019318 0.992250 0.992250 0.992250
7580 13.019318 13.019318 13.019318 0.992250 0.992250 0.992250
7590 13.019318 13.019318 13.019318 0.992250 0.992250 0.992250
7600 13.019318 13.019318 13.019318 0.992250 0.992250 0.992250
7610 13.019318 13.019318 13.019318 0.992250 0.992250 0.992250
7620 13.019318 13.019318 13.019318 0.992250 0.992250 0.992250
7630 13.019318 13.019318 13.019318 0.992250 0.992250 0.992250
7640 13.019318 13.019318 13.019318 0.992250 0.992250 0.992250
7650 13.019318 13.019318 13.019318 0.992250 0.992250 0.992250
7660 13.019318 13.019318 13.019318 0.992250 0.992250 0.992250
7670 13.019318 13.019318 13.019318 0.992250 0.992250 0.992250
7680 13.019318 13.019318 13.019318 0.992250 0.992250 0.992250
7690 13.019318 13.019318 13.019318 0.992250 0.992250 0.992250
7700 13.019318 13.019318 13.019318 0.992250 0.992250 0.992250
7710 13.019318 13.019318 13.019318 0.992250 0.992250 0.992250
7720 13.019318 13.019318 13.019318 0.992250 0.992250 0.992250
7730 13.019318 13.019318 13.019318 0.992250 0.992250 0.992250
7740 13.019318 13.019318 13.019318 0.992250 0.992250 0.992250
7750 13.019318 13.019318 13.019318 0.992250 0.992250 0.992250
7760 13.019318 13.019318 13.019318 0.992250 0.992250 0.992250
7770 13.019318 13.019318 13.019318 0.992250 0.992250 0.992250
7780 13.019318 13.019318 13.019318 0.992250 0.992250 0.992250
7790 13.019318 13.019318 13.019318 0.992250 0.992250 0.992250
7800 13.019318 13.019318 13.019318 0.992250 0.992250 0.992250
7810 13.019318 13.019318 13.019318 0.992250 0.992250 0.992250
7820 13.019318 13.019318 13.019318 0.992250 0.992250 0.992250
7830 13.019318 13.019318 13.019318 0.992250 0.992250 0.992250
7840 13.019318 13.019318 13.019318 0.992250 0.992250 0.992250
7850 13.019318 13.019318 13.019318 0.992250 0.992250 0.992250
7860 13.019318 13.019318 13.019318 0.992250 0.992250 0.992250
7870 13.019318 13.019318 13.019318 0.992250 0.992250 0.992250
7880 13.019318 13.019318 13.019318 0.992250 0.992250 0.992250
7890 13.019318 13.019318 13.019318 0.992250 0.992250 0.992250
7900 13.019318 13.019318 13.019318 0.992250 0.992250 0.992250
7910 13.019318 13.019318 13.019318 0.992250 0.992250 0.992250
7920 13.019318 13.019318 13.019318 0.992250 0.992250 0.992250
7930 13.019318 13.019318 13.019318 0.992250 0.992250 0.992250
7940 13.019318 13.019318 13.019318 0.992250 0.992250 0.992250
7950 13.019318 13.019318 13.019318 0.992250 0.992250 0.992250
7960 13.019318 13.019318 13.019318 0.992250 0.992250 0.992250
7970 13.019318 13.019318 13.019318 0.992250 0.992250 0.992250
7980 13.019318 13.019318 13.019318 0.992250 0.992250 0.992250
7990 13.019318 13.019318 13.019318 0.992250 0.992250 0.992250
8000 13.019318 13.019318 13.019318 0.992250 0.992250 0.992250
8010 13.019318 13.019318 13.019318 0.992250 0.992250 0.992250
8020 13.019318 13.019318 13.019318 0.992250 0.992250 0.992250
8030 13.019318 13.019318 13.019318 0.992250 0.992250 0.992250
8040 13.019318 13.019318 13.019318 0.992250 0.992250 0.992250
8050 13.019318 13.019318 13.019318 0.992250 0.992250 0.992250
8060 13.019318 13.019318 13.019318 0.992250 0.992250 0.992250
8070 13.019318 13.019318 13.019318 0.992250 0.992250 0.992250
8080 13.019318 13.019318 13.019318 0.992250 0.992250 0.992250
8090 13.019318 13.019318 13.019318 0.992250 0.992250 0.992250
8100 13.019318 13.019318 13.019318 0.992250 0.992250 0.992250
8110 13.019318 13.019318 13.019318 0.992250 0.992250 0.992250
8120 13.019318 13.019318 13.019318 0.992250 0.992250 0.992250
8130 13.019318 13.019318 13.019318 0.992250 0.992250 0.992250
8140 13.019318 13.019318 13.019318 0.992250 0.992250 0.992250
8150 13.019318 13.019318 13.019318 0.992250 0.992250 0.992250
8160 13.019318 13.019318 13.019318 0.992250 0.992250 0.992250
8170 13.019318 13.019318 13.019318 0.992250 0.992250 0.992250
8180 13.019318 13.019318 13.019318 0.992250 0.992250 0.992250
8190 13.019318 13.019318 13.019318 0.992250 0.992250 0.992250
8200 13.019318 13.019318 13.019318 0.992250 0.992250 0.992250
8210 13.019318 13.019318 13.019318 0.992250 0.992250 0.992250
8220 13.019318 13.019318 13.019318 0.992250 0.992250 0.992250
8230 13.019318 13.019318 13.019318 0.992250 0.992250 0.992250
8240 13.019318 13.019318 13.019318 0.992250 0.992250 0.992250
8250 13.019318 13.019318 13.019318 0.992250 0.992250 0.992250
8260 13.019318 13.019318 13.019318 0.992250 0.992250 0.992250
8270 13.019318 13.019318 13.019318 0.992250 0.992250 0.992250
8280 13.019318 13.019318 13.019318 0.992250 0.992250 0.992250
8290 13.019318 13.019318 13.019318 0.992250 0.992250 0.992250
8300 13.019318 13.019318 13.019318 0.992250 0.992250 0.992250
8310 13.019318 13.019318 13.019318 0.992250 0.992250 0.992250
8320 13.019318 13.019318 13.019318 0.992250 0.992250 0.992250
8330 13.019318 13.019318 13.019318 0.992250 0.992250 0.992250
8340 13.019318 13.019318 13.019318 0.992250 0.992250 0.992250
8350 13.019318 13.019318 13.019318 0.992250 0.992250 0.992250
8360 13.019318 13.019318 13.019318 0.992250 0.992250 0.992250
8370 13.019318 13.019318 13.019318 0.992250 0.992250 0.992250
8380 13.019318 13.019318 13.019318 0.992250 0.992250 0.992250
8390 13.019318 13.019318 13.019318 0.992250 0.992250 0.992250
8400 13.019318 13.019318 13.019318 0.992250 0.992250 0.992250
8410 13.019318 13.019318 13.019318 0.992250 0.992250 0.992250
8420 13.019318 13.019318 13.019318 0.992250 0.992250 0.992250
8430 13.019318 13.019318 13.019318 0.992250 0.992250 0.992250
8440 13.019318 13.019318 13.019318 0.992250 0.992250 0.992250
8450 13.019318 13.019318 13.019318 0.992250 0.992250 0.992250
8460 13.019318 13.019318 13.019318 0.992250 0.992250 0.992250
8470 13.019318 13.019318 13.019318 0.992250 0.992250 0.992250
8480 13.019318 13.019318 13.019318 0.992250 0.992250 0.992250
8490 13.019318 13.019318 13.019318 0.992250 0.992250 0.992250
8500 13.019318 13.019318 13.019318 0.992250 0.992250 0.992250
8510 13.019318 13.019318 13.019318 0.992250 0.992250 0.992250
8520 13.019318 13.019318 13.019318 0.992250 0.992250 0.992250
8530 13.019318 13.019318 13.019318 0.992250 0.992250 0.992250
8540 13.019318 13.019318 13.019318 0.992250 0.992250 0.992250
8550 13.019318 13.019318 13.019318 0.992250 0.992250 0.992250
8560 13.019318 13.019318 13.019318 0.992250 0.992250 0.992250
8570 13.019318 13.019318 13.019318 0.992250 0.992250 0.992250
8580 13.019318 13.019318 13.019318 0.992250 0.992250 0.992250
8590 13.019318 13.019318 13.019318 0.992250 0.992250 0.992250
8600 13.019318 13.019318 13.019318 0.992250 0.992250 0.992250
8610 13.019318 13.019318 13.019318 0.992250 0.992250 0.992250
8620 13.019318 13.019318 13.019318 0.992250 0.992250 0.992250
8630 13.019318 13.019318 13.019318 0.992250 0.992250 0.992250
8640 13.019318 13.019318 13.019318 0.992250 0.992250 0.992250
8650 13.019318 13.019318 13.019318 0.992250 0.992250 0.992250
8660 13.019318 13.019318 13.019318 0.992250 0.992250 0.992250
8670 13.019318 13.019318 13.019318 0.992250 0.992250 0.992250
8680 13.019318 13.019318 13.019318 0.992250 0.992250 0.992250
8690 13.019318 13.019318 13.019318 0.992250 0.992250 0.992250
8700 13.019318 13.019318 13.019318 0.992250 0.992250 0.992250
8710 13.019318 13.019318 13.019318 0.992250 0.992250 0.992250
8720 13.019318 13.019318 13.019318 0.992250 0.992250 0.992250
8730 13.019318 13.019318 13.019318 0.992250 0.992250 0.992250
8740 13.019318 13.019318 13.019318 0.992250 0.992250 0.992250
8750 13.019318 13.019318 13.019318 0.992250 0.992250 0.992250
8760 13.019318 13.019318 13.019318 0.992250 0.992250 0.992250
8770 13.019318 13.019318 13.019318 0.992250 0.992250 0.992250
8780 13.019318 13.019318 13.019318 0.992250 0.992250 0.992250
8790 13.019318 13.019318 13.019318 0.992250 0.992250 0.992250
8800 13.019318 13.019318 13.019318 0.992250 0.992250 0.992250
8810 13.019318 13.019318 13.019318 0.992250 0.992250 0.992250
8820 13.019318 13.019318 13.019318 0.992250 0.992250 0.992250
8830 13.019318 13.019318 13.019318 0.992250 0.992250 0.992250
8840 13.019318 13.019318 13.019318 0.992250 0.992250 0.992250
8850 13.019318 13.019318 13.019318 0.992250 0.992250 0.992250
8860 13.019318 13.019318 13.019318 0.992250 0.992250 0.992250
8870 13.019318 13.019318 13.019318 0.992250 0.992250 0.992250
8880 13.019318 13.019318 13.019318 0.992250 0.992250 0.992250
8890 13.019318 13.019318 13.019318 0.992250 0.992250 0.992250
8900 13.019318 13.019318 13.019318 0.992250 0.992250 0.992250
8910 13.019318 13.019318 13.019318 0.992250 0.992250 0.992250
8920 13.019318 13.019318 13.019318 0.992250 0.992250 0.992250
8930 13.019318 13.019318 13.019318 0.992250 0.992250 0.992250
8940 13.019318 13.019318 13.019318 0.992250 0.992250 0.992250
8950 13.019318 13.019318 13.019318 0.992250 0.992250 0.992250
8960 13.019318 13.019318 13.019318 0.992250 0.992250 0.992250
8970 13.019318 13.019318 13.019318 0.992250 0.992250 0.992250
8980 13.019318 13.019318 13.019318 0.992250 0.992250 0.992250
8990 13.019318 13.019318 13.019318 0.992250 0.992250 0.992250
9000 13.019318 13.019318 13.019318 0.992250 0.992250 0.992250
9010 13.019318 13.019318 13.019318 0.992250 0.992250 0.992250
9020 13.019318 13.019318 13.019318 0.992250 0.992250 0.992250
9030 13.019318 13.019318 13.019318 0.992250 0.992250 0.992250
9040 13.019318 13.019318 13.019318 0.992250 0.992250 0.992250
9050 13.019318 13.019318 13.019318 0.992250 0.992250 0.992250
9060 13.019318 13.019318 13.019318 0.992250 0.992250 0.992250
9070 13.019318 13.019318 13.019318 0.992250 0.992250 0.992250
9080 13.019318 13.019318 13.019318 0.992250 0.992250 0.992250
9090 13.019318 13.019318 13.019318 0.992250 0.992250 0.992250
9100 13.019318 13.019318 13.019318 0.992250 0.992250 0.992250
9110 13.019318 13.019318 13.019318 0.992250 0.992250 0.992250
9120 13.019318 13.019318 13.019318 0.992250 0.992250 0.992250
9130 13.019318 13.019318 13.019318 0.992250 0.992250 0.992250
9140 13.019318 13.019318 13.019318 0.992250 0.992250 0.992250
9150 13.019318 13.019318 13.019318 0.992250 0.992250 0.992250
9160 13.019318 13.019318 13.019318 0.992250 0.992250 0.992250
9170 13.019318 13.019318 13.019318 0.992250 0.992250 0.992250
9180 13.019318 13.019318 13.019318 0.992250 0.992250 0.992250
9190 13.019318 13.019318 13.019318 0.992250 0.992250 0.992250
9200 13.019318 13.019318 13.019318 0.992250 0.992250 0.992250
9210 13.019318 13.019318 13.019318 0.992250 0.992250 0.992250
9220 13.019318 13.019318 13.019318 0.992250 0.992250 0.992250
9230 13.019318 13.019318 13.019318 0.992250 0.992250 0.992250
9240 13.019318 13.019318 13.019318 0.992250 0.992250 0.992250
9250 13.019318 13.019318 13.019318 0.992250 0.992250 0.992250
9260 13.019318 13.019318 13.019318 0.992250 0.992250 0.992250
9270 13.019318 13.019318 13.019318 0.992250 0.992250 0.992250
9280 13.019318 13.019318 13.019318 0.992250 0.992250 0.992250
9290 13.019318 13.019318 13.019318 0.992250 0.992250 0.992250
9300 13.019318 13.019318 13.019318 0.992250 0.992250 0.992250
9310 13.019318 13.019318 13.019318 0.992250 0.992250 0.992250
9320 13.019318 13.019318 13.019318 0.992250 0.992250 0.992250
9330 13.019318 13.019318 13.019318 0.992250 0.992250 0.992250
9340 13.019318 13.019318 13.019318 0.992250 0.992250 0.992250
9350 13.019318 13.019318 13.019318 0.992250 0.992250 0.992250
9360 13.019318 13.019318 13.019318 0.992250 0.992250 0.992250
9370 13.019318 13.019318 13.019318 0.992250 0.992250 0.992250
9380 13.019318 13.019318 13.019318 0.992250 0.992250 0.992250
9390 13.019318 13.019318 13.019318 0.992250 0.992250 0.992250
9400 13.019318 13.019318 13.019318 0.992250 0.992250 0.992250
9410 13.019318 13.019318 13.019318 0.992250 0.992250 0.992250
9420 13.019318 13.019318 13.019318 0.992250 0.992250 0.992250
9430 13.019318 13.019318 13.019318 0.992250 0.992250 0.992250
9440 13.019318 13.019318 13.019318 0.992250 0.992250 0.992250
9450 13.019318 13.019318 13.019318 0.992250 0.992250 0.992250
9460 13.019318 13.019318 13.019318 0.992250 0.992250 0.992250
9470 13.019318 13.019318 13.019318 0.992250 0.992250 0.992250
9480 13.019318 13.019318 13.019318 0.992250 0.992250 0.992250
9490 13.019318 13.019318 13.019318 0.992250 0.992250 0.992250
9500 13.019318 13.019318 13.019318 0.992250 0.992250 0.992250
9510 13.019318 13.019318 13.019318 0.992250 0.992250 0.992250
9520 13.019318 13.019318 13.019318 0.992250 0.992250 0.992250
9530 13.019318 13.019318 13.019318 0.992250 0.992250 0.992250
9540 13.019318 13.019318 13.019318 0.992250 0.992250 0.992250
9550 13.019318 13.019318 13.019318 0.992250 0.992250 0.992250
9560 13.019318 13.019318 13.019318 0.992250 0.992250 0.992250
9570 13.019318 13.019318 13.019318 0.992250 0.992250 0.992250
9580 13.019318 13.019318 13.019318 0.992250 0.992250 0.992250
9590 13.019318 13.019318 13.019318 0.992250 0.992250 0.992250
9600 13.019318 13.019318 13.019318 0.992250 0.992250 0.992250
9610 13.019318 13.019318 13.019318 0.992250 0.992250 0.992250
9620 13.019318 13.019318 13.019318 0.992250 0.992250 0.992250
9630 13.019318 13.019318 13.019318 0.992250 0.992250 0.992250
9640 13.019318 13.019318 13.019318 0.992250 0.992250 0.992250
9650 13.019318 13.019318 13.019318 0.992250 0.992250 0.992250
9660 13.019318 13.019318 13.019318 0.992250 0.992250 0.992250
9670 13.019318 13.019318 13.019318 0.992250 0.992250 0.992250
9680 13.019318 13.019318 13.019318 0.992250 0.992250 0.992250
9690 13.019318 13.019318 13.019318 0.992250 0.992250 0.992250
9700 13.019318 13.019318 13.019318 0.992250 0.992250 0.992250
9710 13.019318 13.019318 13.019318 0.992250 0.992250 0.992250
9720 13.019318 13.019318 13.019318 0.992250 0.992250 0.992250
9730 13.019318 13.019318 13.019318 0.992250 0.992250 0.992250
9740 13.019318 13.019318 13.019318 0.992250 0.992250 0.992250
9750 13.019318 13.019318 13.019318 0.992250 0.992250 0.992250
9760 13.019318 13.019318 13.019318 0.992250 0.992250 0.992250
9770 13.019318 13.019318 13.019318 0.992250 0.992250 0.992250
9780 13.019318 13.019318 13.019318 0.992250 0.992250 0.992250
9790 13.019318 13.019318 13.019318 0.992250 0.992250 0.992250
9800 13.019318 13.019318 13.019318 0.992250 0.992250 0.992250
9810 13.019318 13.019318 13.019318 0.992250 0.992250 0.992250
9820 13.019318 13.019318 13.019318 0.992250 0.992250 0.992250
9830 13.019318 13.019318 13.019318 0.992250 0.992250 0.992250
9840 13.019318 13.019318 13.019318 0.992250 0.992250 0.992250
9850 13.019318 13.019318 13.019318 0.992250 0.992250 0.992250
9860 13.019318 13.019318 13.019318 0.992250 0.992250 0.992250
9870 13.019318 13.019318 13.019318 0.992250 0.992250 0.992250
9880 13.019318 13.019318 13.019318 0.992250 0.992250 0.992250
9890 13.019318 13.019318 13.019318 0.992250 0.992250 0.992250
9900 13.019318 13.019318 13.019318 0.992250 0.992250 0.992250
9910 13.019318 13.019318 13.019318 0.992250 0.992250 0.992250
9920 13.019318 13.019318 13.019318 0.992250 0.992250 0.992250
9930 13.019318 13.019318 13.019318 0.992250 0.992250 0.992250
9940 13.019318 13.019318 13.019318 0.992250 0.992250 0.992250
9950 13.019318 13.019318 13.019318 0.992250 0.992250 0.992250
9960 13.019318 13.019318 13.019318 0.992250 0.992250 0.992250
9970 13.019318 13.019318 13.019318 0.992250 0.992250 0.992250
9980 13.019318 13.019318 13.019318 0.992250 0.992250 0.992250
9990 13.019318 13.019318 13.019318 0.992250 0.992250 0.992250
10000 13.019318 13.019318 13.019318 0.992250 0.992250 0.992250
