# generation power_min power_avg power_max util_min util_avg util_max
1 20.963631 21.828936 23.028706 0.327672 0.338485 0.346450
10 20.963631 21.705147 22.381968 0.331872 0.339570 0.346602
20 20.901999 21.599099 22.234412 0.331976 0.340553 0.347957
30 20.708678 21.486794 22.076673 0.333391 0.341494 0.348786
40 20.440721 21.378575 21.931306 0.335370 0.342414 0.352179
50 20.440721 21.286302 21.793181 0.337222 0.343218 0.352179
60 20.440721 21.196877 21.679306 0.337222 0.343908 0.352179
70 20.440721 21.108402 21.598544 0.337757 0.344574 0.352179
80 20.391365 21.019938 21.483362 0.340387 0.345367 0.352179
90 20.391365 20.934717 21.394433 0.341100 0.346099 0.352179
100 20.351855 20.857905 21.314875 0.341100 0.346774 0.352179
110 20.327052 20.781951 21.204848 0.342276 0.347433 0.352179
120 20.302787 20.709407 21.122341 0.342386 0.348058 0.352179
130 20.133652 20.634322 21.013196 0.343984 0.348725 0.352618
140 20.133652 20.575271 20.916556 0.344669 0.349280 0.352618
150 20.133652 20.520886 20.808562 0.345352 0.349687 0.352618
160 19.726694 20.466005 20.770530 0.346707 0.350171 0.356614
170 19.726694 20.416067 20.687051 0.347078 0.350600 0.356614
180 19.726694 20.365278 20.662119 0.347078 0.350991 0.356614
190 19.726694 20.319265 20.573110 0.348302 0.351351 0.356614
200 19.726694 20.279456 20.489501 0.348990 0.351678 0.356614
210 19.726694 20.237061 20.440721 0.348990 0.351938 0.356614
220 19.726694 20.189673 20.391386 0.348990 0.352289 0.356614
230 19.726694 20.151593 20.361095 0.350065 0.352609 0.356775
240 19.563037 20.101719 20.334609 0.350065 0.353019 0.358617
250 19.563037 20.052780 20.289108 0.350342 0.353457 0.358617
260 19.563037 20.007783 20.261590 0.350342 0.353854 0.358617
270 19.563037 19.955737 20.216671 0.351160 0.354349 0.358617
280 19.563037 19.900035 20.175439 0.351251 0.354875 0.358617
290 19.520714 19.846537 20.135154 0.351971 0.355412 0.358617
300 19.370653 19.792829 20.089619 0.351971 0.355912 0.359768
310 19.370653 19.747960 20.067001 0.353049 0.356382 0.359768
320 19.370653 19.700702 19.972834 0.353839 0.356838 0.359768
330 19.292678 19.657579 19.915209 0.354390 0.357244 0.360273
340 19.292678 19.623864 19.798466 0.355672 0.357546 0.360273
350 19.292678 19.600474 19.750355 0.355672 0.357738 0.360865
360 19.292678 19.577405 19.726694 0.356087 0.357962 0.360865
370 19.292678 19.551291 19.691970 0.356314 0.358232 0.360865
380 19.205586 19.520989 19.660774 0.356314 0.358551 0.361265
390 19.205586 19.498916 19.627126 0.356627 0.358762 0.361265
400 19.188441 19.468168 19.596627 0.356994 0.359011 0.361265
410 19.183344 19.441499 19.564777 0.357348 0.359319 0.361620
420 19.183344 19.414009 19.563037 0.357499 0.359500 0.361620
430 19.183344 19.386142 19.549990 0.357499 0.359727 0.362125
440 19.096261 19.356683 19.531701 0.357499 0.359944 0.362125
450 19.021112 19.326083 19.499266 0.357842 0.360226 0.363223
460 18.946942 19.298525 19.452821 0.358684 0.360472 0.363451
470 18.946942 19.276800 19.403704 0.359474 0.360649 0.363451
480 18.946942 19.255687 19.372934 0.359474 0.360801 0.363451
490 18.946942 19.225770 19.357605 0.359474 0.361042 0.363451
500 18.946942 19.204016 19.335744 0.359569 0.361165 0.363451
510 18.882098 19.181330 19.292678 0.360158 0.361334 0.364102
520 18.882098 19.157966 19.267516 0.360158 0.361500 0.364102
530 18.882098 19.135011 19.267516 0.360158 0.361703 0.364102
540 18.865114 19.102911 19.267516 0.360158 0.362003 0.364230
550 18.865114 19.069616 19.260436 0.360158 0.362311 0.364230
560 18.865114 19.038202 19.222623 0.360689 0.362615 0.364230
570 18.865114 19.010177 19.188441 0.360935 0.362889 0.364230
580 18.865114 18.982861 19.150698 0.361466 0.363131 0.364230
590 18.865114 18.961845 19.096261 0.361693 0.363314 0.364230
600 18.865114 18.943228 19.096261 0.361693 0.363525 0.364230
610 18.865114 18.925469 19.021112 0.362699 0.363698 0.364230
620 18.865114 18.912266 18.952903 0.363273 0.363795 0.364230
630 18.865114 18.907019 18.946942 0.363451 0.363849 0.364230
640 18.865114 18.900534 18.946942 0.363451 0.363914 0.364230
650 18.865114 18.894050 18.946942 0.363451 0.363980 0.364230
660 18.865114 18.887565 18.946942 0.363451 0.364045 0.364230
670 18.800270 18.881109 18.882098 0.364102 0.364111 0.364881
680 18.800270 18.880291 18.882098 0.364102 0.364119 0.364881
690 18.800270 18.879473 18.882098 0.364102 0.364127 0.364881
700 18.800270 18.879473 18.882098 0.364102 0.364127 0.364881
710 18.800270 18.879473 18.882098 0.364102 0.364127 0.364881
720 18.800270 18.878655 18.882098 0.364102 0.364134 0.364881
730 18.800270 18.878655 18.882098 0.364102 0.364134 0.364881
740 18.800270 18.878655 18.882098 0.364102 0.364134 0.364881
750 18.800270 18.877018 18.882098 0.364102 0.364150 0.364881
760 18.800270 18.877018 18.882098 0.364102 0.364150 0.364881
770 18.800270 18.874563 18.882098 0.364102 0.364173 0.364881
780 18.800270 18.872108 18.882098 0.364102 0.364197 0.364881
790 18.800270 18.871290 18.882098 0.364102 0.364205 0.364881
800 18.800270 18.868835 18.882098 0.364102 0.364228 0.364881
810 18.800270 18.865562 18.882098 0.364102 0.364259 0.364881
820 18.800270 18.861471 18.882098 0.364102 0.364298 0.364881
830 18.800270 18.854925 18.882098 0.364102 0.364360 0.364881
840 18.800270 18.850833 18.882098 0.364102 0.364399 0.364881
850 18.800270 18.842651 18.882098 0.364102 0.364477 0.364881
860 18.800270 18.835286 18.882098 0.364102 0.364547 0.364881
870 18.800270 18.827103 18.882098 0.364102 0.364625 0.364881
880 18.800270 18.818920 18.882098 0.364102 0.364703 0.364881
890 18.800270 18.810738 18.882098 0.364102 0.364781 0.364881
900 18.800270 18.802555 18.882098 0.364102 0.364859 0.364881
910 18.800270 18.800270 18.800270 0.364881 0.364881 0.364881
920 18.800270 18.800270 18.800270 0.364881 0.364881 0.364881
930 18.800270 18.800270 18.800270 0.364881 0.364881 0.364881
940 18.800270 18.800270 18.800270 0.364881 0.364881 0.364881
950 18.800270 18.800270 18.800270 0.364881 0.364881 0.364881
960 18.800270 18.800270 18.800270 0.364881 0.364881 0.364881
970 18.800270 18.800270 18.800270 0.364881 0.364881 0.364881
980 18.800270 18.800270 18.800270 0.364881 0.364881 0.364881
990 18.800270 18.800270 18.800270 0.364881 0.364881 0.364881
1000 18.800270 18.800270 18.800270 0.364881 0.364881 0.364881
1010 18.800270 18.800270 18.800270 0.364881 0.364881 0.364881
1020 18.800270 18.800270 18.800270 0.364881 0.364881 0.364881
1030 18.800270 18.800270 18.800270 0.364881 0.364881 0.364881
1040 18.800270 18.800270 18.800270 0.364881 0.364881 0.364881
1050 18.800270 18.800270 18.800270 0.364881 0.364881 0.364881
1060 18.800270 18.800270 18.800270 0.364881 0.364881 0.364881
1070 18.800270 18.800270 18.800270 0.364881 0.364881 0.364881
1080 18.800270 18.800270 18.800270 0.364881 0.364881 0.364881
1090 18.800270 18.800270 18.800270 0.364881 0.364881 0.364881
1100 18.800270 18.800270 18.800270 0.364881 0.364881 0.364881
1110 18.800270 18.800270 18.800270 0.364881 0.364881 0.364881
1120 18.800270 18.800270 18.800270 0.364881 0.364881 0.364881
1130 18.800270 18.800270 18.800270 0.364881 0.364881 0.364881
1140 18.800270 18.800270 18.800270 0.364881 0.364881 0.364881
1150 18.800270 18.800270 18.800270 0.364881 0.364881 0.364881
1160 18.800270 18.800270 18.800270 0.364881 0.364881 0.364881
1170 18.800270 18.800270 18.800270 0.364881 0.364881 0.364881
1180 18.800270 18.800270 18.800270 0.364881 0.364881 0.364881
1190 18.800270 18.800270 18.800270 0.364881 0.364881 0.364881
1200 18.800270 18.800270 18.800270 0.364881 0.364881 0.364881
1210 18.800270 18.800270 18.800270 0.364881 0.364881 0.364881
1220 18.800270 18.800270 18.800270 0.364881 0.364881 0.364881
1230 18.800270 18.800270 18.800270 0.364881 0.364881 0.364881
1240 18.800270 18.800270 18.800270 0.364881 0.364881 0.364881
1250 18.800270 18.800270 18.800270 0.364881 0.364881 0.364881
1260 18.800270 18.800270 18.800270 0.364881 0.364881 0.364881
1270 18.800270 18.800270 18.800270 0.364881 0.364881 0.364881
1280 18.800270 18.800270 18.800270 0.364881 0.364881 0.364881
1290 18.800270 18.800270 18.800270 0.364881 0.364881 0.364881
1300 18.800270 18.800270 18.800270 0.364881 0.364881 0.364881
1310 18.800270 18.800270 18.800270 0.364881 0.364881 0.364881
1320 18.800270 18.800270 18.800270 0.364881 0.364881 0.364881
1330 18.800270 18.800270 18.800270 0.364881 0.364881 0.364881
1340 18.800270 18.800270 18.800270 0.364881 0.364881 0.364881
1350 18.800270 18.800270 18.800270 0.364881 0.364881 0.364881
1360 18.800270 18.800270 18.800270 0.364881 0.364881 0.364881
1370 18.800270 18.800270 18.800270 0.364881 0.364881 0.364881
1380 18.800270 18.800270 18.800270 0.364881 0.364881 0.364881
1390 18.800270 18.800270 18.800270 0.364881 0.364881 0.364881
1400 18.800270 18.800270 18.800270 0.364881 0.364881 0.364881
1410 18.800270 18.800270 18.800270 0.364881 0.364881 0.364881
1420 18.800270 18.800270 18.800270 0.364881 0.364881 0.364881
1430 18.800270 18.800270 18.800270 0.364881 0.364881 0.364881
1440 18.800270 18.800270 18.800270 0.364881 0.364881 0.364881
1450 18.800270 18.800270 18.800270 0.364881 0.364881 0.364881
1460 18.800270 18.800270 18.800270 0.364881 0.364881 0.364881
1470 18.800270 18.800270 18.800270 0.364881 0.364881 0.364881
1480 18.800270 18.800270 18.800270 0.364881 0.364881 0.364881
1490 18.800270 18.800270 18.800270 0.364881 0.364881 0.364881
1500 18.800270 18.800270 18.800270 0.364881 0.364881 0.364881
1510 18.800270 18.800270 18.800270 0.364881 0.364881 0.364881
1520 18.800270 18.800270 18.800270 0.364881 0.364881 0.364881
1530 18.800270 18.800270 18.800270 0.364881 0.364881 0.364881
1540 18.800270 18.800270 18.800270 0.364881 0.364881 0.364881
1550 18.800270 18.800270 18.800270 0.364881 0.364881 0.364881
1560 18.800270 18.800270 18.800270 0.364881 0.364881 0.364881
1570 18.800270 18.800270 18.800270 0.364881 0.364881 0.364881
1580 18.800270 18.800270 18.800270 0.364881 0.364881 0.364881
1590 18.800270 18.800270 18.800270 0.364881 0.364881 0.364881
1600 18.800270 18.800270 18.800270 0.364881 0.364881 0.364881
1610 18.800270 18.800270 18.800270 0.364881 0.364881 0.364881
1620 18.800270 18.800270 18.800270 0.364881 0.364881 0.364881
1630 18.800270 18.800270 18.800270 0.364881 0.364881 0.364881
1640 18.800270 18.800270 18.800270 0.364881 0.364881 0.364881
1650 18.800270 18.800270 18.800270 0.364881 0.364881 0.364881
1660 18.800270 18.800270 18.800270 0.364881 0.364881 0.364881
1670 18.800270 18.800270 18.800270 0.364881 0.364881 0.364881
1680 18.800270 18.800270 18.800270 0.364881 0.364881 0.364881
1690 18.800270 18.800270 18.800270 0.364881 0.364881 0.364881
1700 18.800270 18.800270 18.800270 0.364881 0.364881 0.364881
1710 18.800270 18.800270 18.800270 0.364881 0.364881 0.364881
1720 18.800270 18.800270 18.800270 0.364881 0.364881 0.364881
1730 18.800270 18.800270 18.800270 0.364881 0.364881 0.364881
1740 18.800270 18.800270 18.800270 0.364881 0.364881 0.364881
1750 18.800270 18.800270 18.800270 0.364881 0.364881 0.364881
1760 18.800270 18.800270 18.800270 0.364881 0.364881 0.364881
1770 18.800270 18.800270 18.800270 0.364881 0.364881 0.364881
1780 18.800270 18.800270 18.800270 0.364881 0.364881 0.364881
1790 18.800270 18.800270 18.800270 0.364881 0.364881 0.364881
1800 18.800270 18.800270 18.800270 0.364881 0.364881 0.364881
1810 18.800270 18.800270 18.800270 0.364881 0.364881 0.364881
1820 18.800270 18.800270 18.800270 0.364881 0.364881 0.364881
1830 18.800270 18.800270 18.800270 0.364881 0.364881 0.364881
1840 18.800270 18.800270 18.800270 0.364881 0.364881 0.364881
1850 18.800270 18.800270 18.800270 0.364881 0.364881 0.364881
1860 18.800270 18.800270 18.800270 0.364881 0.364881 0.364881
1870 18.800270 18.800270 18.800270 0.364881 0.364881 0.364881
1880 18.800270 18.800270 18.800270 0.364881 0.364881 0.364881
1890 18.800270 18.800270 18.800270 0.364881 0.364881 0.364881
1900 18.800270 18.800270 18.800270 0.364881 0.364881 0.364881
1910 18.800270 18.800270 18.800270 0.364881 0.364881 0.364881
1920 18.800270 18.800270 18.800270 0.364881 0.364881 0.364881
1930 18.800270 18.800270 18.800270 0.364881 0.364881 0.364881
1940 18.800270 18.800270 18.800270 0.364881 0.364881 0.364881
1950 18.800270 18.800270 18.800270 0.364881 0.364881 0.364881
1960 18.800270 18.800270 18.800270 0.364881 0.364881 0.364881
1970 18.800270 18.800270 18.800270 0.364881 0.364881 0.364881
1980 18.800270 18.800270 18.800270 0.364881 0.364881 0.364881
1990 18.800270 18.800270 18.800270 0.364881 0.364881 0.364881
2000 18.800270 18.800270 18.800270 0.364881 0.364881 0.364881
2010 18.800270 18.800270 18.800270 0.364881 0.364881 0.364881
2020 18.800270 18.800270 18.800270 0.364881 0.364881 0.364881
2030 18.800270 18.800270 18.800270 0.364881 0.364881 0.364881
2040 18.800270 18.800270 18.800270 0.364881 0.364881 0.364881
2050 18.800270 18.800270 18.800270 0.364881 0.364881 0.364881
2060 18.800270 18.800270 18.800270 0.364881 0.364881 0.364881
2070 18.800270 18.800270 18.800270 0.364881 0.364881 0.364881
2080 18.800270 18.800270 18.800270 0.364881 0.364881 0.364881
2090 18.800270 18.800270 18.800270 0.364881 0.364881 0.364881
2100 18.800270 18.800270 18.800270 0.364881 0.364881 0.364881
2110 18.800270 18.800270 18.800270 0.364881 0.364881 0.364881
2120 18.800270 18.800270 18.800270 0.364881 0.364881 0.364881
2130 18.800270 18.800270 18.800270 0.364881 0.364881 0.364881
2140 18.800270 18.800270 18.800270 0.364881 0.364881 0.364881
2150 18.800270 18.800270 18.800270 0.364881 0.364881 0.364881
2160 18.800270 18.800270 18.800270 0.364881 0.364881 0.364881
2170 18.800270 18.800270 18.800270 0.364881 0.364881 0.364881
2180 18.800270 18.800270 18.800270 0.364881 0.364881 0.364881
2190 18.800270 18.800270 18.800270 0.364881 0.364881 0.364881
2200 18.800270 18.800270 18.800270 0.364881 0.364881 0.364881
2210 18.800270 18.800270 18.800270 0.364881 0.364881 0.364881
2220 18.800270 18.800270 18.800270 0.364881 0.364881 0.364881
2230 18.800270 18.800270 18.800270 0.364881 0.364881 0.364881
2240 18.800270 18.800270 18.800270 0.364881 0.364881 0.364881
2250 18.800270 18.800270 18.800270 0.364881 0.364881 0.364881
2260 18.800270 18.800270 18.800270 0.364881 0.364881 0.364881
2270 18.800270 18.800270 18.800270 0.364881 0.364881 0.364881
2280 18.800270 18.800270 18.800270 0.364881 0.364881 0.364881
2290 18.800270 18.800270 18.800270 0.364881 0.364881 0.364881
2300 18.800270 18.800270 18.800270 0.364881 0.364881 0.364881
2310 18.800270 18.800270 18.800270 0.364881 0.364881 0.364881
2320 18.800270 18.800270 18.800270 0.364881 0.364881 0.364881
2330 18.800270 18.800270 18.800270 0.364881 0.364881 0.364881
2340 18.800270 18.800270 18.800270 0.364881 0.364881 0.364881
2350 18.800270 18.800270 18.800270 0.364881 0.364881 0.364881
2360 18.800270 18.800270 18.800270 0.364881 0.364881 0.364881
2370 18.800270 18.800270 18.800270 0.364881 0.364881 0.364881
2380 18.800270 18.800270 18.800270 0.364881 0.364881 0.364881
2390 18.800270 18.800270 18.800270 0.364881 0.364881 0.364881
2400 18.800270 18.800270 18.800270 0.364881 0.364881 0.364881
2410 18.800270 18.800270 18.800270 0.364881 0.364881 0.364881
2420 18.800270 18.800270 18.800270 0.364881 0.364881 0.364881
2430 18.800270 18.800270 18.800270 0.364881 0.364881 0.364881
2440 18.800270 18.800270 18.800270 0.364881 0.364881 0.364881
2450 18.800270 18.800270 18.800270 0.364881 0.364881 0.364881
2460 18.800270 18.800270 18.800270 0.364881 0.364881 0.364881
2470 18.800270 18.800270 18.800270 0.364881 0.364881 0.364881
2480 18.800270 18.800270 18.800270 0.364881 0.364881 0.364881
2490 18.800270 18.800270 18.800270 0.364881 0.364881 0.364881
2500 18.800270 18.800270 18.800270 0.364881 0.364881 0.364881
2510 18.800270 18.800270 18.800270 0.364881 0.364881 0.364881
2520 18.800270 18.800270 18.800270 0.364881 0.364881 0.364881
2530 18.800270 18.800270 18.800270 0.364881 0.364881 0.364881
2540 18.800270 18.800270 18.800270 0.364881 0.364881 0.364881
2550 18.800270 18.800270 18.800270 0.364881 0.364881 0.364881
2560 18.800270 18.800270 18.800270 0.364881 0.364881 0.364881
2570 18.800270 18.800270 18.800270 0.364881 0.364881 0.364881
2580 18.800270 18.800270 18.800270 0.364881 0.364881 0.364881
2590 18.800270 18.800270 18.800270 0.364881 0.364881 0.364881
2600 18.800270 18.800270 18.800270 0.364881 0.364881 0.364881
2610 18.800270 18.800270 18.800270 0.364881 0.364881 0.364881
2620 18.800270 18.800270 18.800270 0.364881 0.364881 0.364881
2630 18.800270 18.800270 18.800270 0.364881 0.364881 0.364881
2640 18.800270 18.800270 18.800270 0.364881 0.364881 0.364881
2650 18.800270 18.800270 18.800270 0.364881 0.364881 0.364881
2660 18.800270 18.800270 18.800270 0.364881 0.364881 0.364881
2670 18.800270 18.800270 18.800270 0.364881 0.364881 0.364881
2680 18.800270 18.800270 18.800270 0.364881 0.364881 0.364881
2690 18.800270 18.800270 18.800270 0.364881 0.364881 0.364881
2700 18.800270 18.800270 18.800270 0.364881 0.364881 0.364881
2710 18.800270 18.800270 18.800270 0.364881 0.364881 0.364881
2720 18.800270 18.800270 18.800270 0.364881 0.364881 0.364881
2730 18.800270 18.800270 18.800270 0.364881 0.364881 0.364881
2740 18.800270 18.800270 18.800270 0.364881 0.364881 0.364881
2750 18.800270 18.800270 18.800270 0.364881 0.364881 0.364881
2760 18.800270 18.800270 18.800270 0.364881 0.364881 0.364881
2770 18.800270 18.800270 18.800270 0.364881 0.364881 0.364881
2780 18.800270 18.800270 18.800270 0.364881 0.364881 0.364881
2790 18.800270 18.800270 18.800270 0.364881 0.364881 0.364881
2800 18.800270 18.800270 18.800270 0.364881 0.364881 0.364881
2810 18.800270 18.800270 18.800270 0.364881 0.364881 0.364881
2820 18.800270 18.800270 18.800270 0.364881 0.364881 0.364881
2830 18.800270 18.800270 18.800270 0.364881 0.364881 0.364881
2840 18.800270 18.800270 18.800270 0.364881 0.364881 0.364881
2850 18.800270 18.800270 18.800270 0.364881 0.364881 0.364881
2860 18.800270 18.800270 18.800270 0.364881 0.364881 0.364881
2870 18.800270 18.800270 18.800270 0.364881 0.364881 0.364881
2880 18.800270 18.800270 18.800270 0.364881 0.364881 0.364881
2890 18.800270 18.800270 18.800270 0.364881 0.364881 0.364881
2900 18.800270 18.800270 18.800270 0.364881 0.364881 0.364881
2910 18.800270 18.800270 18.800270 0.364881 0.364881 0.364881
2920 18.800270 18.800270 18.800270 0.364881 0.364881 0.364881
2930 18.800270 18.800270 18.800270 0.364881 0.364881 0.364881
2940 18.800270 18.800270 18.800270 0.364881 0.364881 0.364881
2950 18.800270 18.800270 18.800270 0.364881 0.364881 0.364881
2960 18.800270 18.800270 18.800270 0.364881 0.364881 0.364881
2970 18.800270 18.800270 18.800270 0.364881 0.364881 0.364881
2980 18.800270 18.800270 18.800270 0.364881 0.364881 0.364881
2990 18.800270 18.800270 18.800270 0.364881 0.364881 0.364881
3000 18.800270 18.800270 18.800270 0.364881 0.364881 0.364881
3010 18.800270 18.800270 18.800270 0.364881 0.364881 0.364881
3020 18.800270 18.800270 18.800270 0.364881 0.364881 0.364881
3030 18.800270 18.800270 18.800270 0.364881 0.364881 0.364881
3040 18.800270 18.800270 18.800270 0.364881 0.364881 0.364881
3050 18.800270 18.800270 18.800270 0.364881 0.364881 0.364881
3060 18.800270 18.800270 18.800270 0.364881 0.364881 0.364881
3070 18.800270 18.800270 18.800270 0.364881 0.364881 0.364881
3080 18.800270 18.800270 18.800270 0.364881 0.364881 0.364881
3090 18.800270 18.800270 18.800270 0.364881 0.364881 0.364881
3100 18.800270 18.800270 18.800270 0.364881 0.364881 0.364881
3110 18.800270 18.800270 18.800270 0.364881 0.364881 0.364881
3120 18.800270 18.800270 18.800270 0.364881 0.364881 0.364881
3130 18.800270 18.800270 18.800270 0.364881 0.364881 0.364881
3140 18.800270 18.800270 18.800270 0.364881 0.364881 0.364881
3150 18.800270 18.800270 18.800270 0.364881 0.364881 0.364881
3160 18.800270 18.800270 18.800270 0.364881 0.364881 0.364881
3170 18.800270 18.800270 18.800270 0.364881 0.364881 0.364881
3180 18.800270 18.800270 18.800270 0.364881 0.364881 0.364881
3190 18.800270 18.800270 18.800270 0.364881 0.364881 0.364881
3200 18.800270 18.800270 18.800270 0.364881 0.364881 0.364881
3210 18.800270 18.800270 18.800270 0.364881 0.364881 0.364881
3220 18.800270 18.800270 18.800270 0.364881 0.364881 0.364881
3230 18.800270 18.800270 18.800270 0.364881 0.364881 0.364881
3240 18.800270 18.800270 18.800270 0.364881 0.364881 0.364881
3250 18.800270 18.800270 18.800270 0.364881 0.364881 0.364881
3260 18.800270 18.800270 18.800270 0.364881 0.364881 0.364881
3270 18.800270 18.800270 18.800270 0.364881 0.364881 0.364881
3280 18.800270 18.800270 18.800270 0.364881 0.364881 0.364881
3290 18.800270 18.800270 18.800270 0.364881 0.364881 0.364881
3300 18.800270 18.800270 18.800270 0.364881 0.364881 0.364881
3310 18.800270 18.800270 18.800270 0.364881 0.364881 0.364881
3320 18.800270 18.800270 18.800270 0.364881 0.364881 0.364881
3330 18.800270 18.800270 18.800270 0.364881 0.364881 0.364881
3340 18.800270 18.800270 18.800270 0.364881 0.364881 0.364881
3350 18.800270 18.800270 18.800270 0.364881 0.364881 0.364881
3360 18.800270 18.800270 18.800270 0.364881 0.364881 0.364881
3370 18.800270 18.800270 18.800270 0.364881 0.364881 0.364881
3380 18.800270 18.800270 18.800270 0.364881 0.364881 0.364881
3390 18.800270 18.800270 18.800270 0.364881 0.364881 0.364881
3400 18.800270 18.800270 18.800270 0.364881 0.364881 0.364881
3410 18.800270 18.800270 18.800270 0.364881 0.364881 0.364881
3420 18.800270 18.800270 18.800270 0.364881 0.364881 0.364881
3430 18.800270 18.800270 18.800270 0.364881 0.364881 0.364881
3440 18.800270 18.800270 18.800270 0.364881 0.364881 0.364881
3450 18.800270 18.800270 18.800270 0.364881 0.364881 0.364881
3460 18.800270 18.800270 18.800270 0.364881 0.364881 0.364881
3470 18.800270 18.800270 18.800270 0.364881 0.364881 0.364881
3480 18.800270 18.800270 18.800270 0.364881 0.364881 0.364881
3490 18.800270 18.800270 18.800270 0.364881 0.364881 0.364881
3500 18.800270 18.800270 18.800270 0.364881 0.364881 0.364881
3510 18.800270 18.800270 18.800270 0.364881 0.364881 0.364881
3520 18.800270 18.800270 18.800270 0.364881 0.364881 0.364881
3530 18.800270 18.800270 18.800270 0.364881 0.364881 0.364881
3540 18.800270 18.800270 18.800270 0.364881 0.364881 0.364881
3550 18.800270 18.800270 18.800270 0.364881 0.364881 0.364881
3560 18.800270 18.800270 18.800270 0.364881 0.364881 0.364881
3570 18.800270 18.800270 18.800270 0.364881 0.364881 0.364881
3580 18.800270 18.800270 18.800270 0.364881 0.364881 0.364881
3590 18.800270 18.800270 18.800270 0.364881 0.364881 0.364881
3600 18.800270 18.800270 18.800270 0.364881 0.364881 0.364881
3610 18.800270 18.800270 18.800270 0.364881 0.364881 0.364881
3620 18.800270 18.800270 18.800270 0.364881 0.364881 0.364881
3630 18.800270 18.800270 18.800270 0.364881 0.364881 0.364881
3640 18.800270 18.800270 18.800270 0.364881 0.364881 0.364881
3650 18.800270 18.800270 18.800270 0.364881 0.364881 0.364881
3660 18.800270 18.800270 18.800270 0.364881 0.364881 0.364881
3670 18.800270 18.800270 18.800270 0.364881 0.364881 0.364881
3680 18.800270 18.800270 18.800270 0.364881 0.364881 0.364881
3690 18.800270 18.800270 18.800270 0.364881 0.364881 0.364881
3700 18.800270 18.800270 18.800270 0.364881 0.364881 0.364881
3710 18.800270 18.800270 18.800270 0.364881 0.364881 0.364881
3720 18.800270 18.800270 18.800270 0.364881 0.364881 0.364881
3730 18.800270 18.800270 18.800270 0.364881 0.364881 0.364881
3740 18.800270 18.800270 18.800270 0.364881 0.364881 0.364881
3750 18.800270 18.800270 18.800270 0.364881 0.364881 0.364881
3760 18.800270 18.800270 18.800270 0.364881 0.364881 0.364881
3770 18.800270 18.800270 18.800270 0.364881 0.364881 0.364881
3780 18.800270 18.800270 18.800270 0.364881 0.364881 0.364881
3790 18.800270 18.800270 18.800270 0.364881 0.364881 0.364881
3800 18.800270 18.800270 18.800270 0.364881 0.364881 0.364881
3810 18.800270 18.800270 18.800270 0.364881 0.364881 0.364881
3820 18.800270 18.800270 18.800270 0.364881 0.364881 0.364881
3830 18.800270 18.800270 18.800270 0.364881 0.364881 0.364881
3840 18.800270 18.800270 18.800270 0.364881 0.364881 0.364881
3850 18.800270 18.800270 18.800270 0.364881 0.364881 0.364881
3860 18.800270 18.800270 18.800270 0.364881 0.364881 0.364881
3870 18.800270 18.800270 18.800270 0.364881 0.364881 0.364881
3880 18.800270 18.800270 18.800270 0.364881 0.364881 0.364881
3890 18.800270 18.800270 18.800270 0.364881 0.364881 0.364881
3900 18.800270 18.800270 18.800270 0.364881 0.364881 0.364881
3910 18.800270 18.800270 18.800270 0.364881 0.364881 0.364881
3920 18.800270 18.800270 18.800270 0.364881 0.364881 0.364881
3930 18.800270 18.800270 18.800270 0.364881 0.364881 0.364881
3940 18.800270 18.800270 18.800270 0.364881 0.364881 0.364881
3950 18.800270 18.800270 18.800270 0.364881 0.364881 0.364881
3960 18.800270 18.800270 18.800270 0.364881 0.364881 0.364881
3970 18.800270 18.800270 18.800270 0.364881 0.364881 0.364881
3980 18.800270 18.800270 18.800270 0.364881 0.364881 0.364881
3990 18.800270 18.800270 18.800270 0.364881 0.364881 0.364881
4000 18.800270 18.800270 18.800270 0.364881 0.364881 0.364881
4010 18.800270 18.800270 18.800270 0.364881 0.364881 0.364881
4020 18.800270 18.800270 18.800270 0.364881 0.364881 0.364881
4030 18.800270 18.800270 18.800270 0.364881 0.364881 0.364881
4040 18.800270 18.800270 18.800270 0.364881 0.364881 0.364881
4050 18.800270 18.800270 18.800270 0.364881 0.364881 0.364881
4060 18.800270 18.800270 18.800270 0.364881 0.364881 0.364881
4070 18.800270 18.800270 18.800270 0.364881 0.364881 0.364881
4080 18.800270 18.800270 18.800270 0.364881 0.364881 0.364881
4090 18.800270 18.800270 18.800270 0.364881 0.364881 0.364881
4100 18.800270 18.800270 18.800270 0.364881 0.364881 0.364881
4110 18.800270 18.800270 18.800270 0.364881 0.364881 0.364881
4120 18.800270 18.800270 18.800270 0.364881 0.364881 0.364881
4130 18.800270 18.800270 18.800270 0.364881 0.364881 0.364881
4140 18.800270 18.800270 18.800270 0.364881 0.364881 0.364881
4150 18.800270 18.800270 18.800270 0.364881 0.364881 0.364881
4160 18.800270 18.800270 18.800270 0.364881 0.364881 0.364881
4170 18.800270 18.800270 18.800270 0.364881 0.364881 0.364881
4180 18.800270 18.800270 18.800270 0.364881 0.364881 0.364881
4190 18.800270 18.800270 18.800270 0.364881 0.364881 0.364881
4200 18.800270 18.800270 18.800270 0.364881 0.364881 0.364881
4210 18.800270 18.800270 18.800270 0.364881 0.364881 0.364881
4220 18.800270 18.800270 18.800270 0.364881 0.364881 0.364881
4230 18.800270 18.800270 18.800270 0.364881 0.364881 0.364881
4240 18.800270 18.800270 18.800270 0.364881 0.364881 0.364881
4250 18.800270 18.800270 18.800270 0.364881 0.364881 0.364881
4260 18.800270 18.800270 18.800270 0.364881 0.364881 0.364881
4270 18.800270 18.800270 18.800270 0.364881 0.364881 0.364881
4280 18.800270 18.800270 18.800270 0.364881 0.364881 0.364881
4290 18.800270 18.800270 18.800270 0.364881 0.364881 0.364881
4300 18.800270 18.800270 18.800270 0.364881 0.364881 0.364881
4310 18.800270 18.800270 18.800270 0.364881 0.364881 0.364881
4320 18.800270 18.800270 18.800270 0.364881 0.364881 0.364881
4330 18.800270 18.800270 18.800270 0.364881 0.364881 0.364881
4340 18.800270 18.800270 18.800270 0.364881 0.364881 0.364881
4350 18.800270 18.800270 18.800270 0.364881 0.364881 0.364881
4360 18.800270 18.800270 18.800270 0.364881 0.364881 0.364881
4370 18.800270 18.800270 18.800270 0.364881 0.364881 0.364881
4380 18.800270 18.800270 18.800270 0.364881 0.364881 0.364881
4390 18.800270 18.800270 18.800270 0.364881 0.364881 0.364881
4400 18.800270 18.800270 18.800270 0.364881 0.364881 0.364881
4410 18.800270 18.800270 18.800270 0.364881 0.364881 0.364881
4420 18.800270 18.800270 18.800270 0.364881 0.364881 0.364881
4430 18.800270 18.800270 18.800270 0.364881 0.364881 0.364881
4440 18.800270 18.800270 18.800270 0.364881 0.364881 0.364881
4450 18.800270 18.800270 18.800270 0.364881 0.364881 0.364881
4460 18.800270 18.800270 18.800270 0.364881 0.364881 0.364881
4470 18.800270 18.800270 18.800270 0.364881 0.364881 0.364881
4480 18.800270 18.800270 18.800270 0.364881 0.364881 0.364881
4490 18.800270 18.800270 18.800270 0.364881 0.364881 0.364881
4500 18.800270 18.800270 18.800270 0.364881 0.364881 0.364881
4510 18.800270 18.800270 18.800270 0.364881 0.364881 0.364881
4520 18.800270 18.800270 18.800270 0.364881 0.364881 0.364881
4530 18.800270 18.800270 18.800270 0.364881 0.364881 0.364881
4540 18.800270 18.800270 18.800270 0.364881 0.364881 0.364881
4550 18.800270 18.800270 18.800270 0.364881 0.364881 0.364881
4560 18.800270 18.800270 18.800270 0.364881 0.364881 0.364881
4570 18.800270 18.800270 18.800270 0.364881 0.364881 0.364881
4580 18.800270 18.800270 18.800270 0.364881 0.364881 0.364881
4590 18.800270 18.800270 18.800270 0.364881 0.364881 0.364881
4600 18.800270 18.800270 18.800270 0.364881 0.364881 0.364881
4610 18.800270 18.800270 18.800270 0.364881 0.364881 0.364881
4620 18.800270 18.800270 18.800270 0.364881 0.364881 0.364881
4630 18.800270 18.800270 18.800270 0.364881 0.364881 0.364881
4640 18.800270 18.800270 18.800270 0.364881 0.364881 0.364881
4650 18.800270 18.800270 18.800270 0.364881 0.364881 0.364881
4660 18.800270 18.800270 18.800270 0.364881 0.364881 0.364881
4670 18.800270 18.800270 18.800270 0.364881 0.364881 0.364881
4680 18.800270 18.800270 18.800270 0.364881 0.364881 0.364881
4690 18.800270 18.800270 18.800270 0.364881 0.364881 0.364881
4700 18.800270 18.800270 18.800270 0.364881 0.364881 0.364881
4710 18.800270 18.800270 18.800270 0.364881 0.364881 0.364881
4720 18.800270 18.800270 18.800270 0.364881 0.364881 0.364881
4730 18.800270 18.800270 18.800270 0.364881 0.364881 0.364881
4740 18.800270 18.800270 18.800270 0.364881 0.364881 0.364881
4750 18.800270 18.800270 18.800270 0.364881 0.364881 0.364881
4760 18.800270 18.800270 18.800270 0.364881 0.364881 0.364881
4770 18.800270 18.800270 18.800270 0.364881 0.364881 0.364881
4780 18.800270 18.800270 18.800270 0.364881 0.364881 0.364881
4790 18.800270 18.800270 18.800270 0.364881 0.364881 0.364881
4800 18.800270 18.800270 18.800270 0.364881 0.364881 0.364881
4810 18.800270 18.800270 18.800270 0.364881 0.364881 0.364881
4820 18.800270 18.800270 18.800270 0.364881 0.364881 0.364881
4830 18.800270 18.800270 18.800270 0.364881 0.364881 0.364881
4840 18.800270 18.800270 18.800270 0.364881 0.364881 0.364881
4850 18.800270 18.800270 18.800270 0.364881 0.364881 0.364881
4860 18.800270 18.800270 18.800270 0.364881 0.364881 0.364881
4870 18.800270 18.800270 18.800270 0.364881 0.364881 0.364881
4880 18.800270 18.800270 18.800270 0.364881 0.364881 0.364881
4890 18.800270 18.800270 18.800270 0.364881 0.364881 0.364881
4900 18.800270 18.800270 18.800270 0.364881 0.364881 0.364881
4910 18.800270 18.800270 18.800270 0.364881 0.364881 0.364881
4920 18.800270 18.800270 18.800270 0.364881 0.364881 0.364881
4930 18.800270 18.800270 18.800270 0.364881 0.364881 0.364881
4940 18.800270 18.800270 18.800270 0.364881 0.364881 0.364881
4950 18.800270 18.800270 18.800270 0.364881 0.364881 0.364881
4960 18.800270 18.800270 18.800270 0.364881 0.364881 0.364881
4970 18.800270 18.800270 18.800270 0.364881 0.364881 0.364881
4980 18.800270 18.800270 18.800270 0.364881 0.364881 0.364881
4990 18.800270 18.800270 18.800270 0.364881 0.364881 0.364881
5000 18.800270 18.800270 18.800270 0.364881 0.364881 0.364881
5010 18.800270 18.800270 18.800270 0.364881 0.364881 0.364881
5020 18.800270 18.800270 18.800270 0.364881 0.364881 0.364881
5030 18.800270 18.800270 18.800270 0.364881 0.364881 0.364881
5040 18.800270 18.800270 18.800270 0.364881 0.364881 0.364881
5050 18.800270 18.800270 18.800270 0.364881 0.364881 0.364881
5060 18.800270 18.800270 18.800270 0.364881 0.364881 0.364881
5070 18.800270 18.800270 18.800270 0.364881 0.364881 0.364881
5080 18.800270 18.800270 18.800270 0.364881 0.364881 0.364881
5090 18.800270 18.800270 18.800270 0.364881 0.364881 0.364881
5100 18.800270 18.800270 18.800270 0.364881 0.364881 0.364881
5110 18.800270 18.800270 18.800270 0.364881 0.364881 0.364881
5120 18.800270 18.800270 18.800270 0.364881 0.364881 0.364881
5130 18.800270 18.800270 18.800270 0.364881 0.364881 0.364881
5140 18.800270 18.800270 18.800270 0.364881 0.364881 0.364881
5150 18.800270 18.800270 18.800270 0.364881 0.364881 0.364881
5160 18.800270 18.800270 18.800270 0.364881 0.364881 0.364881
5170 18.800270 18.800270 18.800270 0.364881 0.364881 0.364881
5180 18.800270 18.800270 18.800270 0.364881 0.364881 0.364881
5190 18.800270 18.800270 18.800270 0.364881 0.364881 0.364881
5200 18.800270 18.800270 18.800270 0.364881 0.364881 0.364881
5210 18.800270 18.800270 18.800270 0.364881 0.364881 0.364881
5220 18.800270 18.800270 18.800270 0.364881 0.364881 0.364881
5230 18.800270 18.800270 18.800270 0.364881 0.364881 0.364881
5240 18.800270 18.800270 18.800270 0.364881 0.364881 0.364881
5250 18.800270 18.800270 18.800270 0.364881 0.364881 0.364881
5260 18.800270 18.800270 18.800270 0.364881 0.364881 0.364881
5270 18.800270 18.800270 18.800270 0.364881 0.364881 0.364881
5280 18.800270 18.800270 18.800270 0.364881 0.364881 0.364881
5290 18.800270 18.800270 18.800270 0.364881 0.364881 0.364881
5300 18.800270 18.800270 18.800270 0.364881 0.364881 0.364881
5310 18.800270 18.800270 18.800270 0.364881 0.364881 0.364881
5320 18.800270 18.800270 18.800270 0.364881 0.364881 0.364881
5330 18.800270 18.800270 18.800270 0.364881 0.364881 0.364881
5340 18.800270 18.800270 18.800270 0.364881 0.364881 0.364881
5350 18.800270 18.800270 18.800270 0.364881 0.364881 0.364881
5360 18.800270 18.800270 18.800270 0.364881 0.364881 0.364881
5370 18.800270 18.800270 18.800270 0.364881 0.364881 0.364881
5380 18.800270 18.800270 18.800270 0.364881 0.364881 0.364881
5390 18.800270 18.800270 18.800270 0.364881 0.364881 0.364881
5400 18.800270 18.800270 18.800270 0.364881 0.364881 0.364881
5410 18.800270 18.800270 18.800270 0.364881 0.364881 0.364881
5420 18.800270 18.800270 18.800270 0.364881 0.364881 0.364881
5430 18.800270 18.800270 18.800270 0.364881 0.364881 0.364881
5440 18.800270 18.800270 18.800270 0.364881 0.364881 0.364881
5450 18.800270 18.800270 18.800270 0.364881 0.364881 0.364881
5460 18.800270 18.800270 18.800270 0.364881 0.364881 0.364881
5470 18.800270 18.800270 18.800270 0.364881 0.364881 0.364881
5480 18.800270 18.800270 18.800270 0.364881 0.364881 0.364881
5490 18.800270 18.800270 18.800270 0.364881 0.364881 0.364881
5500 18.800270 18.800270 18.800270 0.364881 0.364881 0.364881
5510 18.800270 18.800270 18.800270 0.364881 0.364881 0.364881
5520 18.800270 18.800270 18.800270 0.364881 0.364881 0.364881
5530 18.800270 18.800270 18.800270 0.364881 0.364881 0.364881
5540 18.800270 18.800270 18.800270 0.364881 0.364881 0.364881
5550 18.800270 18.800270 18.800270 0.364881 0.364881 0.364881
5560 18.800270 18.800270 18.800270 0.364881 0.364881 0.364881
5570 18.800270 18.800270 18.800270 0.364881 0.364881 0.364881
5580 18.800270 18.800270 18.800270 0.364881 0.364881 0.364881
5590 18.800270 18.800270 18.800270 0.364881 0.364881 0.364881
5600 18.800270 18.800270 18.800270 0.364881 0.364881 0.364881
5610 18.800270 18.800270 18.800270 0.364881 0.364881 0.364881
5620 18.800270 18.800270 18.800270 0.364881 0.364881 0.364881
5630 18.800270 18.800270 18.800270 0.364881 0.364881 0.364881
5640 18.800270 18.800270 18.800270 0.364881 0.364881 0.364881
5650 18.800270 18.800270 18.800270 0.364881 0.364881 0.364881
5660 18.800270 18.800270 18.800270 0.364881 0.364881 0.364881
5670 18.800270 18.800270 18.800270 0.364881 0.364881 0.364881
5680 18.800270 18.800270 18.800270 0.364881 0.364881 0.364881
5690 18.800270 18.800270 18.800270 0.364881 0.364881 0.364881
5700 18.800270 18.800270 18.800270 0.364881 0.364881 0.364881
5710 18.800270 18.800270 18.800270 0.364881 0.364881 0.364881
5720 18.800270 18.800270 18.800270 0.364881 0.364881 0.364881
5730 18.800270 18.800270 18.800270 0.364881 0.364881 0.364881
5740 18.800270 18.800270 18.800270 0.364881 0.364881 0.364881
5750 18.800270 18.800270 18.800270 0.364881 0.364881 0.364881
5760 18.800270 18.800270 18.800270 0.364881 0.364881 0.364881
5770 18.800270 18.800270 18.800270 0.364881 0.364881 0.364881
5780 18.800270 18.800270 18.800270 0.364881 0.364881 0.364881
5790 18.800270 18.800270 18.800270 0.364881 0.364881 0.364881
5800 18.800270 18.800270 18.800270 0.364881 0.364881 0.364881
5810 18.800270 18.800270 18.800270 0.364881 0.364881 0.364881
5820 18.800270 18.800270 18.800270 0.364881 0.364881 0.364881
5830 18.800270 18.800270 18.800270 0.364881 0.364881 0.364881
5840 18.800270 18.800270 18.800270 0.364881 0.364881 0.364881
5850 18.800270 18.800270 18.800270 0.364881 0.364881 0.364881
5860 18.800270 18.800270 18.800270 0.364881 0.364881 0.364881
5870 18.800270 18.800270 18.800270 0.364881 0.364881 0.364881
5880 18.800270 18.800270 18.800270 0.364881 0.364881 0.364881
5890 18.800270 18.800270 18.800270 0.364881 0.364881 0.364881
5900 18.800270 18.800270 18.800270 0.364881 0.364881 0.364881
5910 18.800270 18.800270 18.800270 0.364881 0.364881 0.364881
5920 18.800270 18.800270 18.800270 0.364881 0.364881 0.364881
5930 18.800270 18.800270 18.800270 0.364881 0.364881 0.364881
5940 18.800270 18.800270 18.800270 0.364881 0.364881 0.364881
5950 18.800270 18.800270 18.800270 0.364881 0.364881 0.364881
5960 18.800270 18.800270 18.800270 0.364881 0.364881 0.364881
5970 18.800270 18.800270 18.800270 0.364881 0.364881 0.364881
5980 18.800270 18.800270 18.800270 0.364881 0.364881 0.364881
5990 18.800270 18.800270 18.800270 0.364881 0.364881 0.364881
6000 18.800270 18.800270 18.800270 0.364881 0.364881 0.364881
6010 18.800270 18.800270 18.800270 0.364881 0.364881 0.364881
6020 18.800270 18.800270 18.800270 0.364881 0.364881 0.364881
6030 18.800270 18.800270 18.800270 0.364881 0.364881 0.364881
6040 18.800270 18.800270 18.800270 0.364881 0.364881 0.364881
6050 18.800270 18.800270 18.800270 0.364881 0.364881 0.364881
6060 18.800270 18.800270 18.800270 0.364881 0.364881 0.364881
6070 18.800270 18.800270 18.800270 0.364881 0.364881 0.364881
6080 18.800270 18.800270 18.800270 0.364881 0.364881 0.364881
6090 18.800270 18.800270 18.800270 0.364881 0.364881 0.364881
6100 18.800270 18.800270 18.800270 0.364881 0.364881 0.364881
6110 18.800270 18.800270 18.800270 0.364881 0.364881 0.364881
6120 18.800270 18.800270 18.800270 0.364881 0.364881 0.364881
6130 18.800270 18.800270 18.800270 0.364881 0.364881 0.364881
6140 18.800270 18.800270 18.800270 0.364881 0.364881 0.364881
6150 18.800270 18.800270 18.800270 0.364881 0.364881 0.364881
6160 18.800270 18.800270 18.800270 0.364881 0.364881 0.364881
6170 18.800270 18.800270 18.800270 0.364881 0.364881 0.364881
6180 18.800270 18.800270 18.800270 0.364881 0.364881 0.364881
6190 18.800270 18.800270 18.800270 0.364881 0.364881 0.364881
6200 18.800270 18.800270 18.800270 0.364881 0.364881 0.364881
6210 18.800270 18.800270 18.800270 0.364881 0.364881 0.364881
6220 18.800270 18.800270 18.800270 0.364881 0.364881 0.364881
6230 18.800270 18.800270 18.800270 0.364881 0.364881 0.364881
6240 18.800270 18.800270 18.800270 0.364881 0.364881 0.364881
6250 18.800270 18.800270 18.800270 0.364881 0.364881 0.364881
6260 18.800270 18.800270 18.800270 0.364881 0.364881 0.364881
6270 18.800270 18.800270 18.800270 0.364881 0.364881 0.364881
6280 18.800270 18.800270 18.800270 0.364881 0.364881 0.364881
6290 18.800270 18.800270 18.800270 0.364881 0.364881 0.364881
6300 18.800270 18.800270 18.800270 0.364881 0.364881 0.364881
6310 18.800270 18.800270 18.800270 0.364881 0.364881 0.364881
6320 18.800270 18.800270 18.800270 0.364881 0.364881 0.364881
6330 18.800270 18.800270 18.800270 0.364881 0.364881 0.364881
6340 18.800270 18.800270 18.800270 0.364881 0.364881 0.364881
6350 18.800270 18.800270 18.800270 0.364881 0.364881 0.364881
6360 18.800270 18.800270 18.800270 0.364881 0.364881 0.364881
6370 18.800270 18.800270 18.800270 0.364881 0.364881 0.364881
6380 18.800270 18.800270 18.800270 0.364881 0.364881 0.364881
6390 18.800270 18.800270 18.800270 0.364881 0.364881 0.364881
6400 18.800270 18.800270 18.800270 0.364881 0.364881 0.364881
6410 18.800270 18.800270 18.800270 0.364881 0.364881 0.364881
6420 18.800270 18.800270 18.800270 0.364881 0.364881 0.364881
6430 18.800270 18.800270 18.800270 0.364881 0.364881 0.364881
6440 18.800270 18.800270 18.800270 0.364881 0.364881 0.364881
6450 18.800270 18.800270 18.800270 0.364881 0.364881 0.364881
6460 18.800270 18.800270 18.800270 0.364881 0.364881 0.364881
6470 18.800270 18.800270 18.800270 0.364881 0.364881 0.364881
6480 18.800270 18.800270 18.800270 0.364881 0.364881 0.364881
6490 18.800270 18.800270 18.800270 0.364881 0.364881 0.364881
6500 18.800270 18.800270 18.800270 0.364881 0.364881 0.364881
6510 18.800270 18.800270 18.800270 0.364881 0.364881 0.364881
6520 18.800270 18.800270 18.800270 0.364881 0.364881 0.364881
6530 18.800270 18.800270 18.800270 0.364881 0.364881 0.364881
6540 18.800270 18.800270 18.800270 0.364881 0.364881 0.364881
6550 18.800270 18.800270 18.800270 0.364881 0.364881 0.364881
6560 18.800270 18.800270 18.800270 0.364881 0.364881 0.364881
6570 18.800270 18.800270 18.800270 0.364881 0.364881 0.364881
6580 18.800270 18.800270 18.800270 0.364881 0.364881 0.364881
6590 18.800270 18.800270 18.800270 0.364881 0.364881 0.364881
6600 18.800270 18.800270 18.800270 0.364881 0.364881 0.364881
6610 18.800270 18.800270 18.800270 0.364881 0.364881 0.364881
6620 18.800270 18.800270 18.800270 0.364881 0.364881 0.364881
6630 18.800270 18.800270 18.800270 0.364881 0.364881 0.364881
6640 18.800270 18.800270 18.800270 0.364881 0.364881 0.364881
6650 18.800270 18.800270 18.800270 0.364881 0.364881 0.364881
6660 18.800270 18.800270 18.800270 0.364881 0.364881 0.364881
6670 18.800270 18.800270 18.800270 0.364881 0.364881 0.364881
6680 18.800270 18.800270 18.800270 0.364881 0.364881 0.364881
6690 18.800270 18.800270 18.800270 0.364881 0.364881 0.364881
6700 18.800270 18.800270 18.800270 0.364881 0.364881 0.364881
6710 18.800270 18.800270 18.800270 0.364881 0.364881 0.364881
6720 18.800270 18.800270 18.800270 0.364881 0.364881 0.364881
6730 18.800270 18.800270 18.800270 0.364881 0.364881 0.364881
6740 18.800270 18.800270 18.800270 0.364881 0.364881 0.364881
6750 18.800270 18.800270 18.800270 0.364881 0.364881 0.364881
6760 18.800270 18.800270 18.800270 0.364881 0.364881 0.364881
6770 18.800270 18.800270 18.800270 0.364881 0.364881 0.364881
6780 18.800270 18.800270 18.800270 0.364881 0.364881 0.364881
6790 18.800270 18.800270 18.800270 0.364881 0.364881 0.364881
6800 18.800270 18.800270 18.800270 0.364881 0.364881 0.364881
6810 18.800270 18.800270 18.800270 0.364881 0.364881 0.364881
6820 18.800270 18.800270 18.800270 0.364881 0.364881 0.364881
6830 18.800270 18.800270 18.800270 0.364881 0.364881 0.364881
6840 18.800270 18.800270 18.800270 0.364881 0.364881 0.364881
6850 18.800270 18.800270 18.800270 0.364881 0.364881 0.364881
6860 18.800270 18.800270 18.800270 0.364881 0.364881 0.364881
6870 18.800270 18.800270 18.800270 0.364881 0.364881 0.364881
6880 18.800270 18.800270 18.800270 0.364881 0.364881 0.364881
6890 18.800270 18.800270 18.800270 0.364881 0.364881 0.364881
6900 18.800270 18.800270 18.800270 0.364881 0.364881 0.364881
6910 18.800270 18.800270 18.800270 0.364881 0.364881 0.364881
6920 18.800270 18.800270 18.800270 0.364881 0.364881 0.364881
6930 18.800270 18.800270 18.800270 0.364881 0.364881 0.364881
6940 18.800270 18.800270 18.800270 0.364881 0.364881 0.364881
6950 18.800270 18.800270 18.800270 0.364881 0.364881 0.364881
6960 18.800270 18.800270 18.800270 0.364881 0.364881 0.364881
6970 18.800270 18.800270 18.800270 0.364881 0.364881 0.364881
6980 18.800270 18.800270 18.800270 0.364881 0.364881 0.364881
6990 18.800270 18.800270 18.800270 0.364881 0.364881 0.364881
7000 18.800270 18.800270 18.800270 0.364881 0.364881 0.364881
7010 18.800270 18.800270 18.800270 0.364881 0.364881 0.364881
7020 18.800270 18.800270 18.800270 0.364881 0.364881 0.364881
7030 18.800270 18.800270 18.800270 0.364881 0.364881 0.364881
7040 18.800270 18.800270 18.800270 0.364881 0.364881 0.364881
7050 18.800270 18.800270 18.800270 0.364881 0.364881 0.364881
7060 18.800270 18.800270 18.800270 0.364881 0.364881 0.364881
7070 18.800270 18.800270 18.800270 0.364881 0.364881 0.364881
7080 18.800270 18.800270 18.800270 0.364881 0.364881 0.364881
7090 18.800270 18.800270 18.800270 0.364881 0.364881 0.364881
7100 18.800270 18.800270 18.800270 0.364881 0.364881 0.364881
7110 18.800270 18.800270 18.800270 0.364881 0.364881 0.364881
7120 18.800270 18.800270 18.800270 0.364881 0.364881 0.364881
7130 18.800270 18.800270 18.800270 0.364881 0.364881 0.364881
7140 18.800270 18.800270 18.800270 0.364881 0.364881 0.364881
7150 18.800270 18.800270 18.800270 0.364881 0.364881 0.364881
7160 18.800270 18.800270 18.800270 0.364881 0.364881 0.364881
7170 18.800270 18.800270 18.800270 0.364881 0.364881 0.364881
7180 18.800270 18.800270 18.800270 0.364881 0.364881 0.364881
7190 18.800270 18.800270 18.800270 0.364881 0.364881 0.364881
7200 18.800270 18.800270 18.800270 0.364881 0.364881 0.364881
7210 18.800270 18.800270 18.800270 0.364881 0.364881 0.364881
7220 18.800270 18.800270 18.800270 0.364881 0.364881 0.364881
7230 18.800270 18.800270 18.800270 0.364881 0.364881 0.364881
7240 18.800270 18.800270 18.800270 0.364881 0.364881 0.364881
7250 18.800270 18.800270 18.800270 0.364881 0.364881 0.364881
7260 18.800270 18.800270 18.800270 0.364881 0.364881 0.364881
7270 18.800270 18.800270 18.800270 0.364881 0.364881 0.364881
7280 18.800270 18.800270 18.800270 0.364881 0.364881 0.364881
7290 18.800270 18.800270 18.800270 0.364881 0.364881 0.364881
7300 18.800270 18.800270 18.800270 0.364881 0.364881 0.364881
7310 18.800270 18.800270 18.800270 0.364881 0.364881 0.364881
7320 18.800270 18.800270 18.800270 0.364881 0.364881 0.364881
7330 18.800270 18.800270 18.800270 0.364881 0.364881 0.364881
7340 18.800270 18.800270 18.800270 0.364881 0.364881 0.364881
7350 18.800270 18.800270 18.800270 0.364881 0.364881 0.364881
7360 18.800270 18.800270 18.800270 0.364881 0.364881 0.364881
7370 18.800270 18.800270 18.800270 0.364881 0.364881 0.364881
7380 18.800270 18.800270 18.800270 0.364881 0.364881 0.364881
7390 18.800270 18.800270 18.800270 0.364881 0.364881 0.364881
7400 18.800270 18.800270 18.800270 0.364881 0.364881 0.364881
7410 18.800270 18.800270 18.800270 0.364881 0.364881 0.364881
7420 18.800270 18.800270 18.800270 0.364881 0.364881 0.364881
7430 18.800270 18.800270 18.800270 0.364881 0.364881 0.364881
7440 18.800270 18.800270 18.800270 0.364881 0.364881 0.364881
7450 18.800270 18.800270 18.800270 0.364881 0.364881 0.364881
7460 18.800270 18.800270 18.800270 0.364881 0.364881 0.364881
7470 18.800270 18.800270 18.800270 0.364881 0.364881 0.364881
7480 18.800270 18.800270 18.800270 0.364881 0.364881 0.364881
7490 18.800270 18.800270 18.800270 0.364881 0.364881 0.364881
7500 18.800270 18.800270 18.800270 0.364881 0.364881 0.364881
7510 18.800270 18.800270 18.800270 0.364881 0.364881 0.364881
7520 18.800270 18.800270 18.800270 0.364881 0.364881 0.364881
7530 18.800270 18.800270 18.800270 0.364881 0.364881 0.364881
7540 18.800270 18.800270 18.800270 0.364881 0.364881 0.364881
7550 18.800270 18.800270 18.800270 0.364881 0.364881 0.364881
7560 18.800270 18.800270 18.800270 0.364881 0.364881 0.364881
7570 18.800270 18.800270 18.800270 0.364881 0.364881 0.364881
7580 18.800270 18.800270 18.800270 0.364881 0.364881 0.364881
7590 18.800270 18.800270 18.800270 0.364881 0.364881 0.364881
7600 18.800270 18.800270 18.800270 0.364881 0.364881 0.364881
7610 18.800270 18.800270 18.800270 0.364881 0.364881 0.364881
7620 18.800270 18.800270 18.800270 0.364881 0.364881 0.364881
7630 18.800270 18.800270 18.800270 0.364881 0.364881 0.364881
7640 18.800270 18.800270 18.800270 0.364881 0.364881 0.364881
7650 18.800270 18.800270 18.800270 0.364881 0.364881 0.364881
7660 18.800270 18.800270 18.800270 0.364881 0.364881 0.364881
7670 18.800270 18.800270 18.800270 0.364881 0.364881 0.364881
7680 18.800270 18.800270 18.800270 0.364881 0.364881 0.364881
7690 18.800270 18.800270 18.800270 0.364881 0.364881 0.364881
7700 18.800270 18.800270 18.800270 0.364881 0.364881 0.364881
7710 18.800270 18.800270 18.800270 0.364881 0.364881 0.364881
7720 18.800270 18.800270 18.800270 0.364881 0.364881 0.364881
7730 18.800270 18.800270 18.800270 0.364881 0.364881 0.364881
7740 18.800270 18.800270 18.800270 0.364881 0.364881 0.364881
7750 18.800270 18.800270 18.800270 0.364881 0.364881 0.364881
7760 18.800270 18.800270 18.800270 0.364881 0.364881 0.364881
7770 18.800270 18.800270 18.800270 0.364881 0.364881 0.364881
7780 18.800270 18.800270 18.800270 0.364881 0.364881 0.364881
7790 18.800270 18.800270 18.800270 0.364881 0.364881 0.364881
7800 18.800270 18.800270 18.800270 0.364881 0.364881 0.364881
7810 18.800270 18.800270 18.800270 0.364881 0.364881 0.364881
7820 18.800270 18.800270 18.800270 0.364881 0.364881 0.364881
7830 18.800270 18.800270 18.800270 0.364881 0.364881 0.364881
7840 18.800270 18.800270 18.800270 0.364881 0.364881 0.364881
7850 18.800270 18.800270 18.800270 0.364881 0.364881 0.364881
7860 18.800270 18.800270 18.800270 0.364881 0.364881 0.364881
7870 18.800270 18.800270 18.800270 0.364881 0.364881 0.364881
7880 18.800270 18.800270 18.800270 0.364881 0.364881 0.364881
7890 18.800270 18.800270 18.800270 0.364881 0.364881 0.364881
7900 18.800270 18.800270 18.800270 0.364881 0.364881 0.364881
7910 18.800270 18.800270 18.800270 0.364881 0.364881 0.364881
7920 18.800270 18.800270 18.800270 0.364881 0.364881 0.364881
7930 18.800270 18.800270 18.800270 0.364881 0.364881 0.364881
7940 18.800270 18.800270 18.800270 0.364881 0.364881 0.364881
7950 18.800270 18.800270 18.800270 0.364881 0.364881 0.364881
7960 18.800270 18.800270 18.800270 0.364881 0.364881 0.364881
7970 18.800270 18.800270 18.800270 0.364881 0.364881 0.364881
7980 18.800270 18.800270 18.800270 0.364881 0.364881 0.364881
7990 18.800270 18.800270 18.800270 0.364881 0.364881 0.364881
8000 18.800270 18.800270 18.800270 0.364881 0.364881 0.364881
8010 18.800270 18.800270 18.800270 0.364881 0.364881 0.364881
8020 18.800270 18.800270 18.800270 0.364881 0.364881 0.364881
8030 18.800270 18.800270 18.800270 0.364881 0.364881 0.364881
8040 18.800270 18.800270 18.800270 0.364881 0.364881 0.364881
8050 18.800270 18.800270 18.800270 0.364881 0.364881 0.364881
8060 18.800270 18.800270 18.800270 0.364881 0.364881 0.364881
8070 18.800270 18.800270 18.800270 0.364881 0.364881 0.364881
8080 18.800270 18.800270 18.800270 0.364881 0.364881 0.364881
8090 18.800270 18.800270 18.800270 0.364881 0.364881 0.364881
8100 18.800270 18.800270 18.800270 0.364881 0.364881 0.364881
8110 18.800270 18.800270 18.800270 0.364881 0.364881 0.364881
8120 18.800270 18.800270 18.800270 0.364881 0.364881 0.364881
8130 18.800270 18.800270 18.800270 0.364881 0.364881 0.364881
8140 18.800270 18.800270 18.800270 0.364881 0.364881 0.364881
8150 18.800270 18.800270 18.800270 0.364881 0.364881 0.364881
8160 18.800270 18.800270 18.800270 0.364881 0.364881 0.364881
8170 18.800270 18.800270 18.800270 0.364881 0.364881 0.364881
8180 18.800270 18.800270 18.800270 0.364881 0.364881 0.364881
8190 18.800270 18.800270 18.800270 0.364881 0.364881 0.364881
8200 18.800270 18.800270 18.800270 0.364881 0.364881 0.364881
8210 18.800270 18.800270 18.800270 0.364881 0.364881 0.364881
8220 18.800270 18.800270 18.800270 0.364881 0.364881 0.364881
8230 18.800270 18.800270 18.800270 0.364881 0.364881 0.364881
8240 18.800270 18.800270 18.800270 0.364881 0.364881 0.364881
8250 18.800270 18.800270 18.800270 0.364881 0.364881 0.364881
8260 18.800270 18.800270 18.800270 0.364881 0.364881 0.364881
8270 18.800270 18.800270 18.800270 0.364881 0.364881 0.364881
8280 18.800270 18.800270 18.800270 0.364881 0.364881 0.364881
8290 18.800270 18.800270 18.800270 0.364881 0.364881 0.364881
8300 18.800270 18.800270 18.800270 0.364881 0.364881 0.364881
8310 18.800270 18.800270 18.800270 0.364881 0.364881 0.364881
8320 18.800270 18.800270 18.800270 0.364881 0.364881 0.364881
8330 18.800270 18.800270 18.800270 0.364881 0.364881 0.364881
8340 18.800270 18.800270 18.800270 0.364881 0.364881 0.364881
8350 18.800270 18.800270 18.800270 0.364881 0.364881 0.364881
8360 18.800270 18.800270 18.800270 0.364881 0.364881 0.364881
8370 18.800270 18.800270 18.800270 0.364881 0.364881 0.364881
8380 18.800270 18.800270 18.800270 0.364881 0.364881 0.364881
8390 18.800270 18.800270 18.800270 0.364881 0.364881 0.364881
8400 18.800270 18.800270 18.800270 0.364881 0.364881 0.364881
8410 18.800270 18.800270 18.800270 0.364881 0.364881 0.364881
8420 18.800270 18.800270 18.800270 0.364881 0.364881 0.364881
8430 18.800270 18.800270 18.800270 0.364881 0.364881 0.364881
8440 18.800270 18.800270 18.800270 0.364881 0.364881 0.364881
8450 18.800270 18.800270 18.800270 0.364881 0.364881 0.364881
8460 18.800270 18.800270 18.800270 0.364881 0.364881 0.364881
8470 18.800270 18.800270 18.800270 0.364881 0.364881 0.364881
8480 18.800270 18.800270 18.800270 0.364881 0.364881 0.364881
8490 18.800270 18.800270 18.800270 0.364881 0.364881 0.364881
8500 18.800270 18.800270 18.800270 0.364881 0.364881 0.364881
8510 18.800270 18.800270 18.800270 0.364881 0.364881 0.364881
8520 18.800270 18.800270 18.800270 0.364881 0.364881 0.364881
8530 18.800270 18.800270 18.800270 0.364881 0.364881 0.364881
8540 18.800270 18.800270 18.800270 0.364881 0.364881 0.364881
8550 18.800270 18.800270 18.800270 0.364881 0.364881 0.364881
8560 18.800270 18.800270 18.800270 0.364881 0.364881 0.364881
8570 18.800270 18.800270 18.800270 0.364881 0.364881 0.364881
8580 18.800270 18.800270 18.800270 0.364881 0.364881 0.364881
8590 18.800270 18.800270 18.800270 0.364881 0.364881 0.364881
8600 18.800270 18.800270 18.800270 0.364881 0.364881 0.364881
8610 18.800270 18.800270 18.800270 0.364881 0.364881 0.364881
8620 18.800270 18.800270 18.800270 0.364881 0.364881 0.364881
8630 18.800270 18.800270 18.800270 0.364881 0.364881 0.364881
8640 18.800270 18.800270 18.800270 0.364881 0.364881 0.364881
8650 18.800270 18.800270 18.800270 0.364881 0.364881 0.364881
8660 18.800270 18.800270 18.800270 0.364881 0.364881 0.364881
8670 18.800270 18.800270 18.800270 0.364881 0.364881 0.364881
8680 18.800270 18.800270 18.800270 0.364881 0.364881 0.364881
8690 18.800270 18.800270 18.800270 0.364881 0.364881 0.364881
8700 18.800270 18.800270 18.800270 0.364881 0.364881 0.364881
8710 18.800270 18.800270 18.800270 0.364881 0.364881 0.364881
8720 18.800270 18.800270 18.800270 0.364881 0.364881 0.364881
8730 18.800270 18.800270 18.800270 0.364881 0.364881 0.364881
8740 18.800270 18.800270 18.800270 0.364881 0.364881 0.364881
8750 18.800270 18.800270 18.800270 0.364881 0.364881 0.364881
8760 18.800270 18.800270 18.800270 0.364881 0.364881 0.364881
8770 18.800270 18.800270 18.800270 0.364881 0.364881 0.364881
8780 18.800270 18.800270 18.800270 0.364881 0.364881 0.364881
8790 18.800270 18.800270 18.800270 0.364881 0.364881 0.364881
8800 18.800270 18.800270 18.800270 0.364881 0.364881 0.364881
8810 18.800270 18.800270 18.800270 0.364881 0.364881 0.364881
8820 18.800270 18.800270 18.800270 0.364881 0.364881 0.364881
8830 18.800270 18.800270 18.800270 0.364881 0.364881 0.364881
8840 18.800270 18.800270 18.800270 0.364881 0.364881 0.364881
8850 18.800270 18.800270 18.800270 0.364881 0.364881 0.364881
8860 18.800270 18.800270 18.800270 0.364881 0.364881 0.364881
8870 18.800270 18.800270 18.800270 0.364881 0.364881 0.364881
8880 18.800270 18.800270 18.800270 0.364881 0.364881 0.364881
8890 18.800270 18.800270 18.800270 0.364881 0.364881 0.364881
8900 18.800270 18.800270 18.800270 0.364881 0.364881 0.364881
8910 18.800270 18.800270 18.800270 0.364881 0.364881 0.364881
8920 18.800270 18.800270 18.800270 0.364881 0.364881 0.364881
8930 18.800270 18.800270 18.800270 0.364881 0.364881 0.364881
8940 18.800270 18.800270 18.800270 0.364881 0.364881 0.364881
8950 18.800270 18.800270 18.800270 0.364881 0.364881 0.364881
8960 18.800270 18.800270 18.800270 0.364881 0.364881 0.364881
8970 18.800270 18.800270 18.800270 0.364881 0.364881 0.364881
8980 18.800270 18.800270 18.800270 0.364881 0.364881 0.364881
8990 18.800270 18.800270 18.800270 0.364881 0.364881 0.364881
9000 18.800270 18.800270 18.800270 0.364881 0.364881 0.364881
9010 18.800270 18.800270 18.800270 0.364881 0.364881 0.364881
9020 18.800270 18.800270 18.800270 0.364881 0.364881 0.364881
9030 18.800270 18.800270 18.800270 0.364881 0.364881 0.364881
9040 18.800270 18.800270 18.800270 0.364881 0.364881 0.364881
9050 18.800270 18.800270 18.800270 0.364881 0.364881 0.364881
9060 18.800270 18.800270 18.800270 0.364881 0.364881 0.364881
9070 18.800270 18.800270 18.800270 0.364881 0.364881 0.364881
9080 18.800270 18.800270 18.800270 0.364881 0.364881 0.364881
9090 18.800270 18.800270 18.800270 0.364881 0.364881 0.364881
9100 18.800270 18.800270 18.800270 0.364881 0.364881 0.364881
9110 18.800270 18.800270 18.800270 0.364881 0.364881 0.364881
9120 18.800270 18.800270 18.800270 0.364881 0.364881 0.364881
9130 18.800270 18.800270 18.800270 0.364881 0.364881 0.364881
9140 18.800270 18.800270 18.800270 0.364881 0.364881 0.364881
9150 18.800270 18.800270 18.800270 0.364881 0.364881 0.364881
9160 18.800270 18.800270 18.800270 0.364881 0.364881 0.364881
9170 18.800270 18.800270 18.800270 0.364881 0.364881 0.364881
9180 18.800270 18.800270 18.800270 0.364881 0.364881 0.364881
9190 18.800270 18.800270 18.800270 0.364881 0.364881 0.364881
9200 18.800270 18.800270 18.800270 0.364881 0.364881 0.364881
9210 18.800270 18.800270 18.800270 0.364881 0.364881 0.364881
9220 18.800270 18.800270 18.800270 0.364881 0.364881 0.364881
9230 18.800270 18.800270 18.800270 0.364881 0.364881 0.364881
9240 18.800270 18.800270 18.800270 0.364881 0.364881 0.364881
9250 18.800270 18.800270 18.800270 0.364881 0.364881 0.364881
9260 18.800270 18.800270 18.800270 0.364881 0.364881 0.364881
9270 18.800270 18.800270 18.800270 0.364881 0.364881 0.364881
9280 18.800270 18.800270 18.800270 0.364881 0.364881 0.364881
9290 18.800270 18.800270 18.800270 0.364881 0.364881 0.364881
9300 18.800270 18.800270 18.800270 0.364881 0.364881 0.364881
9310 18.800270 18.800270 18.800270 0.364881 0.364881 0.364881
9320 18.800270 18.800270 18.800270 0.364881 0.364881 0.364881
9330 18.800270 18.800270 18.800270 0.364881 0.364881 0.364881
9340 18.800270 18.800270 18.800270 0.364881 0.364881 0.364881
9350 18.800270 18.800270 18.800270 0.364881 0.364881 0.364881
9360 18.800270 18.800270 18.800270 0.364881 0.364881 0.364881
9370 18.800270 18.800270 18.800270 0.364881 0.364881 0.364881
9380 18.800270 18.800270 18.800270 0.364881 0.364881 0.364881
9390 18.800270 18.800270 18.800270 0.364881 0.364881 0.364881
9400 18.800270 18.800270 18.800270 0.364881 0.364881 0.364881
9410 18.800270 18.800270 18.800270 0.364881 0.364881 0.364881
9420 18.800270 18.800270 18.800270 0.364881 0.364881 0.364881
9430 18.800270 18.800270 18.800270 0.364881 0.364881 0.364881
9440 18.800270 18.800270 18.800270 0.364881 0.364881 0.364881
9450 18.800270 18.800270 18.800270 0.364881 0.364881 0.364881
9460 18.800270 18.800270 18.800270 0.364881 0.364881 0.364881
9470 18.800270 18.800270 18.800270 0.364881 0.364881 0.364881
9480 18.800270 18.800270 18.800270 0.364881 0.364881 0.364881
9490 18.800270 18.800270 18.800270 0.364881 0.364881 0.364881
9500 18.800270 18.800270 18.800270 0.364881 0.364881 0.364881
9510 18.800270 18.800270 18.800270 0.364881 0.364881 0.364881
9520 18.800270 18.800270 18.800270 0.364881 0.364881 0.364881
9530 18.800270 18.800270 18.800270 0.364881 0.364881 0.364881
9540 18.800270 18.800270 18.800270 0.364881 0.364881 0.364881
9550 18.800270 18.800270 18.800270 0.364881 0.364881 0.364881
9560 18.800270 18.800270 18.800270 0.364881 0.364881 0.364881
9570 18.800270 18.800270 18.800270 0.364881 0.364881 0.364881
9580 18.800270 18.800270 18.800270 0.364881 0.364881 0.364881
9590 18.800270 18.800270 18.800270 0.364881 0.364881 0.364881
9600 18.800270 18.800270 18.800270 0.364881 0.364881 0.364881
9610 18.800270 18.800270 18.800270 0.364881 0.364881 0.364881
9620 18.800270 18.800270 18.800270 0.364881 0.364881 0.364881
9630 18.800270 18.800270 18.800270 0.364881 0.364881 0.364881
9640 18.800270 18.800270 18.800270 0.364881 0.364881 0.364881
9650 18.800270 18.800270 18.800270 0.364881 0.364881 0.364881
9660 18.800270 18.800270 18.800270 0.364881 0.364881 0.364881
9670 18.800270 18.800270 18.800270 0.364881 0.364881 0.364881
9680 18.800270 18.800270 18.800270 0.364881 0.364881 0.364881
9690 18.800270 18.800270 18.800270 0.364881 0.364881 0.364881
9700 18.800270 18.800270 18.800270 0.364881 0.364881 0.364881
9710 18.800270 18.800270 18.800270 0.364881 0.364881 0.364881
9720 18.800270 18.800270 18.800270 0.364881 0.364881 0.364881
9730 18.800270 18.800270 18.800270 0.364881 0.364881 0.364881
9740 18.800270 18.800270 18.800270 0.364881 0.364881 0.364881
9750 18.800270 18.800270 18.800270 0.364881 0.364881 0.364881
9760 18.800270 18.800270 18.800270 0.364881 0.364881 0.364881
9770 18.800270 18.800270 18.800270 0.364881 0.364881 0.364881
9780 18.800270 18.800270 18.800270 0.364881 0.364881 0.364881
9790 18.800270 18.800270 18.800270 0.364881 0.364881 0.364881
9800 18.800270 18.800270 18.800270 0.364881 0.364881 0.364881
9810 18.800270 18.800270 18.800270 0.364881 0.364881 0.364881
9820 18.800270 18.800270 18.800270 0.364881 0.364881 0.364881
9830 18.800270 18.800270 18.800270 0.364881 0.364881 0.364881
9840 18.800270 18.800270 18.800270 0.364881 0.364881 0.364881
9850 18.800270 18.800270 18.800270 0.364881 0.364881 0.364881
9860 18.800270 18.800270 18.800270 0.364881 0.364881 0.364881
9870 18.800270 18.800270 18.800270 0.364881 0.364881 0.364881
9880 18.800270 18.800270 18.800270 0.364881 0.364881 0.364881
9890 18.800270 18.800270 18.800270 0.364881 0.364881 0.364881
9900 18.800270 18.800270 18.800270 0.364881 0.364881 0.364881
9910 18.800270 18.800270 18.800270 0.364881 0.364881 0.364881
9920 18.800270 18.800270 18.800270 0.364881 0.364881 0.364881
9930 18.800270 18.800270 18.800270 0.364881 0.364881 0.364881
9940 18.800270 18.800270 18.800270 0.364881 0.364881 0.364881
9950 18.800270 18.800270 18.800270 0.364881 0.364881 0.364881
9960 18.800270 18.800270 18.800270 0.364881 0.364881 0.364881
9970 18.800270 18.800270 18.800270 0.364881 0.364881 0.364881
9980 18.800270 18.800270 18.800270 0.364881 0.364881 0.364881
9990 18.800270 18.800270 18.800270 0.364881 0.364881 0.364881
10000 18.800270 18.800270 18.800270 0.364881 0.364881 0.364881
