# generation power_min power_avg power_max util_min util_avg util_max
1 31.355942 31.355942 31.355942 1.472621 1.491948 1.499993
10 31.586261 31.586261 31.586261 1.282581 1.483734 1.499993
20 32.142280 32.142280 32.142280 1.184762 1.473570 1.499953
30 32.142280 32.142280 32.142280 1.184762 1.459973 1.499953
40 32.705486 32.705486 32.705486 1.166540 1.442582 1.499953
50 32.848770 32.848770 32.848770 1.148657 1.425472 1.499953
60 32.848770 32.848770 32.848770 1.148657 1.408185 1.499953
70 33.492456 33.492456 33.492456 1.032795 1.379034 1.499953
80 33.492456 33.492456 33.492456 1.032795 1.350186 1.499953
90 33.929507 33.929507 33.929507 0.994213 1.318526 1.498811
100 34.042452 33.985980 34.042452 0.985085 1.285102 1.498811
110 34.103488 34.025149 34.103488 0.935005 1.247824 1.464249
120 34.957433 34.079553 34.957433 0.892870 1.212701 1.412161
130 34.957433 34.069014 34.957433 0.892870 1.183202 1.398324
140 34.957433 33.964335 34.957433 0.892870 1.148656 1.342320
150 34.957433 33.915276 34.957433 0.892870 1.122799 1.291934
160 34.957433 33.851905 34.957433 0.892870 1.095984 1.274528
170 34.957433 33.794147 34.957433 0.892870 1.072079 1.243409
180 34.957433 33.765474 34.957433 0.892870 1.050333 1.208411
190 34.957433 33.713809 34.957433 0.892870 1.030776 1.169001
200 34.957433 33.658755 34.957433 0.892870 1.014246 1.148657
210 34.957433 33.639784 34.957433 0.892870 1.000111 1.091161
220 34.957433 33.620061 34.957433 0.892870 0.991354 1.050828
230 34.283585 33.574850 34.283585 0.935005 0.988785 1.033720
240 34.042452 33.502773 34.042452 0.943559 0.988194 1.012232
250 33.780668 33.427880 33.780668 0.945023 0.990612 1.012232
260 33.700358 33.352072 33.700358 0.945023 0.992460 1.008554
270 32.972027 33.288918 33.611056 0.948545 0.995576 1.008554
280 32.972027 33.241202 33.571141 0.975601 0.996695 1.005667
290 32.873154 33.183450 33.494281 0.975601 0.996900 1.005667
300 32.873154 33.136451 33.383083 0.984456 0.997598 1.003320
310 32.873154 33.110235 33.199417 0.984456 0.997707 1.003320
320 32.839532 33.097579 33.199417 0.984456 0.996644 1.003320
330 32.839532 33.083749 33.199417 0.984456 0.995715 1.003320
340 32.839532 33.068563 33.199417 0.979589 0.994675 1.003320
350 32.839532 33.040454 33.155488 0.979589 0.994424 1.003320
360 32.839532 33.017907 33.155365 0.979589 0.994012 1.003320
370 32.839532 32.997008 33.150156 0.979589 0.994109 1.003320
380 32.839532 32.976195 33.121866 0.979589 0.993571 1.003320
390 32.839532 32.952846 33.114248 0.979589 0.993811 1.001727
400 32.839532 32.933822 33.079728 0.979589 0.994111 0.997209
410 32.839532 32.915586 33.051159 0.979589 0.994475 0.997209
420 32.839532 32.897443 33.051159 0.979589 0.994614 0.997209
430 32.839532 32.880927 33.011841 0.979589 0.994729 0.997209
440 32.839532 32.871318 32.891355 0.989159 0.994571 0.997209
450 32.839532 32.870096 32.873154 0.989159 0.994387 0.997209
460 32.839532 32.869752 32.873154 0.989159 0.993983 0.997209
470 32.839409 32.868737 32.873154 0.989159 0.993670 0.997209
480 32.839409 32.868055 32.873154 0.989159 0.993138 0.997209
490 32.839409 32.866029 32.873154 0.989159 0.992721 0.997209
500 32.839409 32.864001 32.873154 0.989159 0.992164 0.997209
510 32.839409 32.861305 32.873154 0.989159 0.991907 0.997209
520 32.839409 32.858608 32.873154 0.989159 0.991581 0.997209
530 32.839409 32.856259 32.873031 0.989159 0.991937 0.997209
540 32.839409 32.852905 32.873031 0.989159 0.992534 0.997209
550 32.839409 32.849548 32.873031 0.989159 0.992923 0.997209
560 32.839409 32.846187 32.873031 0.989159 0.993105 0.997209
570 32.839409 32.842828 32.873031 0.989159 0.993355 0.997209
580 32.839409 32.839465 32.839532 0.990280 0.993467 0.997209
590 32.839409 32.839453 32.839532 0.990280 0.992774 0.997209
600 32.839409 32.839441 32.839532 0.990280 0.992082 0.997209
610 32.839409 32.839428 32.839532 0.990280 0.991389 0.997209
620 32.839409 32.839416 32.839532 0.990280 0.990696 0.997209
630 32.839409 32.839409 32.839409 0.990280 0.990280 0.990280
640 32.839409 32.839409 32.839409 0.990280 0.990280 0.990280
650 32.839409 32.839409 32.839409 0.990280 0.990280 0.990280
660 32.839409 32.839409 32.839409 0.990280 0.990280 0.990280
670 32.839409 32.839409 32.839409 0.990280 0.990280 0.990280
680 32.839409 32.839409 32.839409 0.990280 0.990280 0.990280
690 32.839409 32.839409 32.839409 0.990280 0.990280 0.990280
700 32.839409 32.839409 32.839409 0.990280 0.990280 0.990280
710 32.839409 32.839409 32.839409 0.990280 0.990280 0.990280
720 32.839409 32.839409 32.839409 0.990280 0.990280 0.990280
730 32.839409 32.839409 32.839409 0.990280 0.990280 0.990280
740 32.839409 32.839409 32.839409 0.990280 0.990280 0.990280
750 32.839409 32.839409 32.839409 0.990280 0.990280 0.990280
760 32.839409 32.839409 32.839409 0.990280 0.990280 0.990280
770 32.839409 32.839409 32.839409 0.990280 0.990280 0.990280
780 32.839409 32.839409 32.839409 0.990280 0.990280 0.990280
790 32.839409 32.839409 32.839409 0.990280 0.990280 0.990280
800 32.839409 32.839409 32.839409 0.990280 0.990280 0.990280
810 32.839409 32.839409 32.839409 0.990280 0.990280 0.990280
820 32.839409 32.839409 32.839409 0.990280 0.990280 0.990280
830 32.839409 32.839409 32.839409 0.990280 0.990280 0.990280
840 32.839409 32.839409 32.839409 0.990280 0.990280 0.990280
850 32.839409 32.839409 32.839409 0.990280 0.990280 0.990280
860 32.839409 32.839409 32.839409 0.990280 0.990280 0.990280
870 32.839409 32.839409 32.839409 0.990280 0.990280 0.990280
880 32.839409 32.839409 32.839409 0.990280 0.990280 0.990280
890 32.839409 32.839409 32.839409 0.990280 0.990280 0.990280
900 32.839409 32.839409 32.839409 0.990280 0.990280 0.990280
910 32.839409 32.839409 32.839409 0.990280 0.990280 0.990280
920 32.839409 32.839409 32.839409 0.990280 0.990280 0.990280
930 32.839409 32.839409 32.839409 0.990280 0.990280 0.990280
940 32.839409 32.839409 32.839409 0.990280 0.990280 0.990280
950 32.839409 32.839409 32.839409 0.990280 0.990280 0.990280
960 32.839409 32.839409 32.839409 0.990280 0.990280 0.990280
970 32.839409 32.839409 32.839409 0.990280 0.990280 0.990280
980 32.839409 32.839409 32.839409 0.990280 0.990280 0.990280
990 32.839409 32.839409 32.839409 0.990280 0.990280 0.990280
1000 32.839409 32.839409 32.839409 0.990280 0.990280 0.990280
1010 32.839409 32.839409 32.839409 0.990280 0.990280 0.990280
1020 32.839409 32.839409 32.839409 0.990280 0.990280 0.990280
1030 32.839409 32.839409 32.839409 0.990280 0.990280 0.990280
1040 32.839409 32.839409 32.839409 0.990280 0.990280 0.990280
1050 32.839409 32.839409 32.839409 0.990280 0.990280 0.990280
1060 32.839409 32.839409 32.839409 0.990280 0.990280 0.990280
1070 32.839409 32.839409 32.839409 0.990280 0.990280 0.990280
1080 32.839409 32.839409 32.839409 0.990280 0.990280 0.990280
1090 32.839409 32.839409 32.839409 0.990280 0.990280 0.990280
1100 32.839409 32.839409 32.839409 0.990280 0.990280 0.990280
1110 32.839409 32.839409 32.839409 0.990280 0.990280 0.990280
1120 32.839409 32.839409 32.839409 0.990280 0.990280 0.990280
1130 32.839409 32.839409 32.839409 0.990280 0.990280 0.990280
1140 32.839409 32.839409 32.839409 0.990280 0.990280 0.990280
1150 32.839409 32.839409 32.839409 0.990280 0.990280 0.990280
1160 32.839409 32.839409 32.839409 0.990280 0.990280 0.990280
1170 32.839409 32.839409 32.839409 0.990280 0.990280 0.990280
1180 32.839409 32.839409 32.839409 0.990280 0.990280 0.990280
1190 32.839409 32.839409 32.839409 0.990280 0.990280 0.990280
1200 32.839409 32.839409 32.839409 0.990280 0.990280 0.990280
1210 32.839409 32.839409 32.839409 0.990280 0.990280 0.990280
1220 32.839409 32.839409 32.839409 0.990280 0.990280 0.990280
1230 32.839409 32.839409 32.839409 0.990280 0.990280 0.990280
1240 32.839409 32.839409 32.839409 0.990280 0.990280 0.990280
1250 32.839409 32.839409 32.839409 0.990280 0.990280 0.990280
1260 32.839409 32.839409 32.839409 0.990280 0.990280 0.990280
1270 32.839409 32.839409 32.839409 0.990280 0.990280 0.990280
1280 32.839409 32.839409 32.839409 0.990280 0.990280 0.990280
1290 32.839409 32.839409 32.839409 0.990280 0.990280 0.990280
1300 32.839409 32.839409 32.839409 0.990280 0.990280 0.990280
1310 32.839409 32.839409 32.839409 0.990280 0.990280 0.990280
1320 32.839409 32.839409 32.839409 0.990280 0.990280 0.990280
1330 32.839409 32.839409 32.839409 0.990280 0.990280 0.990280
1340 32.839409 32.839409 32.839409 0.990280 0.990280 0.990280
1350 32.839409 32.839409 32.839409 0.990280 0.990280 0.990280
1360 32.839409 32.839409 32.839409 0.990280 0.990280 0.990280
1370 32.839409 32.839409 32.839409 0.990280 0.990280 0.990280
1380 32.839409 32.839409 32.839409 0.990280 0.990280 0.990280
1390 32.839409 32.839409 32.839409 0.990280 0.990280 0.990280
1400 32.839409 32.839409 32.839409 0.990280 0.990280 0.990280
1410 32.839409 32.839409 32.839409 0.990280 0.990280 0.990280
1420 32.839409 32.839409 32.839409 0.990280 0.990280 0.990280
1430 32.839409 32.839409 32.839409 0.990280 0.990280 0.990280
1440 32.839409 32.839409 32.839409 0.990280 0.990280 0.990280
1450 32.839409 32.839409 32.839409 0.990280 0.990280 0.990280
1460 32.839409 32.839409 32.839409 0.990280 0.990280 0.990280
1470 32.839409 32.839409 32.839409 0.990280 0.990280 0.990280
1480 32.839409 32.839409 32.839409 0.990280 0.990280 0.990280
1490 32.839409 32.839409 32.839409 0.990280 0.990280 0.990280
1500 32.839409 32.839409 32.839409 0.990280 0.990280 0.990280
1510 32.839409 32.839409 32.839409 0.990280 0.990280 0.990280
1520 32.839409 32.839409 32.839409 0.990280 0.990280 0.990280
1530 32.839409 32.839409 32.839409 0.990280 0.990280 0.990280
1540 32.839409 32.839409 32.839409 0.990280 0.990280 0.990280
1550 32.839409 32.839409 32.839409 0.990280 0.990280 0.990280
1560 32.839409 32.839409 32.839409 0.990280 0.990280 0.990280
1570 32.839409 32.839409 32.839409 0.990280 0.990280 0.990280
1580 32.839409 32.839409 32.839409 0.990280 0.990280 0.990280
1590 32.839409 32.839409 32.839409 0.990280 0.990280 0.990280
1600 32.839409 32.839409 32.839409 0.990280 0.990280 0.990280
1610 32.839409 32.839409 32.839409 0.990280 0.990280 0.990280
1620 32.839409 32.839409 32.839409 0.990280 0.990280 0.990280
1630 32.839409 32.839409 32.839409 0.990280 0.990280 0.990280
1640 32.839409 32.839409 32.839409 0.990280 0.990280 0.990280
1650 32.839409 32.839409 32.839409 0.990280 0.990280 0.990280
1660 32.839409 32.839409 32.839409 0.990280 0.990280 0.990280
1670 32.839409 32.839409 32.839409 0.990280 0.990280 0.990280
1680 32.839409 32.839409 32.839409 0.990280 0.990280 0.990280
1690 32.839409 32.839409 32.839409 0.990280 0.990280 0.990280
1700 32.839409 32.839409 32.839409 0.990280 0.990280 0.990280
1710 32.839409 32.839409 32.839409 0.990280 0.990280 0.990280
1720 32.839409 32.839409 32.839409 0.990280 0.990280 0.990280
1730 32.839409 32.839409 32.839409 0.990280 0.990280 0.990280
1740 32.839409 32.839409 32.839409 0.990280 0.990280 0.990280
1750 32.839409 32.839409 32.839409 0.990280 0.990280 0.990280
1760 32.839409 32.839409 32.839409 0.990280 0.990280 0.990280
1770 32.839409 32.839409 32.839409 0.990280 0.990280 0.990280
1780 32.839409 32.839409 32.839409 0.990280 0.990280 0.990280
1790 32.839409 32.839409 32.839409 0.990280 0.990280 0.990280
1800 32.839409 32.839409 32.839409 0.990280 0.990280 0.990280
1810 32.839409 32.839409 32.839409 0.990280 0.990280 0.990280
1820 32.839409 32.839409 32.839409 0.990280 0.990280 0.990280
1830 32.839409 32.839409 32.839409 0.990280 0.990280 0.990280
1840 32.839409 32.839409 32.839409 0.990280 0.990280 0.990280
1850 32.839409 32.839409 32.839409 0.990280 0.990280 0.990280
1860 32.839409 32.839409 32.839409 0.990280 0.990280 0.990280
1870 32.839409 32.839409 32.839409 0.990280 0.990280 0.990280
1880 32.839409 32.839409 32.839409 0.990280 0.990280 0.990280
1890 32.839409 32.839409 32.839409 0.990280 0.990280 0.990280
1900 32.839409 32.839409 32.839409 0.990280 0.990280 0.990280
1910 32.839409 32.839409 32.839409 0.990280 0.990280 0.990280
1920 32.839409 32.839409 32.839409 0.990280 0.990280 0.990280
1930 32.839409 32.839409 32.839409 0.990280 0.990280 0.990280
1940 32.839409 32.839409 32.839409 0.990280 0.990280 0.990280
1950 32.839409 32.839409 32.839409 0.990280 0.990280 0.990280
1960 32.839409 32.839409 32.839409 0.990280 0.990280 0.990280
1970 32.839409 32.839409 32.839409 0.990280 0.990280 0.990280
1980 32.839409 32.839409 32.839409 0.990280 0.990280 0.990280
1990 32.839409 32.839409 32.839409 0.990280 0.990280 0.990280
2000 32.839409 32.839409 32.839409 0.990280 0.990280 0.990280
2010 32.839409 32.839409 32.839409 0.990280 0.990280 0.990280
2020 32.839409 32.839409 32.839409 0.990280 0.990280 0.990280
2030 32.839409 32.839409 32.839409 0.990280 0.990280 0.990280
2040 32.839409 32.839409 32.839409 0.990280 0.990280 0.990280
2050 32.839409 32.839409 32.839409 0.990280 0.990280 0.990280
2060 32.839409 32.839409 32.839409 0.990280 0.990280 0.990280
2070 32.839409 32.839409 32.839409 0.990280 0.990280 0.990280
2080 32.839409 32.839409 32.839409 0.990280 0.990280 0.990280
2090 32.839409 32.839409 32.839409 0.990280 0.990280 0.990280
2100 32.839409 32.839409 32.839409 0.990280 0.990280 0.990280
2110 32.839409 32.839409 32.839409 0.990280 0.990280 0.990280
2120 32.839409 32.839409 32.839409 0.990280 0.990280 0.990280
2130 32.839409 32.839409 32.839409 0.990280 0.990280 0.990280
2140 32.839409 32.839409 32.839409 0.990280 0.990280 0.990280
2150 32.839409 32.839409 32.839409 0.990280 0.990280 0.990280
2160 32.839409 32.839409 32.839409 0.990280 0.990280 0.990280
2170 32.839409 32.839409 32.839409 0.990280 0.990280 0.990280
2180 32.839409 32.839409 32.839409 0.990280 0.990280 0.990280
2190 32.839409 32.839409 32.839409 0.990280 0.990280 0.990280
2200 32.839409 32.839409 32.839409 0.990280 0.990280 0.990280
2210 32.839409 32.839409 32.839409 0.990280 0.990280 0.990280
2220 32.839409 32.839409 32.839409 0.990280 0.990280 0.990280
2230 32.839409 32.839409 32.839409 0.990280 0.990280 0.990280
2240 32.839409 32.839409 32.839409 0.990280 0.990280 0.990280
2250 32.839409 32.839409 32.839409 0.990280 0.990280 0.990280
2260 32.839409 32.839409 32.839409 0.990280 0.990280 0.990280
2270 32.839409 32.839409 32.839409 0.990280 0.990280 0.990280
2280 32.839409 32.839409 32.839409 0.990280 0.990280 0.990280
2290 32.839409 32.839409 32.839409 0.990280 0.990280 0.990280
2300 32.839409 32.839409 32.839409 0.990280 0.990280 0.990280
2310 32.839409 32.839409 32.839409 0.990280 0.990280 0.990280
2320 32.839409 32.839409 32.839409 0.990280 0.990280 0.990280
2330 32.839409 32.839409 32.839409 0.990280 0.990280 0.990280
2340 32.839409 32.839409 32.839409 0.990280 0.990280 0.990280
2350 32.839409 32.839409 32.839409 0.990280 0.990280 0.990280
2360 32.839409 32.839409 32.839409 0.990280 0.990280 0.990280
2370 32.839409 32.839409 32.839409 0.990280 0.990280 0.990280
2380 32.839409 32.839409 32.839409 0.990280 0.990280 0.990280
2390 32.839409 32.839409 32.839409 0.990280 0.990280 0.990280
2400 32.839409 32.839409 32.839409 0.990280 0.990280 0.990280
2410 32.839409 32.839409 32.839409 0.990280 0.990280 0.990280
2420 32.839409 32.839409 32.839409 0.990280 0.990280 0.990280
2430 32.839409 32.839409 32.839409 0.990280 0.990280 0.990280
2440 32.839409 32.839409 32.839409 0.990280 0.990280 0.990280
2450 32.839409 32.839409 32.839409 0.990280 0.990280 0.990280
2460 32.839409 32.839409 32.839409 0.990280 0.990280 0.990280
2470 32.839409 32.839409 32.839409 0.990280 0.990280 0.990280
2480 32.839409 32.839409 32.839409 0.990280 0.990280 0.990280
2490 32.839409 32.839409 32.839409 0.990280 0.990280 0.990280
2500 32.839409 32.839409 32.839409 0.990280 0.990280 0.990280
2510 32.839409 32.839409 32.839409 0.990280 0.990280 0.990280
2520 32.839409 32.839409 32.839409 0.990280 0.990280 0.990280
2530 32.839409 32.839409 32.839409 0.990280 0.990280 0.990280
2540 32.839409 32.839409 32.839409 0.990280 0.990280 0.990280
2550 32.839409 32.839409 32.839409 0.990280 0.990280 0.990280
2560 32.839409 32.839409 32.839409 0.990280 0.990280 0.990280
2570 32.839409 32.839409 32.839409 0.990280 0.990280 0.990280
2580 32.839409 32.839409 32.839409 0.990280 0.990280 0.990280
2590 32.839409 32.839409 32.839409 0.990280 0.990280 0.990280
2600 32.839409 32.839409 32.839409 0.990280 0.990280 0.990280
2610 32.839409 32.839409 32.839409 0.990280 0.990280 0.990280
2620 32.839409 32.839409 32.839409 0.990280 0.990280 0.990280
2630 32.839409 32.839409 32.839409 0.990280 0.990280 0.990280
2640 32.839409 32.839409 32.839409 0.990280 0.990280 0.990280
2650 32.839409 32.839409 32.839409 0.990280 0.990280 0.990280
2660 32.839409 32.839409 32.839409 0.990280 0.990280 0.990280
2670 32.839409 32.839409 32.839409 0.990280 0.990280 0.990280
2680 32.839409 32.839409 32.839409 0.990280 0.990280 0.990280
2690 32.839409 32.839409 32.839409 0.990280 0.990280 0.990280
2700 32.839409 32.839409 32.839409 0.990280 0.990280 0.990280
2710 32.839409 32.839409 32.839409 0.990280 0.990280 0.990280
2720 32.839409 32.839409 32.839409 0.990280 0.990280 0.990280
2730 32.839409 32.839409 32.839409 0.990280 0.990280 0.990280
2740 32.839409 32.839409 32.839409 0.990280 0.990280 0.990280
2750 32.839409 32.839409 32.839409 0.990280 0.990280 0.990280
2760 32.839409 32.839409 32.839409 0.990280 0.990280 0.990280
2770 32.839409 32.839409 32.839409 0.990280 0.990280 0.990280
2780 32.839409 32.839409 32.839409 0.990280 0.990280 0.990280
2790 32.839409 32.839409 32.839409 0.990280 0.990280 0.990280
2800 32.839409 32.839409 32.839409 0.990280 0.990280 0.990280
2810 32.839409 32.839409 32.839409 0.990280 0.990280 0.990280
2820 32.839409 32.839409 32.839409 0.990280 0.990280 0.990280
2830 32.839409 32.839409 32.839409 0.990280 0.990280 0.990280
2840 32.839409 32.839409 32.839409 0.990280 0.990280 0.990280
2850 32.839409 32.839409 32.839409 0.990280 0.990280 0.990280
2860 32.839409 32.839409 32.839409 0.990280 0.990280 0.990280
2870 32.839409 32.839409 32.839409 0.990280 0.990280 0.990280
2880 32.839409 32.839409 32.839409 0.990280 0.990280 0.990280
2890 32.839409 32.839409 32.839409 0.990280 0.990280 0.990280
2900 32.839409 32.839409 32.839409 0.990280 0.990280 0.990280
2910 32.839409 32.839409 32.839409 0.990280 0.990280 0.990280
2920 32.839409 32.839409 32.839409 0.990280 0.990280 0.990280
2930 32.839409 32.839409 32.839409 0.990280 0.990280 0.990280
2940 32.839409 32.839409 32.839409 0.990280 0.990280 0.990280
2950 32.839409 32.839409 32.839409 0.990280 0.990280 0.990280
2960 32.839409 32.839409 32.839409 0.990280 0.990280 0.990280
2970 32.839409 32.839409 32.839409 0.990280 0.990280 0.990280
2980 32.839409 32.839409 32.839409 0.990280 0.990280 0.990280
2990 32.839409 32.839409 32.839409 0.990280 0.990280 0.990280
3000 32.839409 32.839409 32.839409 0.990280 0.990280 0.990280
3010 32.839409 32.839409 32.839409 0.990280 0.990280 0.990280
3020 32.839409 32.839409 32.839409 0.990280 0.990280 0.990280
3030 32.839409 32.839409 32.839409 0.990280 0.990280 0.990280
3040 32.839409 32.839409 32.839409 0.990280 0.990280 0.990280
3050 32.839409 32.839409 32.839409 0.990280 0.990280 0.990280
3060 32.839409 32.839409 32.839409 0.990280 0.990280 0.990280
3070 32.839409 32.839409 32.839409 0.990280 0.990280 0.990280
3080 32.839409 32.839409 32.839409 0.990280 0.990280 0.990280
3090 32.839409 32.839409 32.839409 0.990280 0.990280 0.990280
3100 32.839409 32.839409 32.839409 0.990280 0.990280 0.990280
3110 32.839409 32.839409 32.839409 0.990280 0.990280 0.990280
3120 32.839409 32.839409 32.839409 0.990280 0.990280 0.990280
3130 32.839409 32.839409 32.839409 0.990280 0.990280 0.990280
3140 32.839409 32.839409 32.839409 0.990280 0.990280 0.990280
3150 32.839409 32.839409 32.839409 0.990280 0.990280 0.990280
3160 32.839409 32.839409 32.839409 0.990280 0.990280 0.990280
3170 32.839409 32.839409 32.839409 0.990280 0.990280 0.990280
3180 32.839409 32.839409 32.839409 0.990280 0.990280 0.990280
3190 32.839409 32.839409 32.839409 0.990280 0.990280 0.990280
3200 32.839409 32.839409 32.839409 0.990280 0.990280 0.990280
3210 32.839409 32.839409 32.839409 0.990280 0.990280 0.990280
3220 32.839409 32.839409 32.839409 0.990280 0.990280 0.990280
3230 32.839409 32.839409 32.839409 0.990280 0.990280 0.990280
3240 32.839409 32.839409 32.839409 0.990280 0.990280 0.990280
3250 32.839409 32.839409 32.839409 0.990280 0.990280 0.990280
3260 32.839409 32.839409 32.839409 0.990280 0.990280 0.990280
3270 32.839409 32.839409 32.839409 0.990280 0.990280 0.990280
3280 32.839409 32.839409 32.839409 0.990280 0.990280 0.990280
3290 32.839409 32.839409 32.839409 0.990280 0.990280 0.990280
3300 32.839409 32.839409 32.839409 0.990280 0.990280 0.990280
3310 32.839409 32.839409 32.839409 0.990280 0.990280 0.990280
3320 32.839409 32.839409 32.839409 0.990280 0.990280 0.990280
3330 32.839409 32.839409 32.839409 0.990280 0.990280 0.990280
3340 32.839409 32.839409 32.839409 0.990280 0.990280 0.990280
3350 32.839409 32.839409 32.839409 0.990280 0.990280 0.990280
3360 32.839409 32.839409 32.839409 0.990280 0.990280 0.990280
3370 32.839409 32.839409 32.839409 0.990280 0.990280 0.990280
3380 32.839409 32.839409 32.839409 0.990280 0.990280 0.990280
3390 32.839409 32.839409 32.839409 0.990280 0.990280 0.990280
3400 32.839409 32.839409 32.839409 0.990280 0.990280 0.990280
3410 32.839409 32.839409 32.839409 0.990280 0.990280 0.990280
3420 32.839409 32.839409 32.839409 0.990280 0.990280 0.990280
3430 32.839409 32.839409 32.839409 0.990280 0.990280 0.990280
3440 32.839409 32.839409 32.839409 0.990280 0.990280 0.990280
3450 32.839409 32.839409 32.839409 0.990280 0.990280 0.990280
3460 32.839409 32.839409 32.839409 0.990280 0.990280 0.990280
3470 32.839409 32.839409 32.839409 0.990280 0.990280 0.990280
3480 32.839409 32.839409 32.839409 0.990280 0.990280 0.990280
3490 32.839409 32.839409 32.839409 0.990280 0.990280 0.990280
3500 32.839409 32.839409 32.839409 0.990280 0.990280 0.990280
3510 32.839409 32.839409 32.839409 0.990280 0.990280 0.990280
3520 32.839409 32.839409 32.839409 0.990280 0.990280 0.990280
3530 32.839409 32.839409 32.839409 0.990280 0.990280 0.990280
3540 32.839409 32.839409 32.839409 0.990280 0.990280 0.990280
3550 32.839409 32.839409 32.839409 0.990280 0.990280 0.990280
3560 32.839409 32.839409 32.839409 0.990280 0.990280 0.990280
3570 32.839409 32.839409 32.839409 0.990280 0.990280 0.990280
3580 32.839409 32.839409 32.839409 0.990280 0.990280 0.990280
3590 32.839409 32.839409 32.839409 0.990280 0.990280 0.990280
3600 32.839409 32.839409 32.839409 0.990280 0.990280 0.990280
3610 32.839409 32.839409 32.839409 0.990280 0.990280 0.990280
3620 32.839409 32.839409 32.839409 0.990280 0.990280 0.990280
3630 32.839409 32.839409 32.839409 0.990280 0.990280 0.990280
3640 32.839409 32.839409 32.839409 0.990280 0.990280 0.990280
3650 32.839409 32.839409 32.839409 0.990280 0.990280 0.990280
3660 32.839409 32.839409 32.839409 0.990280 0.990280 0.990280
3670 32.839409 32.839409 32.839409 0.990280 0.990280 0.990280
3680 32.839409 32.839409 32.839409 0.990280 0.990280 0.990280
3690 32.839409 32.839409 32.839409 0.990280 0.990280 0.990280
3700 32.839409 32.839409 32.839409 0.990280 0.990280 0.990280
3710 32.839409 32.839409 32.839409 0.990280 0.990280 0.990280
3720 32.839409 32.839409 32.839409 0.990280 0.990280 0.990280
3730 32.839409 32.839409 32.839409 0.990280 0.990280 0.990280
3740 32.839409 32.839409 32.839409 0.990280 0.990280 0.990280
3750 32.839409 32.839409 32.839409 0.990280 0.990280 0.990280
3760 32.839409 32.839409 32.839409 0.990280 0.990280 0.990280
3770 32.839409 32.839409 32.839409 0.990280 0.990280 0.990280
3780 32.839409 32.839409 32.839409 0.990280 0.990280 0.990280
3790 32.839409 32.839409 32.839409 0.990280 0.990280 0.990280
3800 32.839409 32.839409 32.839409 0.990280 0.990280 0.990280
3810 32.839409 32.839409 32.839409 0.990280 0.990280 0.990280
3820 32.839409 32.839409 32.839409 0.990280 0.990280 0.990280
3830 32.839409 32.839409 32.839409 0.990280 0.990280 0.990280
3840 32.839409 32.839409 32.839409 0.990280 0.990280 0.990280
3850 32.839409 32.839409 32.839409 0.990280 0.990280 0.990280
3860 32.839409 32.839409 32.839409 0.990280 0.990280 0.990280
3870 32.839409 32.839409 32.839409 0.990280 0.990280 0.990280
3880 32.839409 32.839409 32.839409 0.990280 0.990280 0.990280
3890 32.839409 32.839409 32.839409 0.990280 0.990280 0.990280
3900 32.839409 32.839409 32.839409 0.990280 0.990280 0.990280
3910 32.839409 32.839409 32.839409 0.990280 0.990280 0.990280
3920 32.839409 32.839409 32.839409 0.990280 0.990280 0.990280
3930 32.839409 32.839409 32.839409 0.990280 0.990280 0.990280
3940 32.839409 32.839409 32.839409 0.990280 0.990280 0.990280
3950 32.839409 32.839409 32.839409 0.990280 0.990280 0.990280
3960 32.839409 32.839409 32.839409 0.990280 0.990280 0.990280
3970 32.839409 32.839409 32.839409 0.990280 0.990280 0.990280
3980 32.839409 32.839409 32.839409 0.990280 0.990280 0.990280
3990 32.839409 32.839409 32.839409 0.990280 0.990280 0.990280
4000 32.839409 32.839409 32.839409 0.990280 0.990280 0.990280
4010 32.839409 32.839409 32.839409 0.990280 0.990280 0.990280
4020 32.839409 32.839409 32.839409 0.990280 0.990280 0.990280
4030 32.839409 32.839409 32.839409 0.990280 0.990280 0.990280
4040 32.839409 32.839409 32.839409 0.990280 0.990280 0.990280
4050 32.839409 32.839409 32.839409 0.990280 0.990280 0.990280
4060 32.839409 32.839409 32.839409 0.990280 0.990280 0.990280
4070 32.839409 32.839409 32.839409 0.990280 0.990280 0.990280
4080 32.839409 32.839409 32.839409 0.990280 0.990280 0.990280
4090 32.839409 32.839409 32.839409 0.990280 0.990280 0.990280
4100 32.839409 32.839409 32.839409 0.990280 0.990280 0.990280
4110 32.839409 32.839409 32.839409 0.990280 0.990280 0.990280
4120 32.839409 32.839409 32.839409 0.990280 0.990280 0.990280
4130 32.839409 32.839409 32.839409 0.990280 0.990280 0.990280
4140 32.839409 32.839409 32.839409 0.990280 0.990280 0.990280
4150 32.839409 32.839409 32.839409 0.990280 0.990280 0.990280
4160 32.839409 32.839409 32.839409 0.990280 0.990280 0.990280
4170 32.839409 32.839409 32.839409 0.990280 0.990280 0.990280
4180 32.839409 32.839409 32.839409 0.990280 0.990280 0.990280
4190 32.839409 32.839409 32.839409 0.990280 0.990280 0.990280
4200 32.839409 32.839409 32.839409 0.990280 0.990280 0.990280
4210 32.839409 32.839409 32.839409 0.990280 0.990280 0.990280
4220 32.839409 32.839409 32.839409 0.990280 0.990280 0.990280
4230 32.839409 32.839409 32.839409 0.990280 0.990280 0.990280
4240 32.839409 32.839409 32.839409 0.990280 0.990280 0.990280
4250 32.839409 32.839409 32.839409 0.990280 0.990280 0.990280
4260 32.839409 32.839409 32.839409 0.990280 0.990280 0.990280
4270 32.839409 32.839409 32.839409 0.990280 0.990280 0.990280
4280 32.839409 32.839409 32.839409 0.990280 0.990280 0.990280
4290 32.839409 32.839409 32.839409 0.990280 0.990280 0.990280
4300 32.839409 32.839409 32.839409 0.990280 0.990280 0.990280
4310 32.839409 32.839409 32.839409 0.990280 0.990280 0.990280
4320 32.839409 32.839409 32.839409 0.990280 0.990280 0.990280
4330 32.839409 32.839409 32.839409 0.990280 0.990280 0.990280
4340 32.839409 32.839409 32.839409 0.990280 0.990280 0.990280
4350 32.839409 32.839409 32.839409 0.990280 0.990280 0.990280
4360 32.839409 32.839409 32.839409 0.990280 0.990280 0.990280
4370 32.839409 32.839409 32.839409 0.990280 0.990280 0.990280
4380 32.839409 32.839409 32.839409 0.990280 0.990280 0.990280
4390 32.839409 32.839409 32.839409 0.990280 0.990280 0.990280
4400 32.839409 32.839409 32.839409 0.990280 0.990280 0.990280
4410 32.839409 32.839409 32.839409 0.990280 0.990280 0.990280
4420 32.839409 32.839409 32.839409 0.990280 0.990280 0.990280
4430 32.839409 32.839409 32.839409 0.990280 0.990280 0.990280
4440 32.839409 32.839409 32.839409 0.990280 0.990280 0.990280
4450 32.839409 32.839409 32.839409 0.990280 0.990280 0.990280
4460 32.839409 32.839409 32.839409 0.990280 0.990280 0.990280
4470 32.839409 32.839409 32.839409 0.990280 0.990280 0.990280
4480 32.839409 32.839409 32.839409 0.990280 0.990280 0.990280
4490 32.839409 32.839409 32.839409 0.990280 0.990280 0.990280
4500 32.839409 32.839409 32.839409 0.990280 0.990280 0.990280
4510 32.839409 32.839409 32.839409 0.990280 0.990280 0.990280
4520 32.839409 32.839409 32.839409 0.990280 0.990280 0.990280
4530 32.839409 32.839409 32.839409 0.990280 0.990280 0.990280
4540 32.839409 32.839409 32.839409 0.990280 0.990280 0.990280
4550 32.839409 32.839409 32.839409 0.990280 0.990280 0.990280
4560 32.839409 32.839409 32.839409 0.990280 0.990280 0.990280
4570 32.839409 32.839409 32.839409 0.990280 0.990280 0.990280
4580 32.839409 32.839409 32.839409 0.990280 0.990280 0.990280
4590 32.839409 32.839409 32.839409 0.990280 0.990280 0.990280
4600 32.839409 32.839409 32.839409 0.990280 0.990280 0.990280
4610 32.839409 32.839409 32.839409 0.990280 0.990280 0.990280
4620 32.839409 32.839409 32.839409 0.990280 0.990280 0.990280
4630 32.839409 32.839409 32.839409 0.990280 0.990280 0.990280
4640 32.839409 32.839409 32.839409 0.990280 0.990280 0.990280
4650 32.839409 32.839409 32.839409 0.990280 0.990280 0.990280
4660 32.839409 32.839409 32.839409 0.990280 0.990280 0.990280
4670 32.839409 32.839409 32.839409 0.990280 0.990280 0.990280
4680 32.839409 32.839409 32.839409 0.990280 0.990280 0.990280
4690 32.839409 32.839409 32.839409 0.990280 0.990280 0.990280
4700 32.839409 32.839409 32.839409 0.990280 0.990280 0.990280
4710 32.839409 32.839409 32.839409 0.990280 0.990280 0.990280
4720 32.839409 32.839409 32.839409 0.990280 0.990280 0.990280
4730 32.839409 32.839409 32.839409 0.990280 0.990280 0.990280
4740 32.839409 32.839409 32.839409 0.990280 0.990280 0.990280
4750 32.839409 32.839409 32.839409 0.990280 0.990280 0.990280
4760 32.839409 32.839409 32.839409 0.990280 0.990280 0.990280
4770 32.839409 32.839409 32.839409 0.990280 0.990280 0.990280
4780 32.839409 32.839409 32.839409 0.990280 0.990280 0.990280
4790 32.839409 32.839409 32.839409 0.990280 0.990280 0.990280
4800 32.839409 32.839409 32.839409 0.990280 0.990280 0.990280
4810 32.839409 32.839409 32.839409 0.990280 0.990280 0.990280
4820 32.839409 32.839409 32.839409 0.990280 0.990280 0.990280
4830 32.839409 32.839409 32.839409 0.990280 0.990280 0.990280
4840 32.839409 32.839409 32.839409 0.990280 0.990280 0.990280
4850 32.839409 32.839409 32.839409 0.990280 0.990280 0.990280
4860 32.839409 32.839409 32.839409 0.990280 0.990280 0.990280
4870 32.839409 32.839409 32.839409 0.990280 0.990280 0.990280
4880 32.839409 32.839409 32.839409 0.990280 0.990280 0.990280
4890 32.839409 32.839409 32.839409 0.990280 0.990280 0.990280
4900 32.839409 32.839409 32.839409 0.990280 0.990280 0.990280
4910 32.839409 32.839409 32.839409 0.990280 0.990280 0.990280
4920 32.839409 32.839409 32.839409 0.990280 0.990280 0.990280
4930 32.839409 32.839409 32.839409 0.990280 0.990280 0.990280
4940 32.839409 32.839409 32.839409 0.990280 0.990280 0.990280
4950 32.839409 32.839409 32.839409 0.990280 0.990280 0.990280
4960 32.839409 32.839409 32.839409 0.990280 0.990280 0.990280
4970 32.839409 32.839409 32.839409 0.990280 0.990280 0.990280
4980 32.839409 32.839409 32.839409 0.990280 0.990280 0.990280
4990 32.839409 32.839409 32.839409 0.990280 0.990280 0.990280
5000 32.839409 32.839409 32.839409 0.990280 0.990280 0.990280
5010 32.839409 32.839409 32.839409 0.990280 0.990280 0.990280
5020 32.839409 32.839409 32.839409 0.990280 0.990280 0.990280
5030 32.839409 32.839409 32.839409 0.990280 0.990280 0.990280
5040 32.839409 32.839409 32.839409 0.990280 0.990280 0.990280
5050 32.839409 32.839409 32.839409 0.990280 0.990280 0.990280
5060 32.839409 32.839409 32.839409 0.990280 0.990280 0.990280
5070 32.839409 32.839409 32.839409 0.990280 0.990280 0.990280
5080 32.839409 32.839409 32.839409 0.990280 0.990280 0.990280
5090 32.839409 32.839409 32.839409 0.990280 0.990280 0.990280
5100 32.839409 32.839409 32.839409 0.990280 0.990280 0.990280
5110 32.839409 32.839409 32.839409 0.990280 0.990280 0.990280
5120 32.839409 32.839409 32.839409 0.990280 0.990280 0.990280
5130 32.839409 32.839409 32.839409 0.990280 0.990280 0.990280
5140 32.839409 32.839409 32.839409 0.990280 0.990280 0.990280
5150 32.839409 32.839409 32.839409 0.990280 0.990280 0.990280
5160 32.839409 32.839409 32.839409 0.990280 0.990280 0.990280
5170 32.839409 32.839409 32.839409 0.990280 0.990280 0.990280
5180 32.839409 32.839409 32.839409 0.990280 0.990280 0.990280
5190 32.839409 32.839409 32.839409 0.990280 0.990280 0.990280
5200 32.839409 32.839409 32.839409 0.990280 0.990280 0.990280
5210 32.839409 32.839409 32.839409 0.990280 0.990280 0.990280
5220 32.839409 32.839409 32.839409 0.990280 0.990280 0.990280
5230 32.839409 32.839409 32.839409 0.990280 0.990280 0.990280
5240 32.839409 32.839409 32.839409 0.990280 0.990280 0.990280
5250 32.839409 32.839409 32.839409 0.990280 0.990280 0.990280
5260 32.839409 32.839409 32.839409 0.990280 0.990280 0.990280
5270 32.839409 32.839409 32.839409 0.990280 0.990280 0.990280
5280 32.839409 32.839409 32.839409 0.990280 0.990280 0.990280
5290 32.839409 32.839409 32.839409 0.990280 0.990280 0.990280
5300 32.839409 32.839409 32.839409 0.990280 0.990280 0.990280
5310 32.839409 32.839409 32.839409 0.990280 0.990280 0.990280
5320 32.839409 32.839409 32.839409 0.990280 0.990280 0.990280
5330 32.839409 32.839409 32.839409 0.990280 0.990280 0.990280
5340 32.839409 32.839409 32.839409 0.990280 0.990280 0.990280
5350 32.839409 32.839409 32.839409 0.990280 0.990280 0.990280
5360 32.839409 32.839409 32.839409 0.990280 0.990280 0.990280
5370 32.839409 32.839409 32.839409 0.990280 0.990280 0.990280
5380 32.839409 32.839409 32.839409 0.990280 0.990280 0.990280
5390 32.839409 32.839409 32.839409 0.990280 0.990280 0.990280
5400 32.839409 32.839409 32.839409 0.990280 0.990280 0.990280
5410 32.839409 32.839409 32.839409 0.990280 0.990280 0.990280
5420 32.839409 32.839409 32.839409 0.990280 0.990280 0.990280
5430 32.839409 32.839409 32.839409 0.990280 0.990280 0.990280
5440 32.839409 32.839409 32.839409 0.990280 0.990280 0.990280
5450 32.839409 32.839409 32.839409 0.990280 0.990280 0.990280
5460 32.839409 32.839409 32.839409 0.990280 0.990280 0.990280
5470 32.839409 32.839409 32.839409 0.990280 0.990280 0.990280
5480 32.839409 32.839409 32.839409 0.990280 0.990280 0.990280
5490 32.839409 32.839409 32.839409 0.990280 0.990280 0.990280
5500 32.839409 32.839409 32.839409 0.990280 0.990280 0.990280
5510 32.839409 32.839409 32.839409 0.990280 0.990280 0.990280
5520 32.839409 32.839409 32.839409 0.990280 0.990280 0.990280
5530 32.839409 32.839409 32.839409 0.990280 0.990280 0.990280
5540 32.839409 32.839409 32.839409 0.990280 0.990280 0.990280
5550 32.839409 32.839409 32.839409 0.990280 0.990280 0.990280
5560 32.839409 32.839409 32.839409 0.990280 0.990280 0.990280
5570 32.839409 32.839409 32.839409 0.990280 0.990280 0.990280
5580 32.839409 32.839409 32.839409 0.990280 0.990280 0.990280
5590 32.839409 32.839409 32.839409 0.990280 0.990280 0.990280
5600 32.839409 32.839409 32.839409 0.990280 0.990280 0.990280
5610 32.839409 32.839409 32.839409 0.990280 0.990280 0.990280
5620 32.839409 32.839409 32.839409 0.990280 0.990280 0.990280
5630 32.839409 32.839409 32.839409 0.990280 0.990280 0.990280
5640 32.839409 32.839409 32.839409 0.990280 0.990280 0.990280
5650 32.839409 32.839409 32.839409 0.990280 0.990280 0.990280
5660 32.839409 32.839409 32.839409 0.990280 0.990280 0.990280
5670 32.839409 32.839409 32.839409 0.990280 0.990280 0.990280
5680 32.839409 32.839409 32.839409 0.990280 0.990280 0.990280
5690 32.839409 32.839409 32.839409 0.990280 0.990280 0.990280
5700 32.839409 32.839409 32.839409 0.990280 0.990280 0.990280
5710 32.839409 32.839409 32.839409 0.990280 0.990280 0.990280
5720 32.839409 32.839409 32.839409 0.990280 0.990280 0.990280
5730 32.839409 32.839409 32.839409 0.990280 0.990280 0.990280
5740 32.839409 32.839409 32.839409 0.990280 0.990280 0.990280
5750 32.839409 32.839409 32.839409 0.990280 0.990280 0.990280
5760 32.839409 32.839409 32.839409 0.990280 0.990280 0.990280
5770 32.839409 32.839409 32.839409 0.990280 0.990280 0.990280
5780 32.839409 32.839409 32.839409 0.990280 0.990280 0.990280
5790 32.839409 32.839409 32.839409 0.990280 0.990280 0.990280
5800 32.839409 32.839409 32.839409 0.990280 0.990280 0.990280
5810 32.839409 32.839409 32.839409 0.990280 0.990280 0.990280
5820 32.839409 32.839409 32.839409 0.990280 0.990280 0.990280
5830 32.839409 32.839409 32.839409 0.990280 0.990280 0.990280
5840 32.839409 32.839409 32.839409 0.990280 0.990280 0.990280
5850 32.839409 32.839409 32.839409 0.990280 0.990280 0.990280
5860 32.839409 32.839409 32.839409 0.990280 0.990280 0.990280
5870 32.839409 32.839409 32.839409 0.990280 0.990280 0.990280
5880 32.839409 32.839409 32.839409 0.990280 0.990280 0.990280
5890 32.839409 32.839409 32.839409 0.990280 0.990280 0.990280
5900 32.839409 32.839409 32.839409 0.990280 0.990280 0.990280
5910 32.839409 32.839409 32.839409 0.990280 0.990280 0.990280
5920 32.839409 32.839409 32.839409 0.990280 0.990280 0.990280
5930 32.839409 32.839409 32.839409 0.990280 0.990280 0.990280
5940 32.839409 32.839409 32.839409 0.990280 0.990280 0.990280
5950 32.839409 32.839409 32.839409 0.990280 0.990280 0.990280
5960 32.839409 32.839409 32.839409 0.990280 0.990280 0.990280
5970 32.839409 32.839409 32.839409 0.990280 0.990280 0.990280
5980 32.839409 32.839409 32.839409 0.990280 0.990280 0.990280
5990 32.839409 32.839409 32.839409 0.990280 0.990280 0.990280
6000 32.839409 32.839409 32.839409 0.990280 0.990280 0.990280
6010 32.839409 32.839409 32.839409 0.990280 0.990280 0.990280
6020 32.839409 32.839409 32.839409 0.990280 0.990280 0.990280
6030 32.839409 32.839409 32.839409 0.990280 0.990280 0.990280
6040 32.839409 32.839409 32.839409 0.990280 0.990280 0.990280
6050 32.839409 32.839409 32.839409 0.990280 0.990280 0.990280
6060 32.839409 32.839409 32.839409 0.990280 0.990280 0.990280
6070 32.839409 32.839409 32.839409 0.990280 0.990280 0.990280
6080 32.839409 32.839409 32.839409 0.990280 0.990280 0.990280
6090 32.839409 32.839409 32.839409 0.990280 0.990280 0.990280
6100 32.839409 32.839409 32.839409 0.990280 0.990280 0.990280
6110 32.839409 32.839409 32.839409 0.990280 0.990280 0.990280
6120 32.839409 32.839409 32.839409 0.990280 0.990280 0.990280
6130 32.839409 32.839409 32.839409 0.990280 0.990280 0.990280
6140 32.839409 32.839409 32.839409 0.990280 0.990280 0.990280
6150 32.839409 32.839409 32.839409 0.990280 0.990280 0.990280
6160 32.839409 32.839409 32.839409 0.990280 0.990280 0.990280
6170 32.839409 32.839409 32.839409 0.990280 0.990280 0.990280
6180 32.839409 32.839409 32.839409 0.990280 0.990280 0.990280
6190 32.839409 32.839409 32.839409 0.990280 0.990280 0.990280
6200 32.839409 32.839409 32.839409 0.990280 0.990280 0.990280
6210 32.839409 32.839409 32.839409 0.990280 0.990280 0.990280
6220 32.839409 32.839409 32.839409 0.990280 0.990280 0.990280
6230 32.839409 32.839409 32.839409 0.990280 0.990280 0.990280
6240 32.839409 32.839409 32.839409 0.990280 0.990280 0.990280
6250 32.839409 32.839409 32.839409 0.990280 0.990280 0.990280
6260 32.839409 32.839409 32.839409 0.990280 0.990280 0.990280
6270 32.839409 32.839409 32.839409 0.990280 0.990280 0.990280
6280 32.839409 32.839409 32.839409 0.990280 0.990280 0.990280
6290 32.839409 32.839409 32.839409 0.990280 0.990280 0.990280
6300 32.839409 32.839409 32.839409 0.990280 0.990280 0.990280
6310 32.839409 32.839409 32.839409 0.990280 0.990280 0.990280
6320 32.839409 32.839409 32.839409 0.990280 0.990280 0.990280
6330 32.839409 32.839409 32.839409 0.990280 0.990280 0.990280
6340 32.839409 32.839409 32.839409 0.990280 0.990280 0.990280
6350 32.839409 32.839409 32.839409 0.990280 0.990280 0.990280
6360 32.839409 32.839409 32.839409 0.990280 0.990280 0.990280
6370 32.839409 32.839409 32.839409 0.990280 0.990280 0.990280
6380 32.839409 32.839409 32.839409 0.990280 0.990280 0.990280
6390 32.839409 32.839409 32.839409 0.990280 0.990280 0.990280
6400 32.839409 32.839409 32.839409 0.990280 0.990280 0.990280
6410 32.839409 32.839409 32.839409 0.990280 0.990280 0.990280
6420 32.839409 32.839409 32.839409 0.990280 0.990280 0.990280
6430 32.839409 32.839409 32.839409 0.990280 0.990280 0.990280
6440 32.839409 32.839409 32.839409 0.990280 0.990280 0.990280
6450 32.839409 32.839409 32.839409 0.990280 0.990280 0.990280
6460 32.839409 32.839409 32.839409 0.990280 0.990280 0.990280
6470 32.839409 32.839409 32.839409 0.990280 0.990280 0.990280
6480 32.839409 32.839409 32.839409 0.990280 0.990280 0.990280
6490 32.839409 32.839409 32.839409 0.990280 0.990280 0.990280
6500 32.839409 32.839409 32.839409 0.990280 0.990280 0.990280
6510 32.839409 32.839409 32.839409 0.990280 0.990280 0.990280
6520 32.839409 32.839409 32.839409 0.990280 0.990280 0.990280
6530 32.839409 32.839409 32.839409 0.990280 0.990280 0.990280
6540 32.839409 32.839409 32.839409 0.990280 0.990280 0.990280
6550 32.839409 32.839409 32.839409 0.990280 0.990280 0.990280
6560 32.839409 32.839409 32.839409 0.990280 0.990280 0.990280
6570 32.839409 32.839409 32.839409 0.990280 0.990280 0.990280
6580 32.839409 32.839409 32.839409 0.990280 0.990280 0.990280
6590 32.839409 32.839409 32.839409 0.990280 0.990280 0.990280
6600 32.839409 32.839409 32.839409 0.990280 0.990280 0.990280
6610 32.839409 32.839409 32.839409 0.990280 0.990280 0.990280
6620 32.839409 32.839409 32.839409 0.990280 0.990280 0.990280
6630 32.839409 32.839409 32.839409 0.990280 0.990280 0.990280
6640 32.839409 32.839409 32.839409 0.990280 0.990280 0.990280
6650 32.839409 32.839409 32.839409 0.990280 0.990280 0.990280
6660 32.839409 32.839409 32.839409 0.990280 0.990280 0.990280
6670 32.839409 32.839409 32.839409 0.990280 0.990280 0.990280
6680 32.839409 32.839409 32.839409 0.990280 0.990280 0.990280
6690 32.839409 32.839409 32.839409 0.990280 0.990280 0.990280
6700 32.839409 32.839409 32.839409 0.990280 0.990280 0.990280
6710 32.839409 32.839409 32.839409 0.990280 0.990280 0.990280
6720 32.839409 32.839409 32.839409 0.990280 0.990280 0.990280
6730 32.839409 32.839409 32.839409 0.990280 0.990280 0.990280
6740 32.839409 32.839409 32.839409 0.990280 0.990280 0.990280
6750 32.839409 32.839409 32.839409 0.990280 0.990280 0.990280
6760 32.839409 32.839409 32.839409 0.990280 0.990280 0.990280
6770 32.839409 32.839409 32.839409 0.990280 0.990280 0.990280
6780 32.839409 32.839409 32.839409 0.990280 0.990280 0.990280
6790 32.839409 32.839409 32.839409 0.990280 0.990280 0.990280
6800 32.839409 32.839409 32.839409 0.990280 0.990280 0.990280
6810 32.839409 32.839409 32.839409 0.990280 0.990280 0.990280
6820 32.839409 32.839409 32.839409 0.990280 0.990280 0.990280
6830 32.839409 32.839409 32.839409 0.990280 0.990280 0.990280
6840 32.839409 32.839409 32.839409 0.990280 0.990280 0.990280
6850 32.839409 32.839409 32.839409 0.990280 0.990280 0.990280
6860 32.839409 32.839409 32.839409 0.990280 0.990280 0.990280
6870 32.839409 32.839409 32.839409 0.990280 0.990280 0.990280
6880 32.839409 32.839409 32.839409 0.990280 0.990280 0.990280
6890 32.839409 32.839409 32.839409 0.990280 0.990280 0.990280
6900 32.839409 32.839409 32.839409 0.990280 0.990280 0.990280
6910 32.839409 32.839409 32.839409 0.990280 0.990280 0.990280
6920 32.839409 32.839409 32.839409 0.990280 0.990280 0.990280
6930 32.839409 32.839409 32.839409 0.990280 0.990280 0.990280
6940 32.839409 32.839409 32.839409 0.990280 0.990280 0.990280
6950 32.839409 32.839409 32.839409 0.990280 0.990280 0.990280
6960 32.839409 32.839409 32.839409 0.990280 0.990280 0.990280
6970 32.839409 32.839409 32.839409 0.990280 0.990280 0.990280
6980 32.839409 32.839409 32.839409 0.990280 0.990280 0.990280
6990 32.839409 32.839409 32.839409 0.990280 0.990280 0.990280
7000 32.839409 32.839409 32.839409 0.990280 0.990280 0.990280
7010 32.839409 32.839409 32.839409 0.990280 0.990280 0.990280
7020 32.839409 32.839409 32.839409 0.990280 0.990280 0.990280
7030 32.839409 32.839409 32.839409 0.990280 0.990280 0.990280
7040 32.839409 32.839409 32.839409 0.990280 0.990280 0.990280
7050 32.839409 32.839409 32.839409 0.990280 0.990280 0.990280
7060 32.839409 32.839409 32.839409 0.990280 0.990280 0.990280
7070 32.839409 32.839409 32.839409 0.990280 0.990280 0.990280
7080 32.839409 32.839409 32.839409 0.990280 0.990280 0.990280
7090 32.839409 32.839409 32.839409 0.990280 0.990280 0.990280
7100 32.839409 32.839409 32.839409 0.990280 0.990280 0.990280
7110 32.839409 32.839409 32.839409 0.990280 0.990280 0.990280
7120 32.839409 32.839409 32.839409 0.990280 0.990280 0.990280
7130 32.839409 32.839409 32.839409 0.990280 0.990280 0.990280
7140 32.839409 32.839409 32.839409 0.990280 0.990280 0.990280
7150 32.839409 32.839409 32.839409 0.990280 0.990280 0.990280
7160 32.839409 32.839409 32.839409 0.990280 0.990280 0.990280
7170 32.839409 32.839409 32.839409 0.990280 0.990280 0.990280
7180 32.839409 32.839409 32.839409 0.990280 0.990280 0.990280
7190 32.839409 32.839409 32.839409 0.990280 0.990280 0.990280
7200 32.839409 32.839409 32.839409 0.990280 0.990280 0.990280
7210 32.839409 32.839409 32.839409 0.990280 0.990280 0.990280
7220 32.839409 32.839409 32.839409 0.990280 0.990280 0.990280
7230 32.839409 32.839409 32.839409 0.990280 0.990280 0.990280
7240 32.839409 32.839409 32.839409 0.990280 0.990280 0.990280
7250 32.839409 32.839409 32.839409 0.990280 0.990280 0.990280
7260 32.839409 32.839409 32.839409 0.990280 0.990280 0.990280
7270 32.839409 32.839409 32.839409 0.990280 0.990280 0.990280
7280 32.839409 32.839409 32.839409 0.990280 0.990280 0.990280
7290 32.839409 32.839409 32.839409 0.990280 0.990280 0.990280
7300 32.839409 32.839409 32.839409 0.990280 0.990280 0.990280
7310 32.839409 32.839409 32.839409 0.990280 0.990280 0.990280
7320 32.839409 32.839409 32.839409 0.990280 0.990280 0.990280
7330 32.839409 32.839409 32.839409 0.990280 0.990280 0.990280
7340 32.839409 32.839409 32.839409 0.990280 0.990280 0.990280
7350 32.839409 32.839409 32.839409 0.990280 0.990280 0.990280
7360 32.839409 32.839409 32.839409 0.990280 0.990280 0.990280
7370 32.839409 32.839409 32.839409 0.990280 0.990280 0.990280
7380 32.839409 32.839409 32.839409 0.990280 0.990280 0.990280
7390 32.839409 32.839409 32.839409 0.990280 0.990280 0.990280
7400 32.839409 32.839409 32.839409 0.990280 0.990280 0.990280
7410 32.839409 32.839409 32.839409 0.990280 0.990280 0.990280
7420 32.839409 32.839409 32.839409 0.990280 0.990280 0.990280
7430 32.839409 32.839409 32.839409 0.990280 0.990280 0.990280
7440 32.839409 32.839409 32.839409 0.990280 0.990280 0.990280
7450 32.839409 32.839409 32.839409 0.990280 0.990280 0.990280
7460 32.839409 32.839409 32.839409 0.990280 0.990280 0.990280
7470 32.839409 32.839409 32.839409 0.990280 0.990280 0.990280
7480 32.839409 32.839409 32.839409 0.990280 0.990280 0.990280
7490 32.839409 32.839409 32.839409 0.990280 0.990280 0.990280
7500 32.839409 32.839409 32.839409 0.990280 0.990280 0.990280
7510 32.839409 32.839409 32.839409 0.990280 0.990280 0.990280
7520 32.839409 32.839409 32.839409 0.990280 0.990280 0.990280
7530 32.839409 32.839409 32.839409 0.990280 0.990280 0.990280
7540 32.839409 32.839409 32.839409 0.990280 0.990280 0.990280
7550 32.839409 32.839409 32.839409 0.990280 0.990280 0.990280
7560 32.839409 32.839409 32.839409 0.990280 0.990280 0.990280
7570 32.839409 32.839409 32.839409 0.990280 0.990280 0.990280
7580 32.839409 32.839409 32.839409 0.990280 0.990280 0.990280
7590 32.839409 32.839409 32.839409 0.990280 0.990280 0.990280
7600 32.839409 32.839409 32.839409 0.990280 0.990280 0.990280
7610 32.839409 32.839409 32.839409 0.990280 0.990280 0.990280
7620 32.839409 32.839409 32.839409 0.990280 0.990280 0.990280
7630 32.839409 32.839409 32.839409 0.990280 0.990280 0.990280
7640 32.839409 32.839409 32.839409 0.990280 0.990280 0.990280
7650 32.839409 32.839409 32.839409 0.990280 0.990280 0.990280
7660 32.839409 32.839409 32.839409 0.990280 0.990280 0.990280
7670 32.839409 32.839409 32.839409 0.990280 0.990280 0.990280
7680 32.839409 32.839409 32.839409 0.990280 0.990280 0.990280
7690 32.839409 32.839409 32.839409 0.990280 0.990280 0.990280
7700 32.839409 32.839409 32.839409 0.990280 0.990280 0.990280
7710 32.839409 32.839409 32.839409 0.990280 0.990280 0.990280
7720 32.839409 32.839409 32.839409 0.990280 0.990280 0.990280
7730 32.839409 32.839409 32.839409 0.990280 0.990280 0.990280
7740 32.839409 32.839409 32.839409 0.990280 0.990280 0.990280
7750 32.839409 32.839409 32.839409 0.990280 0.990280 0.990280
7760 32.839409 32.839409 32.839409 0.990280 0.990280 0.990280
7770 32.839409 32.839409 32.839409 0.990280 0.990280 0.990280
7780 32.839409 32.839409 32.839409 0.990280 0.990280 0.990280
7790 32.839409 32.839409 32.839409 0.990280 0.990280 0.990280
7800 32.839409 32.839409 32.839409 0.990280 0.990280 0.990280
7810 32.839409 32.839409 32.839409 0.990280 0.990280 0.990280
7820 32.839409 32.839409 32.839409 0.990280 0.990280 0.990280
7830 32.839409 32.839409 32.839409 0.990280 0.990280 0.990280
7840 32.839409 32.839409 32.839409 0.990280 0.990280 0.990280
7850 32.839409 32.839409 32.839409 0.990280 0.990280 0.990280
7860 32.839409 32.839409 32.839409 0.990280 0.990280 0.990280
7870 32.839409 32.839409 32.839409 0.990280 0.990280 0.990280
7880 32.839409 32.839409 32.839409 0.990280 0.990280 0.990280
7890 32.839409 32.839409 32.839409 0.990280 0.990280 0.990280
7900 32.839409 32.839409 32.839409 0.990280 0.990280 0.990280
7910 32.839409 32.839409 32.839409 0.990280 0.990280 0.990280
7920 32.839409 32.839409 32.839409 0.990280 0.990280 0.990280
7930 32.839409 32.839409 32.839409 0.990280 0.990280 0.990280
7940 32.839409 32.839409 32.839409 0.990280 0.990280 0.990280
7950 32.839409 32.839409 32.839409 0.990280 0.990280 0.990280
7960 32.839409 32.839409 32.839409 0.990280 0.990280 0.990280
7970 32.839409 32.839409 32.839409 0.990280 0.990280 0.990280
7980 32.839409 32.839409 32.839409 0.990280 0.990280 0.990280
7990 32.839409 32.839409 32.839409 0.990280 0.990280 0.990280
8000 32.839409 32.839409 32.839409 0.990280 0.990280 0.990280
8010 32.839409 32.839409 32.839409 0.990280 0.990280 0.990280
8020 32.839409 32.839409 32.839409 0.990280 0.990280 0.990280
8030 32.839409 32.839409 32.839409 0.990280 0.990280 0.990280
8040 32.839409 32.839409 32.839409 0.990280 0.990280 0.990280
8050 32.839409 32.839409 32.839409 0.990280 0.990280 0.990280
8060 32.839409 32.839409 32.839409 0.990280 0.990280 0.990280
8070 32.839409 32.839409 32.839409 0.990280 0.990280 0.990280
8080 32.839409 32.839409 32.839409 0.990280 0.990280 0.990280
8090 32.839409 32.839409 32.839409 0.990280 0.990280 0.990280
8100 32.839409 32.839409 32.839409 0.990280 0.990280 0.990280
8110 32.839409 32.839409 32.839409 0.990280 0.990280 0.990280
8120 32.839409 32.839409 32.839409 0.990280 0.990280 0.990280
8130 32.839409 32.839409 32.839409 0.990280 0.990280 0.990280
8140 32.839409 32.839409 32.839409 0.990280 0.990280 0.990280
8150 32.839409 32.839409 32.839409 0.990280 0.990280 0.990280
8160 32.839409 32.839409 32.839409 0.990280 0.990280 0.990280
8170 32.839409 32.839409 32.839409 0.990280 0.990280 0.990280
8180 32.839409 32.839409 32.839409 0.990280 0.990280 0.990280
8190 32.839409 32.839409 32.839409 0.990280 0.990280 0.990280
8200 32.839409 32.839409 32.839409 0.990280 0.990280 0.990280
8210 32.839409 32.839409 32.839409 0.990280 0.990280 0.990280
8220 32.839409 32.839409 32.839409 0.990280 0.990280 0.990280
8230 32.839409 32.839409 32.839409 0.990280 0.990280 0.990280
8240 32.839409 32.839409 32.839409 0.990280 0.990280 0.990280
8250 32.839409 32.839409 32.839409 0.990280 0.990280 0.990280
8260 32.839409 32.839409 32.839409 0.990280 0.990280 0.990280
8270 32.839409 32.839409 32.839409 0.990280 0.990280 0.990280
8280 32.839409 32.839409 32.839409 0.990280 0.990280 0.990280
8290 32.839409 32.839409 32.839409 0.990280 0.990280 0.990280
8300 32.839409 32.839409 32.839409 0.990280 0.990280 0.990280
8310 32.839409 32.839409 32.839409 0.990280 0.990280 0.990280
8320 32.839409 32.839409 32.839409 0.990280 0.990280 0.990280
8330 32.839409 32.839409 32.839409 0.990280 0.990280 0.990280
8340 32.839409 32.839409 32.839409 0.990280 0.990280 0.990280
8350 32.839409 32.839409 32.839409 0.990280 0.990280 0.990280
8360 32.839409 32.839409 32.839409 0.990280 0.990280 0.990280
8370 32.839409 32.839409 32.839409 0.990280 0.990280 0.990280
8380 32.839409 32.839409 32.839409 0.990280 0.990280 0.990280
8390 32.839409 32.839409 32.839409 0.990280 0.990280 0.990280
8400 32.839409 32.839409 32.839409 0.990280 0.990280 0.990280
8410 32.839409 32.839409 32.839409 0.990280 0.990280 0.990280
8420 32.839409 32.839409 32.839409 0.990280 0.990280 0.990280
8430 32.839409 32.839409 32.839409 0.990280 0.990280 0.990280
8440 32.839409 32.839409 32.839409 0.990280 0.990280 0.990280
8450 32.839409 32.839409 32.839409 0.990280 0.990280 0.990280
8460 32.839409 32.839409 32.839409 0.990280 0.990280 0.990280
8470 32.839409 32.839409 32.839409 0.990280 0.990280 0.990280
8480 32.839409 32.839409 32.839409 0.990280 0.990280 0.990280
8490 32.839409 32.839409 32.839409 0.990280 0.990280 0.990280
8500 32.839409 32.839409 32.839409 0.990280 0.990280 0.990280
8510 32.839409 32.839409 32.839409 0.990280 0.990280 0.990280
8520 32.839409 32.839409 32.839409 0.990280 0.990280 0.990280
8530 32.839409 32.839409 32.839409 0.990280 0.990280 0.990280
8540 32.839409 32.839409 32.839409 0.990280 0.990280 0.990280
8550 32.839409 32.839409 32.839409 0.990280 0.990280 0.990280
8560 32.839409 32.839409 32.839409 0.990280 0.990280 0.990280
8570 32.839409 32.839409 32.839409 0.990280 0.990280 0.990280
8580 32.839409 32.839409 32.839409 0.990280 0.990280 0.990280
8590 32.839409 32.839409 32.839409 0.990280 0.990280 0.990280
8600 32.839409 32.839409 32.839409 0.990280 0.990280 0.990280
8610 32.839409 32.839409 32.839409 0.990280 0.990280 0.990280
8620 32.839409 32.839409 32.839409 0.990280 0.990280 0.990280
8630 32.839409 32.839409 32.839409 0.990280 0.990280 0.990280
8640 32.839409 32.839409 32.839409 0.990280 0.990280 0.990280
8650 32.839409 32.839409 32.839409 0.990280 0.990280 0.990280
8660 32.839409 32.839409 32.839409 0.990280 0.990280 0.990280
8670 32.839409 32.839409 32.839409 0.990280 0.990280 0.990280
8680 32.839409 32.839409 32.839409 0.990280 0.990280 0.990280
8690 32.839409 32.839409 32.839409 0.990280 0.990280 0.990280
8700 32.839409 32.839409 32.839409 0.990280 0.990280 0.990280
8710 32.839409 32.839409 32.839409 0.990280 0.990280 0.990280
8720 32.839409 32.839409 32.839409 0.990280 0.990280 0.990280
8730 32.839409 32.839409 32.839409 0.990280 0.990280 0.990280
8740 32.839409 32.839409 32.839409 0.990280 0.990280 0.990280
8750 32.839409 32.839409 32.839409 0.990280 0.990280 0.990280
8760 32.839409 32.839409 32.839409 0.990280 0.990280 0.990280
8770 32.839409 32.839409 32.839409 0.990280 0.990280 0.990280
8780 32.839409 32.839409 32.839409 0.990280 0.990280 0.990280
8790 32.839409 32.839409 32.839409 0.990280 0.990280 0.990280
8800 32.839409 32.839409 32.839409 0.990280 0.990280 0.990280
8810 32.839409 32.839409 32.839409 0.990280 0.990280 0.990280
8820 32.839409 32.839409 32.839409 0.990280 0.990280 0.990280
8830 32.839409 32.839409 32.839409 0.990280 0.990280 0.990280
8840 32.839409 32.839409 32.839409 0.990280 0.990280 0.990280
8850 32.839409 32.839409 32.839409 0.990280 0.990280 0.990280
8860 32.839409 32.839409 32.839409 0.990280 0.990280 0.990280
8870 32.839409 32.839409 32.839409 0.990280 0.990280 0.990280
8880 32.839409 32.839409 32.839409 0.990280 0.990280 0.990280
8890 32.839409 32.839409 32.839409 0.990280 0.990280 0.990280
8900 32.839409 32.839409 32.839409 0.990280 0.990280 0.990280
8910 32.839409 32.839409 32.839409 0.990280 0.990280 0.990280
8920 32.839409 32.839409 32.839409 0.990280 0.990280 0.990280
8930 32.839409 32.839409 32.839409 0.990280 0.990280 0.990280
8940 32.839409 32.839409 32.839409 0.990280 0.990280 0.990280
8950 32.839409 32.839409 32.839409 0.990280 0.990280 0.990280
8960 32.839409 32.839409 32.839409 0.990280 0.990280 0.990280
8970 32.839409 32.839409 32.839409 0.990280 0.990280 0.990280
8980 32.839409 32.839409 32.839409 0.990280 0.990280 0.990280
8990 32.839409 32.839409 32.839409 0.990280 0.990280 0.990280
9000 32.839409 32.839409 32.839409 0.990280 0.990280 0.990280
9010 32.839409 32.839409 32.839409 0.990280 0.990280 0.990280
9020 32.839409 32.839409 32.839409 0.990280 0.990280 0.990280
9030 32.839409 32.839409 32.839409 0.990280 0.990280 0.990280
9040 32.839409 32.839409 32.839409 0.990280 0.990280 0.990280
9050 32.839409 32.839409 32.839409 0.990280 0.990280 0.990280
9060 32.839409 32.839409 32.839409 0.990280 0.990280 0.990280
9070 32.839409 32.839409 32.839409 0.990280 0.990280 0.990280
9080 32.839409 32.839409 32.839409 0.990280 0.990280 0.990280
9090 32.839409 32.839409 32.839409 0.990280 0.990280 0.990280
9100 32.839409 32.839409 32.839409 0.990280 0.990280 0.990280
9110 32.839409 32.839409 32.839409 0.990280 0.990280 0.990280
9120 32.839409 32.839409 32.839409 0.990280 0.990280 0.990280
9130 32.839409 32.839409 32.839409 0.990280 0.990280 0.990280
9140 32.839409 32.839409 32.839409 0.990280 0.990280 0.990280
9150 32.839409 32.839409 32.839409 0.990280 0.990280 0.990280
9160 32.839409 32.839409 32.839409 0.990280 0.990280 0.990280
9170 32.839409 32.839409 32.839409 0.990280 0.990280 0.990280
9180 32.839409 32.839409 32.839409 0.990280 0.990280 0.990280
9190 32.839409 32.839409 32.839409 0.990280 0.990280 0.990280
9200 32.839409 32.839409 32.839409 0.990280 0.990280 0.990280
9210 32.839409 32.839409 32.839409 0.990280 0.990280 0.990280
9220 32.839409 32.839409 32.839409 0.990280 0.990280 0.990280
9230 32.839409 32.839409 32.839409 0.990280 0.990280 0.990280
9240 32.839409 32.839409 32.839409 0.990280 0.990280 0.990280
9250 32.839409 32.839409 32.839409 0.990280 0.990280 0.990280
9260 32.839409 32.839409 32.839409 0.990280 0.990280 0.990280
9270 32.839409 32.839409 32.839409 0.990280 0.990280 0.990280
9280 32.839409 32.839409 32.839409 0.990280 0.990280 0.990280
9290 32.839409 32.839409 32.839409 0.990280 0.990280 0.990280
9300 32.839409 32.839409 32.839409 0.990280 0.990280 0.990280
9310 32.839409 32.839409 32.839409 0.990280 0.990280 0.990280
9320 32.839409 32.839409 32.839409 0.990280 0.990280 0.990280
9330 32.839409 32.839409 32.839409 0.990280 0.990280 0.990280
9340 32.839409 32.839409 32.839409 0.990280 0.990280 0.990280
9350 32.839409 32.839409 32.839409 0.990280 0.990280 0.990280
9360 32.839409 32.839409 32.839409 0.990280 0.990280 0.990280
9370 32.839409 32.839409 32.839409 0.990280 0.990280 0.990280
9380 32.839409 32.839409 32.839409 0.990280 0.990280 0.990280
9390 32.839409 32.839409 32.839409 0.990280 0.990280 0.990280
9400 32.839409 32.839409 32.839409 0.990280 0.990280 0.990280
9410 32.839409 32.839409 32.839409 0.990280 0.990280 0.990280
9420 32.839409 32.839409 32.839409 0.990280 0.990280 0.990280
9430 32.839409 32.839409 32.839409 0.990280 0.990280 0.990280
9440 32.839409 32.839409 32.839409 0.990280 0.990280 0.990280
9450 32.839409 32.839409 32.839409 0.990280 0.990280 0.990280
9460 32.839409 32.839409 32.839409 0.990280 0.990280 0.990280
9470 32.839409 32.839409 32.839409 0.990280 0.990280 0.990280
9480 32.839409 32.839409 32.839409 0.990280 0.990280 0.990280
9490 32.839409 32.839409 32.839409 0.990280 0.990280 0.990280
9500 32.839409 32.839409 32.839409 0.990280 0.990280 0.990280
9510 32.839409 32.839409 32.839409 0.990280 0.990280 0.990280
9520 32.839409 32.839409 32.839409 0.990280 0.990280 0.990280
9530 32.839409 32.839409 32.839409 0.990280 0.990280 0.990280
9540 32.839409 32.839409 32.839409 0.990280 0.990280 0.990280
9550 32.839409 32.839409 32.839409 0.990280 0.990280 0.990280
9560 32.839409 32.839409 32.839409 0.990280 0.990280 0.990280
9570 32.839409 32.839409 32.839409 0.990280 0.990280 0.990280
9580 32.839409 32.839409 32.839409 0.990280 0.990280 0.990280
9590 32.839409 32.839409 32.839409 0.990280 0.990280 0.990280
9600 32.839409 32.839409 32.839409 0.990280 0.990280 0.990280
9610 32.839409 32.839409 32.839409 0.990280 0.990280 0.990280
9620 32.839409 32.839409 32.839409 0.990280 0.990280 0.990280
9630 32.839409 32.839409 32.839409 0.990280 0.990280 0.990280
9640 32.839409 32.839409 32.839409 0.990280 0.990280 0.990280
9650 32.839409 32.839409 32.839409 0.990280 0.990280 0.990280
9660 32.839409 32.839409 32.839409 0.990280 0.990280 0.990280
9670 32.839409 32.839409 32.839409 0.990280 0.990280 0.990280
9680 32.839409 32.839409 32.839409 0.990280 0.990280 0.990280
9690 32.839409 32.839409 32.839409 0.990280 0.990280 0.990280
9700 32.839409 32.839409 32.839409 0.990280 0.990280 0.990280
9710 32.839409 32.839409 32.839409 0.990280 0.990280 0.990280
9720 32.839409 32.839409 32.839409 0.990280 0.990280 0.990280
9730 32.839409 32.839409 32.839409 0.990280 0.990280 0.990280
9740 32.839409 32.839409 32.839409 0.990280 0.990280 0.990280
9750 32.839409 32.839409 32.839409 0.990280 0.990280 0.990280
9760 32.839409 32.839409 32.839409 0.990280 0.990280 0.990280
9770 32.839409 32.839409 32.839409 0.990280 0.990280 0.990280
9780 32.839409 32.839409 32.839409 0.990280 0.990280 0.990280
9790 32.839409 32.839409 32.839409 0.990280 0.990280 0.990280
9800 32.839409 32.839409 32.839409 0.990280 0.990280 0.990280
9810 32.839409 32.839409 32.839409 0.990280 0.990280 0.990280
9820 32.839409 32.839409 32.839409 0.990280 0.990280 0.990280
9830 32.839409 32.839409 32.839409 0.990280 0.990280 0.990280
9840 32.839409 32.839409 32.839409 0.990280 0.990280 0.990280
9850 32.839409 32.839409 32.839409 0.990280 0.990280 0.990280
9860 32.839409 32.839409 32.839409 0.990280 0.990280 0.990280
9870 32.839409 32.839409 32.839409 0.990280 0.990280 0.990280
9880 32.839409 32.839409 32.839409 0.990280 0.990280 0.990280
9890 32.839409 32.839409 32.839409 0.990280 0.990280 0.990280
9900 32.839409 32.839409 32.839409 0.990280 0.990280 0.990280
9910 32.839409 32.839409 32.839409 0.990280 0.990280 0.990280
9920 32.839409 32.839409 32.839409 0.990280 0.990280 0.990280
9930 32.839409 32.839409 32.839409 0.990280 0.990280 0.990280
9940 32.839409 32.839409 32.839409 0.990280 0.990280 0.990280
9950 32.839409 32.839409 32.839409 0.990280 0.990280 0.990280
9960 32.839409 32.839409 32.839409 0.990280 0.990280 0.990280
9970 32.839409 32.839409 32.839409 0.990280 0.990280 0.990280
9980 32.839409 32.839409 32.839409 0.990280 0.990280 0.990280
9990 32.839409 32.839409 32.839409 0.990280 0.990280 0.990280
10000 32.839409 32.839409 32.839409 0.990280 0.990280 0.990280
