# generation power_min power_avg power_max util_min util_avg util_max
1 32.329339 32.329339 32.329339 1.104800 1.423333 1.499902
10 31.077504 16.699097 31.077504 0.960497 1.388480 1.499902
20 29.885136 16.699097 29.885136 0.960497 1.355860 1.499902
30 24.749482 16.165799 24.749482 0.934403 1.319693 1.499902
40 19.545188 16.448760 19.545188 0.892896 1.283123 1.499902
50 19.545188 16.487650 19.545188 0.892896 1.247044 1.499902
60 19.031074 16.115273 19.031074 0.892896 1.203039 1.499902
70 19.031074 15.971409 19.031074 0.892896 1.165582 1.498450
80 19.031074 15.927325 19.031074 0.892896 1.128101 1.498450
90 19.031074 15.584084 19.031074 0.833965 1.088308 1.464491
100 13.376338 15.481935 19.031074 0.792076 1.052509 1.290098
110 13.376338 15.196430 19.031074 0.792076 1.027498 1.290098
120 12.814333 15.030065 17.567153 0.792076 1.007744 1.194873
130 17.567153 14.994222 17.567153 0.792076 0.992565 1.179093
140 16.851151 14.813536 16.851151 0.774776 0.979667 1.179093
150 12.321500 14.695216 16.851151 0.774776 0.966985 1.145534
160 12.321500 14.447982 16.318753 0.774776 0.957064 1.145534
170 11.910062 14.124400 15.931115 0.774776 0.949895 1.083600
180 15.632501 13.961596 15.632501 0.774776 0.948270 1.055087
190 15.208227 13.669413 15.208227 0.774776 0.942448 1.055087
200 11.573996 13.417629 14.847437 0.774776 0.937522 1.055087
210 11.573996 13.188953 14.480359 0.768106 0.931366 1.055087
220 11.271237 12.942862 14.223238 0.768106 0.927620 1.055087
230 10.214086 12.709714 13.974238 0.768106 0.924530 1.055087
240 10.214086 12.492716 13.775313 0.768106 0.923098 1.055087
250 10.214086 12.257623 13.540080 0.768106 0.920500 1.055087
260 10.020278 12.056145 13.222955 0.768106 0.916680 1.055087
270 10.004756 11.870195 13.035594 0.768106 0.913622 1.055087
280 10.004756 11.710344 12.767037 0.768106 0.910569 1.055087
290 10.004756 11.556295 12.575223 0.768106 0.908069 1.043010
300 9.906498 11.382740 12.349054 0.708849 0.905314 1.043010
310 9.906498 11.204335 12.158039 0.708849 0.901426 1.043010
320 9.358370 11.038298 11.939149 0.708849 0.897806 1.023255
330 9.358370 10.881223 11.766154 0.708849 0.900803 1.010669
340 9.358370 10.757678 11.622131 0.708849 0.901002 1.011847
350 9.147287 10.585437 11.433694 0.708849 0.902683 1.011847
360 8.819773 10.407831 11.293595 0.767575 0.899295 1.011847
370 8.782941 10.256492 11.137702 0.767575 0.897083 1.011847
380 8.782941 10.110022 10.969874 0.767575 0.897292 1.015630
390 8.647173 9.958706 10.779728 0.767575 0.894096 1.015630
400 8.647173 9.806085 10.635545 0.767575 0.897392 1.015630
410 8.626573 9.643241 10.509525 0.764595 0.897155 1.015630
420 8.626573 9.512672 10.348294 0.764595 0.893597 1.015630
430 8.432522 9.392484 10.102877 0.764595 0.890188 1.018909
440 8.432522 9.274053 9.906498 0.764595 0.889566 1.018909
450 8.279468 9.153706 9.817697 0.746877 0.885234 1.018909
460 8.150305 9.047474 9.638724 0.746877 0.880089 1.018909
470 8.150305 8.935908 9.529577 0.703603 0.875534 1.018909
480 9.358370 8.849897 9.358370 0.703603 0.867474 1.018909
490 9.250760 8.767874 9.250760 0.703603 0.856919 1.018909
500 7.949297 8.678614 9.184596 0.703603 0.848999 1.018909
510 7.582421 8.581638 9.080407 0.703603 0.846619 1.018909
520 7.490983 8.482740 8.993436 0.703603 0.841803 1.004305
530 7.341304 8.388309 8.876146 0.703603 0.836771 1.016086
540 7.267895 8.287307 8.768376 0.703603 0.833320 1.016086
550 7.267895 8.187744 8.645457 0.703603 0.833889 1.016086
560 7.267895 8.096043 8.574215 0.703603 0.837216 1.016086
570 7.098960 7.998992 8.530836 0.703603 0.837364 1.016086
580 7.098960 7.918844 8.456705 0.688089 0.840908 1.016086
590 7.098960 7.807236 8.311315 0.688089 0.842170 1.016086
600 7.042186 7.711307 8.235600 0.688089 0.841874 1.016086
610 6.739086 7.617271 8.122491 0.688089 0.833008 1.016086
620 6.739086 7.544683 8.002486 0.688089 0.832233 1.016086
630 6.739086 7.465849 7.924146 0.688089 0.823842 1.016086
640 6.739086 7.397113 7.857238 0.705199 0.820866 0.999643
650 6.739086 7.321029 7.771908 0.705199 0.815510 0.999643
660 6.739086 7.244460 7.640357 0.705199 0.807384 0.987682
670 6.739086 7.175599 7.582421 0.708697 0.805210 0.987682
680 6.698092 7.108189 7.476329 0.685805 0.798429 0.987682
690 6.653257 7.049334 7.357386 0.664131 0.792517 0.956011
700 6.447699 6.989073 7.289911 0.664131 0.789916 0.956011
710 6.447699 6.936141 7.206765 0.664131 0.789752 0.897678
720 6.435092 6.889881 7.143933 0.664131 0.790485 0.890746
730 6.383292 6.840071 7.113650 0.664131 0.789268 0.890746
740 6.298214 6.789257 7.045603 0.664131 0.789577 0.890746
750 6.298214 6.743353 7.009574 0.664131 0.788329 0.890746
760 6.298214 6.697329 6.978562 0.664131 0.786530 0.890746
770 6.294203 6.650841 6.885801 0.664131 0.784625 0.890746
780 6.273381 6.613871 6.830050 0.664131 0.780348 0.890746
790 6.193225 6.577617 6.786794 0.664131 0.774492 0.890746
800 6.193225 6.543213 6.739086 0.664131 0.776246 0.890746
810 6.159617 6.508073 6.709365 0.664131 0.775400 0.890746
820 6.159617 6.472442 6.668855 0.664131 0.775660 0.890746
830 6.159617 6.442142 6.644175 0.697276 0.776784 0.855807
840 6.076440 6.408794 6.610926 0.697276 0.777591 0.855807
850 6.076440 6.373327 6.570148 0.697276 0.778316 0.855807
860 6.076440 6.338728 6.551110 0.697276 0.777392 0.855807
870 6.065509 6.302326 6.532066 0.697276 0.779488 0.852668
880 6.065509 6.270442 6.470704 0.710578 0.782495 0.852668
890 6.065509 6.243844 6.390695 0.713180 0.781904 0.843117
900 6.037953 6.221208 6.355266 0.725361 0.785614 0.843117
910 6.037953 6.203806 6.298214 0.727455 0.788338 0.843117
920 5.986403 6.182007 6.298214 0.724475 0.784986 0.843117
930 5.986403 6.160483 6.292470 0.684522 0.782548 0.843117
940 5.986403 6.141571 6.252799 0.684522 0.778147 0.843117
950 5.986403 6.124489 6.221832 0.684522 0.778009 0.843117
960 5.976152 6.110532 6.190319 0.684522 0.779004 0.843117
970 5.976152 6.095613 6.187480 0.684522 0.777549 0.843117
980 5.976152 6.082724 6.159617 0.684522 0.774256 0.843117
990 5.976152 6.068557 6.159617 0.684522 0.767210 0.843117
1000 5.910833 6.054369 6.138919 0.665430 0.761109 0.843117
1010 5.910833 6.041597 6.134900 0.665430 0.752088 0.843117
1020 5.910833 6.032841 6.073601 0.665430 0.746979 0.790334
1030 5.910833 6.025423 6.067856 0.665430 0.746396 0.778334
1040 5.910833 6.018918 6.054628 0.665430 0.742548 0.778334
1050 5.910833 6.010904 6.051722 0.665430 0.735649 0.778334
1060 5.910833 6.000732 6.051722 0.665430 0.727066 0.778334
1070 5.910833 5.989893 6.048883 0.665430 0.718541 0.778334
1080 5.910833 5.979111 6.048883 0.665430 0.710090 0.778334
1090 5.910833 5.970814 6.037953 0.665430 0.703315 0.778334
1100 5.910833 5.959980 6.005376 0.665430 0.698591 0.724475
1110 5.910833 5.952089 5.986403 0.665430 0.697717 0.724475
1120 5.910833 5.945288 5.986403 0.665430 0.692403 0.724475
1130 5.910833 5.939242 5.986403 0.665430 0.687680 0.724475
1140 5.910833 5.931685 5.986403 0.665430 0.681775 0.724475
1150 5.910833 5.924128 5.986403 0.665430 0.675871 0.724475
1160 5.910833 5.916571 5.986403 0.665430 0.669966 0.724475
1170 5.910833 5.910833 5.910833 0.665430 0.665430 0.665430
1180 5.910833 5.910833 5.910833 0.665430 0.665430 0.665430
1190 5.910833 5.910833 5.910833 0.665430 0.665430 0.665430
1200 5.910833 5.910833 5.910833 0.665430 0.665430 0.665430
1210 5.910833 5.910833 5.910833 0.665430 0.665430 0.665430
1220 5.910833 5.910833 5.910833 0.665430 0.665430 0.665430
1230 5.910833 5.910833 5.910833 0.665430 0.665430 0.665430
1240 5.910833 5.910833 5.910833 0.665430 0.665430 0.665430
1250 5.910833 5.910833 5.910833 0.665430 0.665430 0.665430
1260 5.910833 5.910833 5.910833 0.665430 0.665430 0.665430
1270 5.910833 5.910833 5.910833 0.665430 0.665430 0.665430
1280 5.910833 5.910833 5.910833 0.665430 0.665430 0.665430
1290 5.910833 5.910833 5.910833 0.665430 0.665430 0.665430
1300 5.910833 5.910833 5.910833 0.665430 0.665430 0.665430
1310 5.910833 5.910833 5.910833 0.665430 0.665430 0.665430
1320 5.910833 5.910833 5.910833 0.665430 0.665430 0.665430
1330 5.910833 5.910833 5.910833 0.665430 0.665430 0.665430
1340 5.910833 5.910833 5.910833 0.665430 0.665430 0.665430
1350 5.910833 5.910833 5.910833 0.665430 0.665430 0.665430
1360 5.910833 5.910833 5.910833 0.665430 0.665430 0.665430
1370 5.910833 5.910833 5.910833 0.665430 0.665430 0.665430
1380 5.910833 5.910833 5.910833 0.665430 0.665430 0.665430
1390 5.910833 5.910833 5.910833 0.665430 0.665430 0.665430
1400 5.910833 5.910833 5.910833 0.665430 0.665430 0.665430
1410 5.910833 5.910833 5.910833 0.665430 0.665430 0.665430
1420 5.910833 5.910833 5.910833 0.665430 0.665430 0.665430
1430 5.910833 5.910833 5.910833 0.665430 0.665430 0.665430
1440 5.910833 5.910833 5.910833 0.665430 0.665430 0.665430
1450 5.910833 5.910833 5.910833 0.665430 0.665430 0.665430
1460 5.910833 5.910833 5.910833 0.665430 0.665430 0.665430
1470 5.910833 5.910833 5.910833 0.665430 0.665430 0.665430
1480 5.910833 5.910833 5.910833 0.665430 0.665430 0.665430
1490 5.910833 5.910833 5.910833 0.665430 0.665430 0.665430
1500 5.910833 5.910833 5.910833 0.665430 0.665430 0.665430
1510 5.910833 5.910833 5.910833 0.665430 0.665430 0.665430
1520 5.910833 5.910833 5.910833 0.665430 0.665430 0.665430
1530 5.910833 5.910833 5.910833 0.665430 0.665430 0.665430
1540 5.910833 5.910833 5.910833 0.665430 0.665430 0.665430
1550 5.910833 5.910833 5.910833 0.665430 0.665430 0.665430
1560 5.910833 5.910833 5.910833 0.665430 0.665430 0.665430
1570 5.910833 5.910833 5.910833 0.665430 0.665430 0.665430
1580 5.910833 5.910833 5.910833 0.665430 0.665430 0.665430
1590 5.910833 5.910833 5.910833 0.665430 0.665430 0.665430
1600 5.910833 5.910833 5.910833 0.665430 0.665430 0.665430
1610 5.910833 5.910833 5.910833 0.665430 0.665430 0.665430
1620 5.910833 5.910833 5.910833 0.665430 0.665430 0.665430
1630 5.910833 5.910833 5.910833 0.665430 0.665430 0.665430
1640 5.910833 5.910833 5.910833 0.665430 0.665430 0.665430
1650 5.910833 5.910833 5.910833 0.665430 0.665430 0.665430
1660 5.910833 5.910833 5.910833 0.665430 0.665430 0.665430
1670 5.910833 5.910833 5.910833 0.665430 0.665430 0.665430
1680 5.910833 5.910833 5.910833 0.665430 0.665430 0.665430
1690 5.910833 5.910833 5.910833 0.665430 0.665430 0.665430
1700 5.910833 5.910833 5.910833 0.665430 0.665430 0.665430
1710 5.910833 5.910833 5.910833 0.665430 0.665430 0.665430
1720 5.910833 5.910833 5.910833 0.665430 0.665430 0.665430
1730 5.910833 5.910833 5.910833 0.665430 0.665430 0.665430
1740 5.910833 5.910833 5.910833 0.665430 0.665430 0.665430
1750 5.910833 5.910833 5.910833 0.665430 0.665430 0.665430
1760 5.910833 5.910833 5.910833 0.665430 0.665430 0.665430
1770 5.910833 5.910833 5.910833 0.665430 0.665430 0.665430
1780 5.910833 5.910833 5.910833 0.665430 0.665430 0.665430
1790 5.910833 5.910833 5.910833 0.665430 0.665430 0.665430
1800 5.910833 5.910833 5.910833 0.665430 0.665430 0.665430
1810 5.910833 5.910833 5.910833 0.665430 0.665430 0.665430
1820 5.910833 5.910833 5.910833 0.665430 0.665430 0.665430
1830 5.910833 5.910833 5.910833 0.665430 0.665430 0.665430
1840 5.910833 5.910833 5.910833 0.665430 0.665430 0.665430
1850 5.910833 5.910833 5.910833 0.665430 0.665430 0.665430
1860 5.910833 5.910833 5.910833 0.665430 0.665430 0.665430
1870 5.910833 5.910833 5.910833 0.665430 0.665430 0.665430
1880 5.910833 5.910833 5.910833 0.665430 0.665430 0.665430
1890 5.910833 5.910833 5.910833 0.665430 0.665430 0.665430
1900 5.910833 5.910833 5.910833 0.665430 0.665430 0.665430
1910 5.910833 5.910833 5.910833 0.665430 0.665430 0.665430
1920 5.910833 5.910833 5.910833 0.665430 0.665430 0.665430
1930 5.910833 5.910833 5.910833 0.665430 0.665430 0.665430
1940 5.910833 5.910833 5.910833 0.665430 0.665430 0.665430
1950 5.910833 5.910833 5.910833 0.665430 0.665430 0.665430
1960 5.910833 5.910833 5.910833 0.665430 0.665430 0.665430
1970 5.910833 5.910833 5.910833 0.665430 0.665430 0.665430
1980 5.910833 5.910833 5.910833 0.665430 0.665430 0.665430
1990 5.910833 5.910833 5.910833 0.665430 0.665430 0.665430
2000 5.910833 5.910833 5.910833 0.665430 0.665430 0.665430
2010 5.910833 5.910833 5.910833 0.665430 0.665430 0.665430
2020 5.910833 5.910833 5.910833 0.665430 0.665430 0.665430
2030 5.910833 5.910833 5.910833 0.665430 0.665430 0.665430
2040 5.910833 5.910833 5.910833 0.665430 0.665430 0.665430
2050 5.910833 5.910833 5.910833 0.665430 0.665430 0.665430
2060 5.910833 5.910833 5.910833 0.665430 0.665430 0.665430
2070 5.910833 5.910833 5.910833 0.665430 0.665430 0.665430
2080 5.910833 5.910833 5.910833 0.665430 0.665430 0.665430
2090 5.910833 5.910833 5.910833 0.665430 0.665430 0.665430
2100 5.910833 5.910833 5.910833 0.665430 0.665430 0.665430
2110 5.910833 5.910833 5.910833 0.665430 0.665430 0.665430
2120 5.910833 5.910833 5.910833 0.665430 0.665430 0.665430
2130 5.910833 5.910833 5.910833 0.665430 0.665430 0.665430
2140 5.910833 5.910833 5.910833 0.665430 0.665430 0.665430
2150 5.910833 5.910833 5.910833 0.665430 0.665430 0.665430
2160 5.910833 5.910833 5.910833 0.665430 0.665430 0.665430
2170 5.910833 5.910833 5.910833 0.665430 0.665430 0.665430
2180 5.910833 5.910833 5.910833 0.665430 0.665430 0.665430
2190 5.910833 5.910833 5.910833 0.665430 0.665430 0.665430
2200 5.910833 5.910833 5.910833 0.665430 0.665430 0.665430
2210 5.910833 5.910833 5.910833 0.665430 0.665430 0.665430
2220 5.910833 5.910833 5.910833 0.665430 0.665430 0.665430
2230 5.910833 5.910833 5.910833 0.665430 0.665430 0.665430
2240 5.910833 5.910833 5.910833 0.665430 0.665430 0.665430
2250 5.910833 5.910833 5.910833 0.665430 0.665430 0.665430
2260 5.910833 5.910833 5.910833 0.665430 0.665430 0.665430
2270 5.910833 5.910833 5.910833 0.665430 0.665430 0.665430
2280 5.910833 5.910833 5.910833 0.665430 0.665430 0.665430
2290 5.910833 5.910833 5.910833 0.665430 0.665430 0.665430
2300 5.910833 5.910833 5.910833 0.665430 0.665430 0.665430
2310 5.910833 5.910833 5.910833 0.665430 0.665430 0.665430
2320 5.910833 5.910833 5.910833 0.665430 0.665430 0.665430
2330 5.910833 5.910833 5.910833 0.665430 0.665430 0.665430
2340 5.910833 5.910833 5.910833 0.665430 0.665430 0.665430
2350 5.910833 5.910833 5.910833 0.665430 0.665430 0.665430
2360 5.910833 5.910833 5.910833 0.665430 0.665430 0.665430
2370 5.910833 5.910833 5.910833 0.665430 0.665430 0.665430
2380 5.910833 5.910833 5.910833 0.665430 0.665430 0.665430
2390 5.910833 5.910833 5.910833 0.665430 0.665430 0.665430
2400 5.910833 5.910833 5.910833 0.665430 0.665430 0.665430
2410 5.910833 5.910833 5.910833 0.665430 0.665430 0.665430
2420 5.910833 5.910833 5.910833 0.665430 0.665430 0.665430
2430 5.910833 5.910833 5.910833 0.665430 0.665430 0.665430
2440 5.910833 5.910833 5.910833 0.665430 0.665430 0.665430
2450 5.910833 5.910833 5.910833 0.665430 0.665430 0.665430
2460 5.910833 5.910833 5.910833 0.665430 0.665430 0.665430
2470 5.910833 5.910833 5.910833 0.665430 0.665430 0.665430
2480 5.910833 5.910833 5.910833 0.665430 0.665430 0.665430
2490 5.910833 5.910833 5.910833 0.665430 0.665430 0.665430
2500 5.910833 5.910833 5.910833 0.665430 0.665430 0.665430
2510 5.910833 5.910833 5.910833 0.665430 0.665430 0.665430
2520 5.910833 5.910833 5.910833 0.665430 0.665430 0.665430
2530 5.910833 5.910833 5.910833 0.665430 0.665430 0.665430
2540 5.910833 5.910833 5.910833 0.665430 0.665430 0.665430
2550 5.910833 5.910833 5.910833 0.665430 0.665430 0.665430
2560 5.910833 5.910833 5.910833 0.665430 0.665430 0.665430
2570 5.910833 5.910833 5.910833 0.665430 0.665430 0.665430
2580 5.910833 5.910833 5.910833 0.665430 0.665430 0.665430
2590 5.910833 5.910833 5.910833 0.665430 0.665430 0.665430
2600 5.910833 5.910833 5.910833 0.665430 0.665430 0.665430
2610 5.910833 5.910833 5.910833 0.665430 0.665430 0.665430
2620 5.910833 5.910833 5.910833 0.665430 0.665430 0.665430
2630 5.910833 5.910833 5.910833 0.665430 0.665430 0.665430
2640 5.910833 5.910833 5.910833 0.665430 0.665430 0.665430
2650 5.910833 5.910833 5.910833 0.665430 0.665430 0.665430
2660 5.910833 5.910833 5.910833 0.665430 0.665430 0.665430
2670 5.910833 5.910833 5.910833 0.665430 0.665430 0.665430
2680 5.910833 5.910833 5.910833 0.665430 0.665430 0.665430
2690 5.910833 5.910833 5.910833 0.665430 0.665430 0.665430
2700 5.910833 5.910833 5.910833 0.665430 0.665430 0.665430
2710 5.910833 5.910833 5.910833 0.665430 0.665430 0.665430
2720 5.910833 5.910833 5.910833 0.665430 0.665430 0.665430
2730 5.910833 5.910833 5.910833 0.665430 0.665430 0.665430
2740 5.910833 5.910833 5.910833 0.665430 0.665430 0.665430
2750 5.910833 5.910833 5.910833 0.665430 0.665430 0.665430
2760 5.910833 5.910833 5.910833 0.665430 0.665430 0.665430
2770 5.910833 5.910833 5.910833 0.665430 0.665430 0.665430
2780 5.910833 5.910833 5.910833 0.665430 0.665430 0.665430
2790 5.910833 5.910833 5.910833 0.665430 0.665430 0.665430
2800 5.910833 5.910833 5.910833 0.665430 0.665430 0.665430
2810 5.910833 5.910833 5.910833 0.665430 0.665430 0.665430
2820 5.910833 5.910833 5.910833 0.665430 0.665430 0.665430
2830 5.910833 5.910833 5.910833 0.665430 0.665430 0.665430
2840 5.910833 5.910833 5.910833 0.665430 0.665430 0.665430
2850 5.910833 5.910833 5.910833 0.665430 0.665430 0.665430
2860 5.910833 5.910833 5.910833 0.665430 0.665430 0.665430
2870 5.910833 5.910833 5.910833 0.665430 0.665430 0.665430
2880 5.910833 5.910833 5.910833 0.665430 0.665430 0.665430
2890 5.910833 5.910833 5.910833 0.665430 0.665430 0.665430
2900 5.910833 5.910833 5.910833 0.665430 0.665430 0.665430
2910 5.910833 5.910833 5.910833 0.665430 0.665430 0.665430
2920 5.910833 5.910833 5.910833 0.665430 0.665430 0.665430
2930 5.910833 5.910833 5.910833 0.665430 0.665430 0.665430
2940 5.910833 5.910833 5.910833 0.665430 0.665430 0.665430
2950 5.910833 5.910833 5.910833 0.665430 0.665430 0.665430
2960 5.910833 5.910833 5.910833 0.665430 0.665430 0.665430
2970 5.910833 5.910833 5.910833 0.665430 0.665430 0.665430
2980 5.910833 5.910833 5.910833 0.665430 0.665430 0.665430
2990 5.910833 5.910833 5.910833 0.665430 0.665430 0.665430
3000 5.910833 5.910833 5.910833 0.665430 0.665430 0.665430
3010 5.910833 5.910833 5.910833 0.665430 0.665430 0.665430
3020 5.910833 5.910833 5.910833 0.665430 0.665430 0.665430
3030 5.910833 5.910833 5.910833 0.665430 0.665430 0.665430
3040 5.910833 5.910833 5.910833 0.665430 0.665430 0.665430
3050 5.910833 5.910833 5.910833 0.665430 0.665430 0.665430
3060 5.910833 5.910833 5.910833 0.665430 0.665430 0.665430
3070 5.910833 5.910833 5.910833 0.665430 0.665430 0.665430
3080 5.910833 5.910833 5.910833 0.665430 0.665430 0.665430
3090 5.910833 5.910833 5.910833 0.665430 0.665430 0.665430
3100 5.910833 5.910833 5.910833 0.665430 0.665430 0.665430
3110 5.910833 5.910833 5.910833 0.665430 0.665430 0.665430
3120 5.910833 5.910833 5.910833 0.665430 0.665430 0.665430
3130 5.910833 5.910833 5.910833 0.665430 0.665430 0.665430
3140 5.910833 5.910833 5.910833 0.665430 0.665430 0.665430
3150 5.910833 5.910833 5.910833 0.665430 0.665430 0.665430
3160 5.910833 5.910833 5.910833 0.665430 0.665430 0.665430
3170 5.910833 5.910833 5.910833 0.665430 0.665430 0.665430
3180 5.910833 5.910833 5.910833 0.665430 0.665430 0.665430
3190 5.910833 5.910833 5.910833 0.665430 0.665430 0.665430
3200 5.910833 5.910833 5.910833 0.665430 0.665430 0.665430
3210 5.910833 5.910833 5.910833 0.665430 0.665430 0.665430
3220 5.910833 5.910833 5.910833 0.665430 0.665430 0.665430
3230 5.910833 5.910833 5.910833 0.665430 0.665430 0.665430
3240 5.910833 5.910833 5.910833 0.665430 0.665430 0.665430
3250 5.910833 5.910833 5.910833 0.665430 0.665430 0.665430
3260 5.910833 5.910833 5.910833 0.665430 0.665430 0.665430
3270 5.910833 5.910833 5.910833 0.665430 0.665430 0.665430
3280 5.910833 5.910833 5.910833 0.665430 0.665430 0.665430
3290 5.910833 5.910833 5.910833 0.665430 0.665430 0.665430
3300 5.910833 5.910833 5.910833 0.665430 0.665430 0.665430
3310 5.910833 5.910833 5.910833 0.665430 0.665430 0.665430
3320 5.910833 5.910833 5.910833 0.665430 0.665430 0.665430
3330 5.910833 5.910833 5.910833 0.665430 0.665430 0.665430
3340 5.910833 5.910833 5.910833 0.665430 0.665430 0.665430
3350 5.910833 5.910833 5.910833 0.665430 0.665430 0.665430
3360 5.910833 5.910833 5.910833 0.665430 0.665430 0.665430
3370 5.910833 5.910833 5.910833 0.665430 0.665430 0.665430
3380 5.910833 5.910833 5.910833 0.665430 0.665430 0.665430
3390 5.910833 5.910833 5.910833 0.665430 0.665430 0.665430
3400 5.910833 5.910833 5.910833 0.665430 0.665430 0.665430
3410 5.910833 5.910833 5.910833 0.665430 0.665430 0.665430
3420 5.910833 5.910833 5.910833 0.665430 0.665430 0.665430
3430 5.910833 5.910833 5.910833 0.665430 0.665430 0.665430
3440 5.910833 5.910833 5.910833 0.665430 0.665430 0.665430
3450 5.910833 5.910833 5.910833 0.665430 0.665430 0.665430
3460 5.910833 5.910833 5.910833 0.665430 0.665430 0.665430
3470 5.910833 5.910833 5.910833 0.665430 0.665430 0.665430
3480 5.910833 5.910833 5.910833 0.665430 0.665430 0.665430
3490 5.910833 5.910833 5.910833 0.665430 0.665430 0.665430
3500 5.910833 5.910833 5.910833 0.665430 0.665430 0.665430
3510 5.910833 5.910833 5.910833 0.665430 0.665430 0.665430
3520 5.910833 5.910833 5.910833 0.665430 0.665430 0.665430
3530 5.910833 5.910833 5.910833 0.665430 0.665430 0.665430
3540 5.910833 5.910833 5.910833 0.665430 0.665430 0.665430
3550 5.910833 5.910833 5.910833 0.665430 0.665430 0.665430
3560 5.910833 5.910833 5.910833 0.665430 0.665430 0.665430
3570 5.910833 5.910833 5.910833 0.665430 0.665430 0.665430
3580 5.910833 5.910833 5.910833 0.665430 0.665430 0.665430
3590 5.910833 5.910833 5.910833 0.665430 0.665430 0.665430
3600 5.910833 5.910833 5.910833 0.665430 0.665430 0.665430
3610 5.910833 5.910833 5.910833 0.665430 0.665430 0.665430
3620 5.910833 5.910833 5.910833 0.665430 0.665430 0.665430
3630 5.910833 5.910833 5.910833 0.665430 0.665430 0.665430
3640 5.910833 5.910833 5.910833 0.665430 0.665430 0.665430
3650 5.910833 5.910833 5.910833 0.665430 0.665430 0.665430
3660 5.910833 5.910833 5.910833 0.665430 0.665430 0.665430
3670 5.910833 5.910833 5.910833 0.665430 0.665430 0.665430
3680 5.910833 5.910833 5.910833 0.665430 0.665430 0.665430
3690 5.910833 5.910833 5.910833 0.665430 0.665430 0.665430
3700 5.910833 5.910833 5.910833 0.665430 0.665430 0.665430
3710 5.910833 5.910833 5.910833 0.665430 0.665430 0.665430
3720 5.910833 5.910833 5.910833 0.665430 0.665430 0.665430
3730 5.910833 5.910833 5.910833 0.665430 0.665430 0.665430
3740 5.910833 5.910833 5.910833 0.665430 0.665430 0.665430
3750 5.910833 5.910833 5.910833 0.665430 0.665430 0.665430
3760 5.910833 5.910833 5.910833 0.665430 0.665430 0.665430
3770 5.910833 5.910833 5.910833 0.665430 0.665430 0.665430
3780 5.910833 5.910833 5.910833 0.665430 0.665430 0.665430
3790 5.910833 5.910833 5.910833 0.665430 0.665430 0.665430
3800 5.910833 5.910833 5.910833 0.665430 0.665430 0.665430
3810 5.910833 5.910833 5.910833 0.665430 0.665430 0.665430
3820 5.910833 5.910833 5.910833 0.665430 0.665430 0.665430
3830 5.910833 5.910833 5.910833 0.665430 0.665430 0.665430
3840 5.910833 5.910833 5.910833 0.665430 0.665430 0.665430
3850 5.910833 5.910833 5.910833 0.665430 0.665430 0.665430
3860 5.910833 5.910833 5.910833 0.665430 0.665430 0.665430
3870 5.910833 5.910833 5.910833 0.665430 0.665430 0.665430
3880 5.910833 5.910833 5.910833 0.665430 0.665430 0.665430
3890 5.910833 5.910833 5.910833 0.665430 0.665430 0.665430
3900 5.910833 5.910833 5.910833 0.665430 0.665430 0.665430
3910 5.910833 5.910833 5.910833 0.665430 0.665430 0.665430
3920 5.910833 5.910833 5.910833 0.665430 0.665430 0.665430
3930 5.910833 5.910833 5.910833 0.665430 0.665430 0.665430
3940 5.910833 5.910833 5.910833 0.665430 0.665430 0.665430
3950 5.910833 5.910833 5.910833 0.665430 0.665430 0.665430
3960 5.910833 5.910833 5.910833 0.665430 0.665430 0.665430
3970 5.910833 5.910833 5.910833 0.665430 0.665430 0.665430
3980 5.910833 5.910833 5.910833 0.665430 0.665430 0.665430
3990 5.910833 5.910833 5.910833 0.665430 0.665430 0.665430
4000 5.910833 5.910833 5.910833 0.665430 0.665430 0.665430
4010 5.910833 5.910833 5.910833 0.665430 0.665430 0.665430
4020 5.910833 5.910833 5.910833 0.665430 0.665430 0.665430
4030 5.910833 5.910833 5.910833 0.665430 0.665430 0.665430
4040 5.910833 5.910833 5.910833 0.665430 0.665430 0.665430
4050 5.910833 5.910833 5.910833 0.665430 0.665430 0.665430
4060 5.910833 5.910833 5.910833 0.665430 0.665430 0.665430
4070 5.910833 5.910833 5.910833 0.665430 0.665430 0.665430
4080 5.910833 5.910833 5.910833 0.665430 0.665430 0.665430
4090 5.910833 5.910833 5.910833 0.665430 0.665430 0.665430
4100 5.910833 5.910833 5.910833 0.665430 0.665430 0.665430
4110 5.910833 5.910833 5.910833 0.665430 0.665430 0.665430
4120 5.910833 5.910833 5.910833 0.665430 0.665430 0.665430
4130 5.910833 5.910833 5.910833 0.665430 0.665430 0.665430
4140 5.910833 5.910833 5.910833 0.665430 0.665430 0.665430
4150 5.910833 5.910833 5.910833 0.665430 0.665430 0.665430
4160 5.910833 5.910833 5.910833 0.665430 0.665430 0.665430
4170 5.910833 5.910833 5.910833 0.665430 0.665430 0.665430
4180 5.910833 5.910833 5.910833 0.665430 0.665430 0.665430
4190 5.910833 5.910833 5.910833 0.665430 0.665430 0.665430
4200 5.910833 5.910833 5.910833 0.665430 0.665430 0.665430
4210 5.910833 5.910833 5.910833 0.665430 0.665430 0.665430
4220 5.910833 5.910833 5.910833 0.665430 0.665430 0.665430
4230 5.910833 5.910833 5.910833 0.665430 0.665430 0.665430
4240 5.910833 5.910833 5.910833 0.665430 0.665430 0.665430
4250 5.910833 5.910833 5.910833 0.665430 0.665430 0.665430
4260 5.910833 5.910833 5.910833 0.665430 0.665430 0.665430
4270 5.910833 5.910833 5.910833 0.665430 0.665430 0.665430
4280 5.910833 5.910833 5.910833 0.665430 0.665430 0.665430
4290 5.910833 5.910833 5.910833 0.665430 0.665430 0.665430
4300 5.910833 5.910833 5.910833 0.665430 0.665430 0.665430
4310 5.910833 5.910833 5.910833 0.665430 0.665430 0.665430
4320 5.910833 5.910833 5.910833 0.665430 0.665430 0.665430
4330 5.910833 5.910833 5.910833 0.665430 0.665430 0.665430
4340 5.910833 5.910833 5.910833 0.665430 0.665430 0.665430
4350 5.910833 5.910833 5.910833 0.665430 0.665430 0.665430
4360 5.910833 5.910833 5.910833 0.665430 0.665430 0.665430
4370 5.910833 5.910833 5.910833 0.665430 0.665430 0.665430
4380 5.910833 5.910833 5.910833 0.665430 0.665430 0.665430
4390 5.910833 5.910833 5.910833 0.665430 0.665430 0.665430
4400 5.910833 5.910833 5.910833 0.665430 0.665430 0.665430
4410 5.910833 5.910833 5.910833 0.665430 0.665430 0.665430
4420 5.910833 5.910833 5.910833 0.665430 0.665430 0.665430
4430 5.910833 5.910833 5.910833 0.665430 0.665430 0.665430
4440 5.910833 5.910833 5.910833 0.665430 0.665430 0.665430
4450 5.910833 5.910833 5.910833 0.665430 0.665430 0.665430
4460 5.910833 5.910833 5.910833 0.665430 0.665430 0.665430
4470 5.910833 5.910833 5.910833 0.665430 0.665430 0.665430
4480 5.910833 5.910833 5.910833 0.665430 0.665430 0.665430
4490 5.910833 5.910833 5.910833 0.665430 0.665430 0.665430
4500 5.910833 5.910833 5.910833 0.665430 0.665430 0.665430
4510 5.910833 5.910833 5.910833 0.665430 0.665430 0.665430
4520 5.910833 5.910833 5.910833 0.665430 0.665430 0.665430
4530 5.910833 5.910833 5.910833 0.665430 0.665430 0.665430
4540 5.910833 5.910833 5.910833 0.665430 0.665430 0.665430
4550 5.910833 5.910833 5.910833 0.665430 0.665430 0.665430
4560 5.910833 5.910833 5.910833 0.665430 0.665430 0.665430
4570 5.910833 5.910833 5.910833 0.665430 0.665430 0.665430
4580 5.910833 5.910833 5.910833 0.665430 0.665430 0.665430
4590 5.910833 5.910833 5.910833 0.665430 0.665430 0.665430
4600 5.910833 5.910833 5.910833 0.665430 0.665430 0.665430
4610 5.910833 5.910833 5.910833 0.665430 0.665430 0.665430
4620 5.910833 5.910833 5.910833 0.665430 0.665430 0.665430
4630 5.910833 5.910833 5.910833 0.665430 0.665430 0.665430
4640 5.910833 5.910833 5.910833 0.665430 0.665430 0.665430
4650 5.910833 5.910833 5.910833 0.665430 0.665430 0.665430
4660 5.910833 5.910833 5.910833 0.665430 0.665430 0.665430
4670 5.910833 5.910833 5.910833 0.665430 0.665430 0.665430
4680 5.910833 5.910833 5.910833 0.665430 0.665430 0.665430
4690 5.910833 5.910833 5.910833 0.665430 0.665430 0.665430
4700 5.910833 5.910833 5.910833 0.665430 0.665430 0.665430
4710 5.910833 5.910833 5.910833 0.665430 0.665430 0.665430
4720 5.910833 5.910833 5.910833 0.665430 0.665430 0.665430
4730 5.910833 5.910833 5.910833 0.665430 0.665430 0.665430
4740 5.910833 5.910833 5.910833 0.665430 0.665430 0.665430
4750 5.910833 5.910833 5.910833 0.665430 0.665430 0.665430
4760 5.910833 5.910833 5.910833 0.665430 0.665430 0.665430
4770 5.910833 5.910833 5.910833 0.665430 0.665430 0.665430
4780 5.910833 5.910833 5.910833 0.665430 0.665430 0.665430
4790 5.910833 5.910833 5.910833 0.665430 0.665430 0.665430
4800 5.910833 5.910833 5.910833 0.665430 0.665430 0.665430
4810 5.910833 5.910833 5.910833 0.665430 0.665430 0.665430
4820 5.910833 5.910833 5.910833 0.665430 0.665430 0.665430
4830 5.910833 5.910833 5.910833 0.665430 0.665430 0.665430
4840 5.910833 5.910833 5.910833 0.665430 0.665430 0.665430
4850 5.910833 5.910833 5.910833 0.665430 0.665430 0.665430
4860 5.910833 5.910833 5.910833 0.665430 0.665430 0.665430
4870 5.910833 5.910833 5.910833 0.665430 0.665430 0.665430
4880 5.910833 5.910833 5.910833 0.665430 0.665430 0.665430
4890 5.910833 5.910833 5.910833 0.665430 0.665430 0.665430
4900 5.910833 5.910833 5.910833 0.665430 0.665430 0.665430
4910 5.910833 5.910833 5.910833 0.665430 0.665430 0.665430
4920 5.910833 5.910833 5.910833 0.665430 0.665430 0.665430
4930 5.910833 5.910833 5.910833 0.665430 0.665430 0.665430
4940 5.910833 5.910833 5.910833 0.665430 0.665430 0.665430
4950 5.910833 5.910833 5.910833 0.665430 0.665430 0.665430
4960 5.910833 5.910833 5.910833 0.665430 0.665430 0.665430
4970 5.910833 5.910833 5.910833 0.665430 0.665430 0.665430
4980 5.910833 5.910833 5.910833 0.665430 0.665430 0.665430
4990 5.910833 5.910833 5.910833 0.665430 0.665430 0.665430
5000 5.910833 5.910833 5.910833 0.665430 0.665430 0.665430
5010 5.910833 5.910833 5.910833 0.665430 0.665430 0.665430
5020 5.910833 5.910833 5.910833 0.665430 0.665430 0.665430
5030 5.910833 5.910833 5.910833 0.665430 0.665430 0.665430
5040 5.910833 5.910833 5.910833 0.665430 0.665430 0.665430
5050 5.910833 5.910833 5.910833 0.665430 0.665430 0.665430
5060 5.910833 5.910833 5.910833 0.665430 0.665430 0.665430
5070 5.910833 5.910833 5.910833 0.665430 0.665430 0.665430
5080 5.910833 5.910833 5.910833 0.665430 0.665430 0.665430
5090 5.910833 5.910833 5.910833 0.665430 0.665430 0.665430
5100 5.910833 5.910833 5.910833 0.665430 0.665430 0.665430
5110 5.910833 5.910833 5.910833 0.665430 0.665430 0.665430
5120 5.910833 5.910833 5.910833 0.665430 0.665430 0.665430
5130 5.910833 5.910833 5.910833 0.665430 0.665430 0.665430
5140 5.910833 5.910833 5.910833 0.665430 0.665430 0.665430
5150 5.910833 5.910833 5.910833 0.665430 0.665430 0.665430
5160 5.910833 5.910833 5.910833 0.665430 0.665430 0.665430
5170 5.910833 5.910833 5.910833 0.665430 0.665430 0.665430
5180 5.910833 5.910833 5.910833 0.665430 0.665430 0.665430
5190 5.910833 5.910833 5.910833 0.665430 0.665430 0.665430
5200 5.910833 5.910833 5.910833 0.665430 0.665430 0.665430
5210 5.910833 5.910833 5.910833 0.665430 0.665430 0.665430
5220 5.910833 5.910833 5.910833 0.665430 0.665430 0.665430
5230 5.910833 5.910833 5.910833 0.665430 0.665430 0.665430
5240 5.910833 5.910833 5.910833 0.665430 0.665430 0.665430
5250 5.910833 5.910833 5.910833 0.665430 0.665430 0.665430
5260 5.910833 5.910833 5.910833 0.665430 0.665430 0.665430
5270 5.910833 5.910833 5.910833 0.665430 0.665430 0.665430
5280 5.910833 5.910833 5.910833 0.665430 0.665430 0.665430
5290 5.910833 5.910833 5.910833 0.665430 0.665430 0.665430
5300 5.910833 5.910833 5.910833 0.665430 0.665430 0.665430
5310 5.910833 5.910833 5.910833 0.665430 0.665430 0.665430
5320 5.910833 5.910833 5.910833 0.665430 0.665430 0.665430
5330 5.910833 5.910833 5.910833 0.665430 0.665430 0.665430
5340 5.910833 5.910833 5.910833 0.665430 0.665430 0.665430
5350 5.910833 5.910833 5.910833 0.665430 0.665430 0.665430
5360 5.910833 5.910833 5.910833 0.665430 0.665430 0.665430
5370 5.910833 5.910833 5.910833 0.665430 0.665430 0.665430
5380 5.910833 5.910833 5.910833 0.665430 0.665430 0.665430
5390 5.910833 5.910833 5.910833 0.665430 0.665430 0.665430
5400 5.910833 5.910833 5.910833 0.665430 0.665430 0.665430
5410 5.910833 5.910833 5.910833 0.665430 0.665430 0.665430
5420 5.910833 5.910833 5.910833 0.665430 0.665430 0.665430
5430 5.910833 5.910833 5.910833 0.665430 0.665430 0.665430
5440 5.910833 5.910833 5.910833 0.665430 0.665430 0.665430
5450 5.910833 5.910833 5.910833 0.665430 0.665430 0.665430
5460 5.910833 5.910833 5.910833 0.665430 0.665430 0.665430
5470 5.910833 5.910833 5.910833 0.665430 0.665430 0.665430
5480 5.910833 5.910833 5.910833 0.665430 0.665430 0.665430
5490 5.910833 5.910833 5.910833 0.665430 0.665430 0.665430
5500 5.910833 5.910833 5.910833 0.665430 0.665430 0.665430
5510 5.910833 5.910833 5.910833 0.665430 0.665430 0.665430
5520 5.910833 5.910833 5.910833 0.665430 0.665430 0.665430
5530 5.910833 5.910833 5.910833 0.665430 0.665430 0.665430
5540 5.910833 5.910833 5.910833 0.665430 0.665430 0.665430
5550 5.910833 5.910833 5.910833 0.665430 0.665430 0.665430
5560 5.910833 5.910833 5.910833 0.665430 0.665430 0.665430
5570 5.910833 5.910833 5.910833 0.665430 0.665430 0.665430
5580 5.910833 5.910833 5.910833 0.665430 0.665430 0.665430
5590 5.910833 5.910833 5.910833 0.665430 0.665430 0.665430
5600 5.910833 5.910833 5.910833 0.665430 0.665430 0.665430
5610 5.910833 5.910833 5.910833 0.665430 0.665430 0.665430
5620 5.910833 5.910833 5.910833 0.665430 0.665430 0.665430
5630 5.910833 5.910833 5.910833 0.665430 0.665430 0.665430
5640 5.910833 5.910833 5.910833 0.665430 0.665430 0.665430
5650 5.910833 5.910833 5.910833 0.665430 0.665430 0.665430
5660 5.910833 5.910833 5.910833 0.665430 0.665430 0.665430
5670 5.910833 5.910833 5.910833 0.665430 0.665430 0.665430
5680 5.910833 5.910833 5.910833 0.665430 0.665430 0.665430
5690 5.910833 5.910833 5.910833 0.665430 0.665430 0.665430
5700 5.910833 5.910833 5.910833 0.665430 0.665430 0.665430
5710 5.910833 5.910833 5.910833 0.665430 0.665430 0.665430
5720 5.910833 5.910833 5.910833 0.665430 0.665430 0.665430
5730 5.910833 5.910833 5.910833 0.665430 0.665430 0.665430
5740 5.910833 5.910833 5.910833 0.665430 0.665430 0.665430
5750 5.910833 5.910833 5.910833 0.665430 0.665430 0.665430
5760 5.910833 5.910833 5.910833 0.665430 0.665430 0.665430
5770 5.910833 5.910833 5.910833 0.665430 0.665430 0.665430
5780 5.910833 5.910833 5.910833 0.665430 0.665430 0.665430
5790 5.910833 5.910833 5.910833 0.665430 0.665430 0.665430
5800 5.910833 5.910833 5.910833 0.665430 0.665430 0.665430
5810 5.910833 5.910833 5.910833 0.665430 0.665430 0.665430
5820 5.910833 5.910833 5.910833 0.665430 0.665430 0.665430
5830 5.910833 5.910833 5.910833 0.665430 0.665430 0.665430
5840 5.910833 5.910833 5.910833 0.665430 0.665430 0.665430
5850 5.910833 5.910833 5.910833 0.665430 0.665430 0.665430
5860 5.910833 5.910833 5.910833 0.665430 0.665430 0.665430
5870 5.910833 5.910833 5.910833 0.665430 0.665430 0.665430
5880 5.910833 5.910833 5.910833 0.665430 0.665430 0.665430
5890 5.910833 5.910833 5.910833 0.665430 0.665430 0.665430
5900 5.910833 5.910833 5.910833 0.665430 0.665430 0.665430
5910 5.910833 5.910833 5.910833 0.665430 0.665430 0.665430
5920 5.910833 5.910833 5.910833 0.665430 0.665430 0.665430
5930 5.910833 5.910833 5.910833 0.665430 0.665430 0.665430
5940 5.910833 5.910833 5.910833 0.665430 0.665430 0.665430
5950 5.910833 5.910833 5.910833 0.665430 0.665430 0.665430
5960 5.910833 5.910833 5.910833 0.665430 0.665430 0.665430
5970 5.910833 5.910833 5.910833 0.665430 0.665430 0.665430
5980 5.910833 5.910833 5.910833 0.665430 0.665430 0.665430
5990 5.910833 5.910833 5.910833 0.665430 0.665430 0.665430
6000 5.910833 5.910833 5.910833 0.665430 0.665430 0.665430
6010 5.910833 5.910833 5.910833 0.665430 0.665430 0.665430
6020 5.910833 5.910833 5.910833 0.665430 0.665430 0.665430
6030 5.910833 5.910833 5.910833 0.665430 0.665430 0.665430
6040 5.910833 5.910833 5.910833 0.665430 0.665430 0.665430
6050 5.910833 5.910833 5.910833 0.665430 0.665430 0.665430
6060 5.910833 5.910833 5.910833 0.665430 0.665430 0.665430
6070 5.910833 5.910833 5.910833 0.665430 0.665430 0.665430
6080 5.910833 5.910833 5.910833 0.665430 0.665430 0.665430
6090 5.910833 5.910833 5.910833 0.665430 0.665430 0.665430
6100 5.910833 5.910833 5.910833 0.665430 0.665430 0.665430
6110 5.910833 5.910833 5.910833 0.665430 0.665430 0.665430
6120 5.910833 5.910833 5.910833 0.665430 0.665430 0.665430
6130 5.910833 5.910833 5.910833 0.665430 0.665430 0.665430
6140 5.910833 5.910833 5.910833 0.665430 0.665430 0.665430
6150 5.910833 5.910833 5.910833 0.665430 0.665430 0.665430
6160 5.910833 5.910833 5.910833 0.665430 0.665430 0.665430
6170 5.910833 5.910833 5.910833 0.665430 0.665430 0.665430
6180 5.910833 5.910833 5.910833 0.665430 0.665430 0.665430
6190 5.910833 5.910833 5.910833 0.665430 0.665430 0.665430
6200 5.910833 5.910833 5.910833 0.665430 0.665430 0.665430
6210 5.910833 5.910833 5.910833 0.665430 0.665430 0.665430
6220 5.910833 5.910833 5.910833 0.665430 0.665430 0.665430
6230 5.910833 5.910833 5.910833 0.665430 0.665430 0.665430
6240 5.910833 5.910833 5.910833 0.665430 0.665430 0.665430
6250 5.910833 5.910833 5.910833 0.665430 0.665430 0.665430
6260 5.910833 5.910833 5.910833 0.665430 0.665430 0.665430
6270 5.910833 5.910833 5.910833 0.665430 0.665430 0.665430
6280 5.910833 5.910833 5.910833 0.665430 0.665430 0.665430
6290 5.910833 5.910833 5.910833 0.665430 0.665430 0.665430
6300 5.910833 5.910833 5.910833 0.665430 0.665430 0.665430
6310 5.910833 5.910833 5.910833 0.665430 0.665430 0.665430
6320 5.910833 5.910833 5.910833 0.665430 0.665430 0.665430
6330 5.910833 5.910833 5.910833 0.665430 0.665430 0.665430
6340 5.910833 5.910833 5.910833 0.665430 0.665430 0.665430
6350 5.910833 5.910833 5.910833 0.665430 0.665430 0.665430
6360 5.910833 5.910833 5.910833 0.665430 0.665430 0.665430
6370 5.910833 5.910833 5.910833 0.665430 0.665430 0.665430
6380 5.910833 5.910833 5.910833 0.665430 0.665430 0.665430
6390 5.910833 5.910833 5.910833 0.665430 0.665430 0.665430
6400 5.910833 5.910833 5.910833 0.665430 0.665430 0.665430
6410 5.910833 5.910833 5.910833 0.665430 0.665430 0.665430
6420 5.910833 5.910833 5.910833 0.665430 0.665430 0.665430
6430 5.910833 5.910833 5.910833 0.665430 0.665430 0.665430
6440 5.910833 5.910833 5.910833 0.665430 0.665430 0.665430
6450 5.910833 5.910833 5.910833 0.665430 0.665430 0.665430
6460 5.910833 5.910833 5.910833 0.665430 0.665430 0.665430
6470 5.910833 5.910833 5.910833 0.665430 0.665430 0.665430
6480 5.910833 5.910833 5.910833 0.665430 0.665430 0.665430
6490 5.910833 5.910833 5.910833 0.665430 0.665430 0.665430
6500 5.910833 5.910833 5.910833 0.665430 0.665430 0.665430
6510 5.910833 5.910833 5.910833 0.665430 0.665430 0.665430
6520 5.910833 5.910833 5.910833 0.665430 0.665430 0.665430
6530 5.910833 5.910833 5.910833 0.665430 0.665430 0.665430
6540 5.910833 5.910833 5.910833 0.665430 0.665430 0.665430
6550 5.910833 5.910833 5.910833 0.665430 0.665430 0.665430
6560 5.910833 5.910833 5.910833 0.665430 0.665430 0.665430
6570 5.910833 5.910833 5.910833 0.665430 0.665430 0.665430
6580 5.910833 5.910833 5.910833 0.665430 0.665430 0.665430
6590 5.910833 5.910833 5.910833 0.665430 0.665430 0.665430
6600 5.910833 5.910833 5.910833 0.665430 0.665430 0.665430
6610 5.910833 5.910833 5.910833 0.665430 0.665430 0.665430
6620 5.910833 5.910833 5.910833 0.665430 0.665430 0.665430
6630 5.910833 5.910833 5.910833 0.665430 0.665430 0.665430
6640 5.910833 5.910833 5.910833 0.665430 0.665430 0.665430
6650 5.910833 5.910833 5.910833 0.665430 0.665430 0.665430
6660 5.910833 5.910833 5.910833 0.665430 0.665430 0.665430
6670 5.910833 5.910833 5.910833 0.665430 0.665430 0.665430
6680 5.910833 5.910833 5.910833 0.665430 0.665430 0.665430
6690 5.910833 5.910833 5.910833 0.665430 0.665430 0.665430
6700 5.910833 5.910833 5.910833 0.665430 0.665430 0.665430
6710 5.910833 5.910833 5.910833 0.665430 0.665430 0.665430
6720 5.910833 5.910833 5.910833 0.665430 0.665430 0.665430
6730 5.910833 5.910833 5.910833 0.665430 0.665430 0.665430
6740 5.910833 5.910833 5.910833 0.665430 0.665430 0.665430
6750 5.910833 5.910833 5.910833 0.665430 0.665430 0.665430
6760 5.910833 5.910833 5.910833 0.665430 0.665430 0.665430
6770 5.910833 5.910833 5.910833 0.665430 0.665430 0.665430
6780 5.910833 5.910833 5.910833 0.665430 0.665430 0.665430
6790 5.910833 5.910833 5.910833 0.665430 0.665430 0.665430
6800 5.910833 5.910833 5.910833 0.665430 0.665430 0.665430
6810 5.910833 5.910833 5.910833 0.665430 0.665430 0.665430
6820 5.910833 5.910833 5.910833 0.665430 0.665430 0.665430
6830 5.910833 5.910833 5.910833 0.665430 0.665430 0.665430
6840 5.910833 5.910833 5.910833 0.665430 0.665430 0.665430
6850 5.910833 5.910833 5.910833 0.665430 0.665430 0.665430
6860 5.910833 5.910833 5.910833 0.665430 0.665430 0.665430
6870 5.910833 5.910833 5.910833 0.665430 0.665430 0.665430
6880 5.910833 5.910833 5.910833 0.665430 0.665430 0.665430
6890 5.910833 5.910833 5.910833 0.665430 0.665430 0.665430
6900 5.910833 5.910833 5.910833 0.665430 0.665430 0.665430
6910 5.910833 5.910833 5.910833 0.665430 0.665430 0.665430
6920 5.910833 5.910833 5.910833 0.665430 0.665430 0.665430
6930 5.910833 5.910833 5.910833 0.665430 0.665430 0.665430
6940 5.910833 5.910833 5.910833 0.665430 0.665430 0.665430
6950 5.910833 5.910833 5.910833 0.665430 0.665430 0.665430
6960 5.910833 5.910833 5.910833 0.665430 0.665430 0.665430
6970 5.910833 5.910833 5.910833 0.665430 0.665430 0.665430
6980 5.910833 5.910833 5.910833 0.665430 0.665430 0.665430
6990 5.910833 5.910833 5.910833 0.665430 0.665430 0.665430
7000 5.910833 5.910833 5.910833 0.665430 0.665430 0.665430
7010 5.910833 5.910833 5.910833 0.665430 0.665430 0.665430
7020 5.910833 5.910833 5.910833 0.665430 0.665430 0.665430
7030 5.910833 5.910833 5.910833 0.665430 0.665430 0.665430
7040 5.910833 5.910833 5.910833 0.665430 0.665430 0.665430
7050 5.910833 5.910833 5.910833 0.665430 0.665430 0.665430
7060 5.910833 5.910833 5.910833 0.665430 0.665430 0.665430
7070 5.910833 5.910833 5.910833 0.665430 0.665430 0.665430
7080 5.910833 5.910833 5.910833 0.665430 0.665430 0.665430
7090 5.910833 5.910833 5.910833 0.665430 0.665430 0.665430
7100 5.910833 5.910833 5.910833 0.665430 0.665430 0.665430
7110 5.910833 5.910833 5.910833 0.665430 0.665430 0.665430
7120 5.910833 5.910833 5.910833 0.665430 0.665430 0.665430
7130 5.910833 5.910833 5.910833 0.665430 0.665430 0.665430
7140 5.910833 5.910833 5.910833 0.665430 0.665430 0.665430
7150 5.910833 5.910833 5.910833 0.665430 0.665430 0.665430
7160 5.910833 5.910833 5.910833 0.665430 0.665430 0.665430
7170 5.910833 5.910833 5.910833 0.665430 0.665430 0.665430
7180 5.910833 5.910833 5.910833 0.665430 0.665430 0.665430
7190 5.910833 5.910833 5.910833 0.665430 0.665430 0.665430
7200 5.910833 5.910833 5.910833 0.665430 0.665430 0.665430
7210 5.910833 5.910833 5.910833 0.665430 0.665430 0.665430
7220 5.910833 5.910833 5.910833 0.665430 0.665430 0.665430
7230 5.910833 5.910833 5.910833 0.665430 0.665430 0.665430
7240 5.910833 5.910833 5.910833 0.665430 0.665430 0.665430
7250 5.910833 5.910833 5.910833 0.665430 0.665430 0.665430
7260 5.910833 5.910833 5.910833 0.665430 0.665430 0.665430
7270 5.910833 5.910833 5.910833 0.665430 0.665430 0.665430
7280 5.910833 5.910833 5.910833 0.665430 0.665430 0.665430
7290 5.910833 5.910833 5.910833 0.665430 0.665430 0.665430
7300 5.910833 5.910833 5.910833 0.665430 0.665430 0.665430
7310 5.910833 5.910833 5.910833 0.665430 0.665430 0.665430
7320 5.910833 5.910833 5.910833 0.665430 0.665430 0.665430
7330 5.910833 5.910833 5.910833 0.665430 0.665430 0.665430
7340 5.910833 5.910833 5.910833 0.665430 0.665430 0.665430
7350 5.910833 5.910833 5.910833 0.665430 0.665430 0.665430
7360 5.910833 5.910833 5.910833 0.665430 0.665430 0.665430
7370 5.910833 5.910833 5.910833 0.665430 0.665430 0.665430
7380 5.910833 5.910833 5.910833 0.665430 0.665430 0.665430
7390 5.910833 5.910833 5.910833 0.665430 0.665430 0.665430
7400 5.910833 5.910833 5.910833 0.665430 0.665430 0.665430
7410 5.910833 5.910833 5.910833 0.665430 0.665430 0.665430
7420 5.910833 5.910833 5.910833 0.665430 0.665430 0.665430
7430 5.910833 5.910833 5.910833 0.665430 0.665430 0.665430
7440 5.910833 5.910833 5.910833 0.665430 0.665430 0.665430
7450 5.910833 5.910833 5.910833 0.665430 0.665430 0.665430
7460 5.910833 5.910833 5.910833 0.665430 0.665430 0.665430
7470 5.910833 5.910833 5.910833 0.665430 0.665430 0.665430
7480 5.910833 5.910833 5.910833 0.665430 0.665430 0.665430
7490 5.910833 5.910833 5.910833 0.665430 0.665430 0.665430
7500 5.910833 5.910833 5.910833 0.665430 0.665430 0.665430
7510 5.910833 5.910833 5.910833 0.665430 0.665430 0.665430
7520 5.910833 5.910833 5.910833 0.665430 0.665430 0.665430
7530 5.910833 5.910833 5.910833 0.665430 0.665430 0.665430
7540 5.910833 5.910833 5.910833 0.665430 0.665430 0.665430
7550 5.910833 5.910833 5.910833 0.665430 0.665430 0.665430
7560 5.910833 5.910833 5.910833 0.665430 0.665430 0.665430
7570 5.910833 5.910833 5.910833 0.665430 0.665430 0.665430
7580 5.910833 5.910833 5.910833 0.665430 0.665430 0.665430
7590 5.910833 5.910833 5.910833 0.665430 0.665430 0.665430
7600 5.910833 5.910833 5.910833 0.665430 0.665430 0.665430
7610 5.910833 5.910833 5.910833 0.665430 0.665430 0.665430
7620 5.910833 5.910833 5.910833 0.665430 0.665430 0.665430
7630 5.910833 5.910833 5.910833 0.665430 0.665430 0.665430
7640 5.910833 5.910833 5.910833 0.665430 0.665430 0.665430
7650 5.910833 5.910833 5.910833 0.665430 0.665430 0.665430
7660 5.910833 5.910833 5.910833 0.665430 0.665430 0.665430
7670 5.910833 5.910833 5.910833 0.665430 0.665430 0.665430
7680 5.910833 5.910833 5.910833 0.665430 0.665430 0.665430
7690 5.910833 5.910833 5.910833 0.665430 0.665430 0.665430
7700 5.910833 5.910833 5.910833 0.665430 0.665430 0.665430
7710 5.910833 5.910833 5.910833 0.665430 0.665430 0.665430
7720 5.910833 5.910833 5.910833 0.665430 0.665430 0.665430
7730 5.910833 5.910833 5.910833 0.665430 0.665430 0.665430
7740 5.910833 5.910833 5.910833 0.665430 0.665430 0.665430
7750 5.910833 5.910833 5.910833 0.665430 0.665430 0.665430
7760 5.910833 5.910833 5.910833 0.665430 0.665430 0.665430
7770 5.910833 5.910833 5.910833 0.665430 0.665430 0.665430
7780 5.910833 5.910833 5.910833 0.665430 0.665430 0.665430
7790 5.910833 5.910833 5.910833 0.665430 0.665430 0.665430
7800 5.910833 5.910833 5.910833 0.665430 0.665430 0.665430
7810 5.910833 5.910833 5.910833 0.665430 0.665430 0.665430
7820 5.910833 5.910833 5.910833 0.665430 0.665430 0.665430
7830 5.910833 5.910833 5.910833 0.665430 0.665430 0.665430
7840 5.910833 5.910833 5.910833 0.665430 0.665430 0.665430
7850 5.910833 5.910833 5.910833 0.665430 0.665430 0.665430
7860 5.910833 5.910833 5.910833 0.665430 0.665430 0.665430
7870 5.910833 5.910833 5.910833 0.665430 0.665430 0.665430
7880 5.910833 5.910833 5.910833 0.665430 0.665430 0.665430
7890 5.910833 5.910833 5.910833 0.665430 0.665430 0.665430
7900 5.910833 5.910833 5.910833 0.665430 0.665430 0.665430
7910 5.910833 5.910833 5.910833 0.665430 0.665430 0.665430
7920 5.910833 5.910833 5.910833 0.665430 0.665430 0.665430
7930 5.910833 5.910833 5.910833 0.665430 0.665430 0.665430
7940 5.910833 5.910833 5.910833 0.665430 0.665430 0.665430
7950 5.910833 5.910833 5.910833 0.665430 0.665430 0.665430
7960 5.910833 5.910833 5.910833 0.665430 0.665430 0.665430
7970 5.910833 5.910833 5.910833 0.665430 0.665430 0.665430
7980 5.910833 5.910833 5.910833 0.665430 0.665430 0.665430
7990 5.910833 5.910833 5.910833 0.665430 0.665430 0.665430
8000 5.910833 5.910833 5.910833 0.665430 0.665430 0.665430
8010 5.910833 5.910833 5.910833 0.665430 0.665430 0.665430
8020 5.910833 5.910833 5.910833 0.665430 0.665430 0.665430
8030 5.910833 5.910833 5.910833 0.665430 0.665430 0.665430
8040 5.910833 5.910833 5.910833 0.665430 0.665430 0.665430
8050 5.910833 5.910833 5.910833 0.665430 0.665430 0.665430
8060 5.910833 5.910833 5.910833 0.665430 0.665430 0.665430
8070 5.910833 5.910833 5.910833 0.665430 0.665430 0.665430
8080 5.910833 5.910833 5.910833 0.665430 0.665430 0.665430
8090 5.910833 5.910833 5.910833 0.665430 0.665430 0.665430
8100 5.910833 5.910833 5.910833 0.665430 0.665430 0.665430
8110 5.910833 5.910833 5.910833 0.665430 0.665430 0.665430
8120 5.910833 5.910833 5.910833 0.665430 0.665430 0.665430
8130 5.910833 5.910833 5.910833 0.665430 0.665430 0.665430
8140 5.910833 5.910833 5.910833 0.665430 0.665430 0.665430
8150 5.910833 5.910833 5.910833 0.665430 0.665430 0.665430
8160 5.910833 5.910833 5.910833 0.665430 0.665430 0.665430
8170 5.910833 5.910833 5.910833 0.665430 0.665430 0.665430
8180 5.910833 5.910833 5.910833 0.665430 0.665430 0.665430
8190 5.910833 5.910833 5.910833 0.665430 0.665430 0.665430
8200 5.910833 5.910833 5.910833 0.665430 0.665430 0.665430
8210 5.910833 5.910833 5.910833 0.665430 0.665430 0.665430
8220 5.910833 5.910833 5.910833 0.665430 0.665430 0.665430
8230 5.910833 5.910833 5.910833 0.665430 0.665430 0.665430
8240 5.910833 5.910833 5.910833 0.665430 0.665430 0.665430
8250 5.910833 5.910833 5.910833 0.665430 0.665430 0.665430
8260 5.910833 5.910833 5.910833 0.665430 0.665430 0.665430
8270 5.910833 5.910833 5.910833 0.665430 0.665430 0.665430
8280 5.910833 5.910833 5.910833 0.665430 0.665430 0.665430
8290 5.910833 5.910833 5.910833 0.665430 0.665430 0.665430
8300 5.910833 5.910833 5.910833 0.665430 0.665430 0.665430
8310 5.910833 5.910833 5.910833 0.665430 0.665430 0.665430
8320 5.910833 5.910833 5.910833 0.665430 0.665430 0.665430
8330 5.910833 5.910833 5.910833 0.665430 0.665430 0.665430
8340 5.910833 5.910833 5.910833 0.665430 0.665430 0.665430
8350 5.910833 5.910833 5.910833 0.665430 0.665430 0.665430
8360 5.910833 5.910833 5.910833 0.665430 0.665430 0.665430
8370 5.910833 5.910833 5.910833 0.665430 0.665430 0.665430
8380 5.910833 5.910833 5.910833 0.665430 0.665430 0.665430
8390 5.910833 5.910833 5.910833 0.665430 0.665430 0.665430
8400 5.910833 5.910833 5.910833 0.665430 0.665430 0.665430
8410 5.910833 5.910833 5.910833 0.665430 0.665430 0.665430
8420 5.910833 5.910833 5.910833 0.665430 0.665430 0.665430
8430 5.910833 5.910833 5.910833 0.665430 0.665430 0.665430
8440 5.910833 5.910833 5.910833 0.665430 0.665430 0.665430
8450 5.910833 5.910833 5.910833 0.665430 0.665430 0.665430
8460 5.910833 5.910833 5.910833 0.665430 0.665430 0.665430
8470 5.910833 5.910833 5.910833 0.665430 0.665430 0.665430
8480 5.910833 5.910833 5.910833 0.665430 0.665430 0.665430
8490 5.910833 5.910833 5.910833 0.665430 0.665430 0.665430
8500 5.910833 5.910833 5.910833 0.665430 0.665430 0.665430
8510 5.910833 5.910833 5.910833 0.665430 0.665430 0.665430
8520 5.910833 5.910833 5.910833 0.665430 0.665430 0.665430
8530 5.910833 5.910833 5.910833 0.665430 0.665430 0.665430
8540 5.910833 5.910833 5.910833 0.665430 0.665430 0.665430
8550 5.910833 5.910833 5.910833 0.665430 0.665430 0.665430
8560 5.910833 5.910833 5.910833 0.665430 0.665430 0.665430
8570 5.910833 5.910833 5.910833 0.665430 0.665430 0.665430
8580 5.910833 5.910833 5.910833 0.665430 0.665430 0.665430
8590 5.910833 5.910833 5.910833 0.665430 0.665430 0.665430
8600 5.910833 5.910833 5.910833 0.665430 0.665430 0.665430
8610 5.910833 5.910833 5.910833 0.665430 0.665430 0.665430
8620 5.910833 5.910833 5.910833 0.665430 0.665430 0.665430
8630 5.910833 5.910833 5.910833 0.665430 0.665430 0.665430
8640 5.910833 5.910833 5.910833 0.665430 0.665430 0.665430
8650 5.910833 5.910833 5.910833 0.665430 0.665430 0.665430
8660 5.910833 5.910833 5.910833 0.665430 0.665430 0.665430
8670 5.910833 5.910833 5.910833 0.665430 0.665430 0.665430
8680 5.910833 5.910833 5.910833 0.665430 0.665430 0.665430
8690 5.910833 5.910833 5.910833 0.665430 0.665430 0.665430
8700 5.910833 5.910833 5.910833 0.665430 0.665430 0.665430
8710 5.910833 5.910833 5.910833 0.665430 0.665430 0.665430
8720 5.910833 5.910833 5.910833 0.665430 0.665430 0.665430
8730 5.910833 5.910833 5.910833 0.665430 0.665430 0.665430
8740 5.910833 5.910833 5.910833 0.665430 0.665430 0.665430
8750 5.910833 5.910833 5.910833 0.665430 0.665430 0.665430
8760 5.910833 5.910833 5.910833 0.665430 0.665430 0.665430
8770 5.910833 5.910833 5.910833 0.665430 0.665430 0.665430
8780 5.910833 5.910833 5.910833 0.665430 0.665430 0.665430
8790 5.910833 5.910833 5.910833 0.665430 0.665430 0.665430
8800 5.910833 5.910833 5.910833 0.665430 0.665430 0.665430
8810 5.910833 5.910833 5.910833 0.665430 0.665430 0.665430
8820 5.910833 5.910833 5.910833 0.665430 0.665430 0.665430
8830 5.910833 5.910833 5.910833 0.665430 0.665430 0.665430
8840 5.910833 5.910833 5.910833 0.665430 0.665430 0.665430
8850 5.910833 5.910833 5.910833 0.665430 0.665430 0.665430
8860 5.910833 5.910833 5.910833 0.665430 0.665430 0.665430
8870 5.910833 5.910833 5.910833 0.665430 0.665430 0.665430
8880 5.910833 5.910833 5.910833 0.665430 0.665430 0.665430
8890 5.910833 5.910833 5.910833 0.665430 0.665430 0.665430
8900 5.910833 5.910833 5.910833 0.665430 0.665430 0.665430
8910 5.910833 5.910833 5.910833 0.665430 0.665430 0.665430
8920 5.910833 5.910833 5.910833 0.665430 0.665430 0.665430
8930 5.910833 5.910833 5.910833 0.665430 0.665430 0.665430
8940 5.910833 5.910833 5.910833 0.665430 0.665430 0.665430
8950 5.910833 5.910833 5.910833 0.665430 0.665430 0.665430
8960 5.910833 5.910833 5.910833 0.665430 0.665430 0.665430
8970 5.910833 5.910833 5.910833 0.665430 0.665430 0.665430
8980 5.910833 5.910833 5.910833 0.665430 0.665430 0.665430
8990 5.910833 5.910833 5.910833 0.665430 0.665430 0.665430
9000 5.910833 5.910833 5.910833 0.665430 0.665430 0.665430
9010 5.910833 5.910833 5.910833 0.665430 0.665430 0.665430
9020 5.910833 5.910833 5.910833 0.665430 0.665430 0.665430
9030 5.910833 5.910833 5.910833 0.665430 0.665430 0.665430
9040 5.910833 5.910833 5.910833 0.665430 0.665430 0.665430
9050 5.910833 5.910833 5.910833 0.665430 0.665430 0.665430
9060 5.910833 5.910833 5.910833 0.665430 0.665430 0.665430
9070 5.910833 5.910833 5.910833 0.665430 0.665430 0.665430
9080 5.910833 5.910833 5.910833 0.665430 0.665430 0.665430
9090 5.910833 5.910833 5.910833 0.665430 0.665430 0.665430
9100 5.910833 5.910833 5.910833 0.665430 0.665430 0.665430
9110 5.910833 5.910833 5.910833 0.665430 0.665430 0.665430
9120 5.910833 5.910833 5.910833 0.665430 0.665430 0.665430
9130 5.910833 5.910833 5.910833 0.665430 0.665430 0.665430
9140 5.910833 5.910833 5.910833 0.665430 0.665430 0.665430
9150 5.910833 5.910833 5.910833 0.665430 0.665430 0.665430
9160 5.910833 5.910833 5.910833 0.665430 0.665430 0.665430
9170 5.910833 5.910833 5.910833 0.665430 0.665430 0.665430
9180 5.910833 5.910833 5.910833 0.665430 0.665430 0.665430
9190 5.910833 5.910833 5.910833 0.665430 0.665430 0.665430
9200 5.910833 5.910833 5.910833 0.665430 0.665430 0.665430
9210 5.910833 5.910833 5.910833 0.665430 0.665430 0.665430
9220 5.910833 5.910833 5.910833 0.665430 0.665430 0.665430
9230 5.910833 5.910833 5.910833 0.665430 0.665430 0.665430
9240 5.910833 5.910833 5.910833 0.665430 0.665430 0.665430
9250 5.910833 5.910833 5.910833 0.665430 0.665430 0.665430
9260 5.910833 5.910833 5.910833 0.665430 0.665430 0.665430
9270 5.910833 5.910833 5.910833 0.665430 0.665430 0.665430
9280 5.910833 5.910833 5.910833 0.665430 0.665430 0.665430
9290 5.910833 5.910833 5.910833 0.665430 0.665430 0.665430
9300 5.910833 5.910833 5.910833 0.665430 0.665430 0.665430
9310 5.910833 5.910833 5.910833 0.665430 0.665430 0.665430
9320 5.910833 5.910833 5.910833 0.665430 0.665430 0.665430
9330 5.910833 5.910833 5.910833 0.665430 0.665430 0.665430
9340 5.910833 5.910833 5.910833 0.665430 0.665430 0.665430
9350 5.910833 5.910833 5.910833 0.665430 0.665430 0.665430
9360 5.910833 5.910833 5.910833 0.665430 0.665430 0.665430
9370 5.910833 5.910833 5.910833 0.665430 0.665430 0.665430
9380 5.910833 5.910833 5.910833 0.665430 0.665430 0.665430
9390 5.910833 5.910833 5.910833 0.665430 0.665430 0.665430
9400 5.910833 5.910833 5.910833 0.665430 0.665430 0.665430
9410 5.910833 5.910833 5.910833 0.665430 0.665430 0.665430
9420 5.910833 5.910833 5.910833 0.665430 0.665430 0.665430
9430 5.910833 5.910833 5.910833 0.665430 0.665430 0.665430
9440 5.910833 5.910833 5.910833 0.665430 0.665430 0.665430
9450 5.910833 5.910833 5.910833 0.665430 0.665430 0.665430
9460 5.910833 5.910833 5.910833 0.665430 0.665430 0.665430
9470 5.910833 5.910833 5.910833 0.665430 0.665430 0.665430
9480 5.910833 5.910833 5.910833 0.665430 0.665430 0.665430
9490 5.910833 5.910833 5.910833 0.665430 0.665430 0.665430
9500 5.910833 5.910833 5.910833 0.665430 0.665430 0.665430
9510 5.910833 5.910833 5.910833 0.665430 0.665430 0.665430
9520 5.910833 5.910833 5.910833 0.665430 0.665430 0.665430
9530 5.910833 5.910833 5.910833 0.665430 0.665430 0.665430
9540 5.910833 5.910833 5.910833 0.665430 0.665430 0.665430
9550 5.910833 5.910833 5.910833 0.665430 0.665430 0.665430
9560 5.910833 5.910833 5.910833 0.665430 0.665430 0.665430
9570 5.910833 5.910833 5.910833 0.665430 0.665430 0.665430
9580 5.910833 5.910833 5.910833 0.665430 0.665430 0.665430
9590 5.910833 5.910833 5.910833 0.665430 0.665430 0.665430
9600 5.910833 5.910833 5.910833 0.665430 0.665430 0.665430
9610 5.910833 5.910833 5.910833 0.665430 0.665430 0.665430
9620 5.910833 5.910833 5.910833 0.665430 0.665430 0.665430
9630 5.910833 5.910833 5.910833 0.665430 0.665430 0.665430
9640 5.910833 5.910833 5.910833 0.665430 0.665430 0.665430
9650 5.910833 5.910833 5.910833 0.665430 0.665430 0.665430
9660 5.910833 5.910833 5.910833 0.665430 0.665430 0.665430
9670 5.910833 5.910833 5.910833 0.665430 0.665430 0.665430
9680 5.910833 5.910833 5.910833 0.665430 0.665430 0.665430
9690 5.910833 5.910833 5.910833 0.665430 0.665430 0.665430
9700 5.910833 5.910833 5.910833 0.665430 0.665430 0.665430
9710 5.910833 5.910833 5.910833 0.665430 0.665430 0.665430
9720 5.910833 5.910833 5.910833 0.665430 0.665430 0.665430
9730 5.910833 5.910833 5.910833 0.665430 0.665430 0.665430
9740 5.910833 5.910833 5.910833 0.665430 0.665430 0.665430
9750 5.910833 5.910833 5.910833 0.665430 0.665430 0.665430
9760 5.910833 5.910833 5.910833 0.665430 0.665430 0.665430
9770 5.910833 5.910833 5.910833 0.665430 0.665430 0.665430
9780 5.910833 5.910833 5.910833 0.665430 0.665430 0.665430
9790 5.910833 5.910833 5.910833 0.665430 0.665430 0.665430
9800 5.910833 5.910833 5.910833 0.665430 0.665430 0.665430
9810 5.910833 5.910833 5.910833 0.665430 0.665430 0.665430
9820 5.910833 5.910833 5.910833 0.665430 0.665430 0.665430
9830 5.910833 5.910833 5.910833 0.665430 0.665430 0.665430
9840 5.910833 5.910833 5.910833 0.665430 0.665430 0.665430
9850 5.910833 5.910833 5.910833 0.665430 0.665430 0.665430
9860 5.910833 5.910833 5.910833 0.665430 0.665430 0.665430
9870 5.910833 5.910833 5.910833 0.665430 0.665430 0.665430
9880 5.910833 5.910833 5.910833 0.665430 0.665430 0.665430
9890 5.910833 5.910833 5.910833 0.665430 0.665430 0.665430
9900 5.910833 5.910833 5.910833 0.665430 0.665430 0.665430
9910 5.910833 5.910833 5.910833 0.665430 0.665430 0.665430
9920 5.910833 5.910833 5.910833 0.665430 0.665430 0.665430
9930 5.910833 5.910833 5.910833 0.665430 0.665430 0.665430
9940 5.910833 5.910833 5.910833 0.665430 0.665430 0.665430
9950 5.910833 5.910833 5.910833 0.665430 0.665430 0.665430
9960 5.910833 5.910833 5.910833 0.665430 0.665430 0.665430
9970 5.910833 5.910833 5.910833 0.665430 0.665430 0.665430
9980 5.910833 5.910833 5.910833 0.665430 0.665430 0.665430
9990 5.910833 5.910833 5.910833 0.665430 0.665430 0.665430
10000 5.910833 5.910833 5.910833 0.665430 0.665430 0.665430
