# generation power_min power_avg power_max util_min util_avg util_max
1 38.236051 39.041607 39.988457 0.688650 0.709820 0.729271
10 38.128233 38.926433 39.580236 0.695730 0.712248 0.731479
20 38.116763 38.816392 39.383244 0.699356 0.714433 0.731479
30 38.093945 38.726712 39.254068 0.699356 0.715946 0.731479
40 37.833620 38.635670 39.150898 0.705827 0.718148 0.731479
50 37.833620 38.550834 39.070125 0.707375 0.719679 0.732844
60 37.826914 38.465687 38.908820 0.709415 0.721264 0.732844
70 37.820744 38.389438 38.829293 0.709969 0.722817 0.735384
80 37.492542 38.313493 38.692361 0.709969 0.724239 0.740687
90 37.492542 38.243326 38.625797 0.709969 0.725528 0.740687
100 37.492542 38.171282 38.568422 0.716747 0.726759 0.740687
110 37.492542 38.093617 38.460008 0.718356 0.728122 0.740687
120 37.492542 38.027649 38.401166 0.718356 0.729242 0.740687
130 37.492542 37.957843 38.345216 0.719641 0.730399 0.740687
140 37.492542 37.891808 38.313582 0.719641 0.731121 0.740687
150 37.477593 37.830813 38.163205 0.720870 0.731848 0.740687
160 37.458916 37.775222 38.101577 0.721567 0.733008 0.740687
170 37.240892 37.720445 38.040210 0.726034 0.733994 0.742750
180 37.240892 37.664959 37.954640 0.728074 0.734774 0.742750
190 37.240892 37.619191 37.896883 0.729366 0.735369 0.742750
200 37.240892 37.581114 37.824031 0.730049 0.735891 0.742750
210 37.139021 37.540361 37.767718 0.730275 0.736629 0.744416
220 37.139021 37.500395 37.747697 0.731161 0.737462 0.744416
230 37.139021 37.464484 37.679706 0.733904 0.738020 0.744416
240 37.139021 37.427587 37.560787 0.735708 0.738637 0.744815
250 37.139021 37.393424 37.560787 0.735708 0.739368 0.744815
260 37.096566 37.355645 37.541500 0.735882 0.740164 0.746082
270 37.096566 37.321801 37.493726 0.737112 0.740784 0.746082
280 37.075665 37.289466 37.482870 0.737112 0.741437 0.746481
290 37.075665 37.258936 37.458916 0.737233 0.742055 0.746481
300 37.075665 37.229926 37.458916 0.737233 0.742724 0.746481
310 37.075665 37.199202 37.424405 0.737233 0.743364 0.746481
320 37.075665 37.172671 37.381874 0.737916 0.744007 0.746481
330 37.075665 37.157463 37.240892 0.742750 0.744395 0.746481
340 37.075665 37.145577 37.240892 0.742750 0.744628 0.746481
350 37.028454 37.131313 37.240892 0.742750 0.744942 0.747484
360 37.028454 37.122252 37.173830 0.744198 0.745150 0.748147
370 37.028454 37.114591 37.139021 0.744416 0.745328 0.748147
380 36.965098 37.107980 37.139021 0.744416 0.745558 0.749549
390 36.965098 37.103107 37.139021 0.744416 0.745737 0.749549
400 36.965098 37.097386 37.139021 0.744416 0.745949 0.749549
410 36.965098 37.088873 37.139021 0.744416 0.746241 0.749549
420 36.965098 37.080570 37.139021 0.744416 0.746528 0.749549
430 36.965098 37.076553 37.096566 0.746082 0.746665 0.749549
440 36.965098 37.070122 37.096566 0.746082 0.746858 0.749549
450 36.965098 37.061062 37.096566 0.746082 0.747121 0.749549
460 36.965098 37.054045 37.096566 0.746082 0.747341 0.749549
470 36.965098 37.047029 37.096566 0.746082 0.747562 0.749549
480 36.965098 37.037969 37.096566 0.746082 0.747824 0.749549
490 36.965098 37.028908 37.096566 0.746082 0.748087 0.749549
500 36.965098 37.020893 37.075665 0.746481 0.748330 0.749549
510 36.965098 37.013410 37.033211 0.747484 0.748547 0.749549
520 36.965098 37.010005 37.033211 0.747484 0.748617 0.749549
530 36.965098 37.004556 37.033211 0.747484 0.748729 0.749549
540 36.965098 36.997744 37.033211 0.747484 0.748870 0.749549
550 36.965098 36.990933 37.033211 0.747484 0.749010 0.749549
560 36.965098 36.984122 37.033211 0.747484 0.749150 0.749549
570 36.965098 36.977311 37.033211 0.747484 0.749290 0.749549
580 36.965098 36.970499 37.033211 0.747484 0.749430 0.749549
590 36.965098 36.965098 36.965098 0.749549 0.749549 0.749549
600 36.965098 36.965098 36.965098 0.749549 0.749549 0.749549
610 36.965098 36.965098 36.965098 0.749549 0.749549 0.749549
620 36.965098 36.965098 36.965098 0.749549 0.749549 0.749549
630 36.965098 36.965098 36.965098 0.749549 0.749549 0.749549
640 36.965098 36.965098 36.965098 0.749549 0.749549 0.749549
650 36.965098 36.965098 36.965098 0.749549 0.749549 0.749549
660 36.965098 36.965098 36.965098 0.749549 0.749549 0.749549
670 36.965098 36.965098 36.965098 0.749549 0.749549 0.749549
680 36.965098 36.965098 36.965098 0.749549 0.749549 0.749549
690 36.965098 36.965098 36.965098 0.749549 0.749549 0.749549
700 36.965098 36.965098 36.965098 0.749549 0.749549 0.749549
710 36.965098 36.965098 36.965098 0.749549 0.749549 0.749549
720 36.965098 36.965098 36.965098 0.749549 0.749549 0.749549
730 36.965098 36.965098 36.965098 0.749549 0.749549 0.749549
740 36.965098 36.965098 36.965098 0.749549 0.749549 0.749549
750 36.965098 36.965098 36.965098 0.749549 0.749549 0.749549
760 36.965098 36.965098 36.965098 0.749549 0.749549 0.749549
770 36.965098 36.965098 36.965098 0.749549 0.749549 0.749549
780 36.965098 36.965098 36.965098 0.749549 0.749549 0.749549
790 36.965098 36.965098 36.965098 0.749549 0.749549 0.749549
800 36.965098 36.965098 36.965098 0.749549 0.749549 0.749549
810 36.965098 36.965098 36.965098 0.749549 0.749549 0.749549
820 36.965098 36.965098 36.965098 0.749549 0.749549 0.749549
830 36.965098 36.965098 36.965098 0.749549 0.749549 0.749549
840 36.965098 36.965098 36.965098 0.749549 0.749549 0.749549
850 36.965098 36.965098 36.965098 0.749549 0.749549 0.749549
860 36.965098 36.965098 36.965098 0.749549 0.749549 0.749549
870 36.965098 36.965098 36.965098 0.749549 0.749549 0.749549
880 36.965098 36.965098 36.965098 0.749549 0.749549 0.749549
890 36.965098 36.965098 36.965098 0.749549 0.749549 0.749549
900 36.965098 36.965098 36.965098 0.749549 0.749549 0.749549
910 36.965098 36.965098 36.965098 0.749549 0.749549 0.749549
920 36.965098 36.965098 36.965098 0.749549 0.749549 0.749549
930 36.965098 36.965098 36.965098 0.749549 0.749549 0.749549
940 36.965098 36.965098 36.965098 0.749549 0.749549 0.749549
950 36.965098 36.965098 36.965098 0.749549 0.749549 0.749549
960 36.965098 36.965098 36.965098 0.749549 0.749549 0.749549
970 36.965098 36.965098 36.965098 0.749549 0.749549 0.749549
980 36.965098 36.965098 36.965098 0.749549 0.749549 0.749549
990 36.965098 36.965098 36.965098 0.749549 0.749549 0.749549
1000 36.965098 36.965098 36.965098 0.749549 0.749549 0.749549
1010 36.965098 36.965098 36.965098 0.749549 0.749549 0.749549
1020 36.965098 36.965098 36.965098 0.749549 0.749549 0.749549
1030 36.965098 36.965098 36.965098 0.749549 0.749549 0.749549
1040 36.965098 36.965098 36.965098 0.749549 0.749549 0.749549
1050 36.965098 36.965098 36.965098 0.749549 0.749549 0.749549
1060 36.965098 36.965098 36.965098 0.749549 0.749549 0.749549
1070 36.965098 36.965098 36.965098 0.749549 0.749549 0.749549
1080 36.965098 36.965098 36.965098 0.749549 0.749549 0.749549
1090 36.965098 36.965098 36.965098 0.749549 0.749549 0.749549
1100 36.965098 36.965098 36.965098 0.749549 0.749549 0.749549
1110 36.965098 36.965098 36.965098 0.749549 0.749549 0.749549
1120 36.965098 36.965098 36.965098 0.749549 0.749549 0.749549
1130 36.965098 36.965098 36.965098 0.749549 0.749549 0.749549
1140 36.965098 36.965098 36.965098 0.749549 0.749549 0.749549
1150 36.965098 36.965098 36.965098 0.749549 0.749549 0.749549
1160 36.965098 36.965098 36.965098 0.749549 0.749549 0.749549
1170 36.965098 36.965098 36.965098 0.749549 0.749549 0.749549
1180 36.965098 36.965098 36.965098 0.749549 0.749549 0.749549
1190 36.965098 36.965098 36.965098 0.749549 0.749549 0.749549
1200 36.965098 36.965098 36.965098 0.749549 0.749549 0.749549
1210 36.965098 36.965098 36.965098 0.749549 0.749549 0.749549
1220 36.965098 36.965098 36.965098 0.749549 0.749549 0.749549
1230 36.965098 36.965098 36.965098 0.749549 0.749549 0.749549
1240 36.965098 36.965098 36.965098 0.749549 0.749549 0.749549
1250 36.965098 36.965098 36.965098 0.749549 0.749549 0.749549
1260 36.965098 36.965098 36.965098 0.749549 0.749549 0.749549
1270 36.965098 36.965098 36.965098 0.749549 0.749549 0.749549
1280 36.965098 36.965098 36.965098 0.749549 0.749549 0.749549
1290 36.965098 36.965098 36.965098 0.749549 0.749549 0.749549
1300 36.965098 36.965098 36.965098 0.749549 0.749549 0.749549
1310 36.965098 36.965098 36.965098 0.749549 0.749549 0.749549
1320 36.965098 36.965098 36.965098 0.749549 0.749549 0.749549
1330 36.965098 36.965098 36.965098 0.749549 0.749549 0.749549
1340 36.965098 36.965098 36.965098 0.749549 0.749549 0.749549
1350 36.965098 36.965098 36.965098 0.749549 0.749549 0.749549
1360 36.965098 36.965098 36.965098 0.749549 0.749549 0.749549
1370 36.965098 36.965098 36.965098 0.749549 0.749549 0.749549
1380 36.965098 36.965098 36.965098 0.749549 0.749549 0.749549
1390 36.965098 36.965098 36.965098 0.749549 0.749549 0.749549
1400 36.965098 36.965098 36.965098 0.749549 0.749549 0.749549
1410 36.965098 36.965098 36.965098 0.749549 0.749549 0.749549
1420 36.965098 36.965098 36.965098 0.749549 0.749549 0.749549
1430 36.965098 36.965098 36.965098 0.749549 0.749549 0.749549
1440 36.965098 36.965098 36.965098 0.749549 0.749549 0.749549
1450 36.965098 36.965098 36.965098 0.749549 0.749549 0.749549
1460 36.965098 36.965098 36.965098 0.749549 0.749549 0.749549
1470 36.965098 36.965098 36.965098 0.749549 0.749549 0.749549
1480 36.965098 36.965098 36.965098 0.749549 0.749549 0.749549
1490 36.965098 36.965098 36.965098 0.749549 0.749549 0.749549
1500 36.965098 36.965098 36.965098 0.749549 0.749549 0.749549
1510 36.965098 36.965098 36.965098 0.749549 0.749549 0.749549
1520 36.965098 36.965098 36.965098 0.749549 0.749549 0.749549
1530 36.965098 36.965098 36.965098 0.749549 0.749549 0.749549
1540 36.965098 36.965098 36.965098 0.749549 0.749549 0.749549
1550 36.965098 36.965098 36.965098 0.749549 0.749549 0.749549
1560 36.965098 36.965098 36.965098 0.749549 0.749549 0.749549
1570 36.965098 36.965098 36.965098 0.749549 0.749549 0.749549
1580 36.965098 36.965098 36.965098 0.749549 0.749549 0.749549
1590 36.965098 36.965098 36.965098 0.749549 0.749549 0.749549
1600 36.965098 36.965098 36.965098 0.749549 0.749549 0.749549
1610 36.965098 36.965098 36.965098 0.749549 0.749549 0.749549
1620 36.965098 36.965098 36.965098 0.749549 0.749549 0.749549
1630 36.965098 36.965098 36.965098 0.749549 0.749549 0.749549
1640 36.965098 36.965098 36.965098 0.749549 0.749549 0.749549
1650 36.965098 36.965098 36.965098 0.749549 0.749549 0.749549
1660 36.965098 36.965098 36.965098 0.749549 0.749549 0.749549
1670 36.965098 36.965098 36.965098 0.749549 0.749549 0.749549
1680 36.965098 36.965098 36.965098 0.749549 0.749549 0.749549
1690 36.965098 36.965098 36.965098 0.749549 0.749549 0.749549
1700 36.965098 36.965098 36.965098 0.749549 0.749549 0.749549
1710 36.965098 36.965098 36.965098 0.749549 0.749549 0.749549
1720 36.965098 36.965098 36.965098 0.749549 0.749549 0.749549
1730 36.965098 36.965098 36.965098 0.749549 0.749549 0.749549
1740 36.965098 36.965098 36.965098 0.749549 0.749549 0.749549
1750 36.965098 36.965098 36.965098 0.749549 0.749549 0.749549
1760 36.965098 36.965098 36.965098 0.749549 0.749549 0.749549
1770 36.965098 36.965098 36.965098 0.749549 0.749549 0.749549
1780 36.965098 36.965098 36.965098 0.749549 0.749549 0.749549
1790 36.965098 36.965098 36.965098 0.749549 0.749549 0.749549
1800 36.965098 36.965098 36.965098 0.749549 0.749549 0.749549
1810 36.965098 36.965098 36.965098 0.749549 0.749549 0.749549
1820 36.965098 36.965098 36.965098 0.749549 0.749549 0.749549
1830 36.965098 36.965098 36.965098 0.749549 0.749549 0.749549
1840 36.965098 36.965098 36.965098 0.749549 0.749549 0.749549
1850 36.965098 36.965098 36.965098 0.749549 0.749549 0.749549
1860 36.965098 36.965098 36.965098 0.749549 0.749549 0.749549
1870 36.965098 36.965098 36.965098 0.749549 0.749549 0.749549
1880 36.965098 36.965098 36.965098 0.749549 0.749549 0.749549
1890 36.965098 36.965098 36.965098 0.749549 0.749549 0.749549
1900 36.965098 36.965098 36.965098 0.749549 0.749549 0.749549
1910 36.965098 36.965098 36.965098 0.749549 0.749549 0.749549
1920 36.965098 36.965098 36.965098 0.749549 0.749549 0.749549
1930 36.965098 36.965098 36.965098 0.749549 0.749549 0.749549
1940 36.965098 36.965098 36.965098 0.749549 0.749549 0.749549
1950 36.965098 36.965098 36.965098 0.749549 0.749549 0.749549
1960 36.965098 36.965098 36.965098 0.749549 0.749549 0.749549
1970 36.965098 36.965098 36.965098 0.749549 0.749549 0.749549
1980 36.965098 36.965098 36.965098 0.749549 0.749549 0.749549
1990 36.965098 36.965098 36.965098 0.749549 0.749549 0.749549
2000 36.965098 36.965098 36.965098 0.749549 0.749549 0.749549
2010 36.965098 36.965098 36.965098 0.749549 0.749549 0.749549
2020 36.965098 36.965098 36.965098 0.749549 0.749549 0.749549
2030 36.965098 36.965098 36.965098 0.749549 0.749549 0.749549
2040 36.965098 36.965098 36.965098 0.749549 0.749549 0.749549
2050 36.965098 36.965098 36.965098 0.749549 0.749549 0.749549
2060 36.965098 36.965098 36.965098 0.749549 0.749549 0.749549
2070 36.965098 36.965098 36.965098 0.749549 0.749549 0.749549
2080 36.965098 36.965098 36.965098 0.749549 0.749549 0.749549
2090 36.965098 36.965098 36.965098 0.749549 0.749549 0.749549
2100 36.965098 36.965098 36.965098 0.749549 0.749549 0.749549
2110 36.965098 36.965098 36.965098 0.749549 0.749549 0.749549
2120 36.965098 36.965098 36.965098 0.749549 0.749549 0.749549
2130 36.965098 36.965098 36.965098 0.749549 0.749549 0.749549
2140 36.965098 36.965098 36.965098 0.749549 0.749549 0.749549
2150 36.965098 36.965098 36.965098 0.749549 0.749549 0.749549
2160 36.965098 36.965098 36.965098 0.749549 0.749549 0.749549
2170 36.965098 36.965098 36.965098 0.749549 0.749549 0.749549
2180 36.965098 36.965098 36.965098 0.749549 0.749549 0.749549
2190 36.965098 36.965098 36.965098 0.749549 0.749549 0.749549
2200 36.965098 36.965098 36.965098 0.749549 0.749549 0.749549
2210 36.965098 36.965098 36.965098 0.749549 0.749549 0.749549
2220 36.965098 36.965098 36.965098 0.749549 0.749549 0.749549
2230 36.965098 36.965098 36.965098 0.749549 0.749549 0.749549
2240 36.965098 36.965098 36.965098 0.749549 0.749549 0.749549
2250 36.965098 36.965098 36.965098 0.749549 0.749549 0.749549
2260 36.965098 36.965098 36.965098 0.749549 0.749549 0.749549
2270 36.965098 36.965098 36.965098 0.749549 0.749549 0.749549
2280 36.965098 36.965098 36.965098 0.749549 0.749549 0.749549
2290 36.965098 36.965098 36.965098 0.749549 0.749549 0.749549
2300 36.965098 36.965098 36.965098 0.749549 0.749549 0.749549
2310 36.965098 36.965098 36.965098 0.749549 0.749549 0.749549
2320 36.965098 36.965098 36.965098 0.749549 0.749549 0.749549
2330 36.965098 36.965098 36.965098 0.749549 0.749549 0.749549
2340 36.965098 36.965098 36.965098 0.749549 0.749549 0.749549
2350 36.965098 36.965098 36.965098 0.749549 0.749549 0.749549
2360 36.965098 36.965098 36.965098 0.749549 0.749549 0.749549
2370 36.965098 36.965098 36.965098 0.749549 0.749549 0.749549
2380 36.965098 36.965098 36.965098 0.749549 0.749549 0.749549
2390 36.965098 36.965098 36.965098 0.749549 0.749549 0.749549
2400 36.965098 36.965098 36.965098 0.749549 0.749549 0.749549
2410 36.965098 36.965098 36.965098 0.749549 0.749549 0.749549
2420 36.965098 36.965098 36.965098 0.749549 0.749549 0.749549
2430 36.965098 36.965098 36.965098 0.749549 0.749549 0.749549
2440 36.965098 36.965098 36.965098 0.749549 0.749549 0.749549
2450 36.965098 36.965098 36.965098 0.749549 0.749549 0.749549
2460 36.965098 36.965098 36.965098 0.749549 0.749549 0.749549
2470 36.965098 36.965098 36.965098 0.749549 0.749549 0.749549
2480 36.965098 36.965098 36.965098 0.749549 0.749549 0.749549
2490 36.965098 36.965098 36.965098 0.749549 0.749549 0.749549
2500 36.965098 36.965098 36.965098 0.749549 0.749549 0.749549
2510 36.965098 36.965098 36.965098 0.749549 0.749549 0.749549
2520 36.965098 36.965098 36.965098 0.749549 0.749549 0.749549
2530 36.965098 36.965098 36.965098 0.749549 0.749549 0.749549
2540 36.965098 36.965098 36.965098 0.749549 0.749549 0.749549
2550 36.965098 36.965098 36.965098 0.749549 0.749549 0.749549
2560 36.965098 36.965098 36.965098 0.749549 0.749549 0.749549
2570 36.965098 36.965098 36.965098 0.749549 0.749549 0.749549
2580 36.965098 36.965098 36.965098 0.749549 0.749549 0.749549
2590 36.965098 36.965098 36.965098 0.749549 0.749549 0.749549
2600 36.965098 36.965098 36.965098 0.749549 0.749549 0.749549
2610 36.965098 36.965098 36.965098 0.749549 0.749549 0.749549
2620 36.965098 36.965098 36.965098 0.749549 0.749549 0.749549
2630 36.965098 36.965098 36.965098 0.749549 0.749549 0.749549
2640 36.965098 36.965098 36.965098 0.749549 0.749549 0.749549
2650 36.965098 36.965098 36.965098 0.749549 0.749549 0.749549
2660 36.965098 36.965098 36.965098 0.749549 0.749549 0.749549
2670 36.965098 36.965098 36.965098 0.749549 0.749549 0.749549
2680 36.965098 36.965098 36.965098 0.749549 0.749549 0.749549
2690 36.965098 36.965098 36.965098 0.749549 0.749549 0.749549
2700 36.965098 36.965098 36.965098 0.749549 0.749549 0.749549
2710 36.965098 36.965098 36.965098 0.749549 0.749549 0.749549
2720 36.965098 36.965098 36.965098 0.749549 0.749549 0.749549
2730 36.965098 36.965098 36.965098 0.749549 0.749549 0.749549
2740 36.965098 36.965098 36.965098 0.749549 0.749549 0.749549
2750 36.965098 36.965098 36.965098 0.749549 0.749549 0.749549
2760 36.965098 36.965098 36.965098 0.749549 0.749549 0.749549
2770 36.965098 36.965098 36.965098 0.749549 0.749549 0.749549
2780 36.965098 36.965098 36.965098 0.749549 0.749549 0.749549
2790 36.965098 36.965098 36.965098 0.749549 0.749549 0.749549
2800 36.965098 36.965098 36.965098 0.749549 0.749549 0.749549
2810 36.965098 36.965098 36.965098 0.749549 0.749549 0.749549
2820 36.965098 36.965098 36.965098 0.749549 0.749549 0.749549
2830 36.965098 36.965098 36.965098 0.749549 0.749549 0.749549
2840 36.965098 36.965098 36.965098 0.749549 0.749549 0.749549
2850 36.965098 36.965098 36.965098 0.749549 0.749549 0.749549
2860 36.965098 36.965098 36.965098 0.749549 0.749549 0.749549
2870 36.965098 36.965098 36.965098 0.749549 0.749549 0.749549
2880 36.965098 36.965098 36.965098 0.749549 0.749549 0.749549
2890 36.965098 36.965098 36.965098 0.749549 0.749549 0.749549
2900 36.965098 36.965098 36.965098 0.749549 0.749549 0.749549
2910 36.965098 36.965098 36.965098 0.749549 0.749549 0.749549
2920 36.965098 36.965098 36.965098 0.749549 0.749549 0.749549
2930 36.965098 36.965098 36.965098 0.749549 0.749549 0.749549
2940 36.965098 36.965098 36.965098 0.749549 0.749549 0.749549
2950 36.965098 36.965098 36.965098 0.749549 0.749549 0.749549
2960 36.965098 36.965098 36.965098 0.749549 0.749549 0.749549
2970 36.965098 36.965098 36.965098 0.749549 0.749549 0.749549
2980 36.965098 36.965098 36.965098 0.749549 0.749549 0.749549
2990 36.965098 36.965098 36.965098 0.749549 0.749549 0.749549
3000 36.965098 36.965098 36.965098 0.749549 0.749549 0.749549
3010 36.965098 36.965098 36.965098 0.749549 0.749549 0.749549
3020 36.965098 36.965098 36.965098 0.749549 0.749549 0.749549
3030 36.965098 36.965098 36.965098 0.749549 0.749549 0.749549
3040 36.965098 36.965098 36.965098 0.749549 0.749549 0.749549
3050 36.965098 36.965098 36.965098 0.749549 0.749549 0.749549
3060 36.965098 36.965098 36.965098 0.749549 0.749549 0.749549
3070 36.965098 36.965098 36.965098 0.749549 0.749549 0.749549
3080 36.965098 36.965098 36.965098 0.749549 0.749549 0.749549
3090 36.965098 36.965098 36.965098 0.749549 0.749549 0.749549
3100 36.965098 36.965098 36.965098 0.749549 0.749549 0.749549
3110 36.965098 36.965098 36.965098 0.749549 0.749549 0.749549
3120 36.965098 36.965098 36.965098 0.749549 0.749549 0.749549
3130 36.965098 36.965098 36.965098 0.749549 0.749549 0.749549
3140 36.965098 36.965098 36.965098 0.749549 0.749549 0.749549
3150 36.965098 36.965098 36.965098 0.749549 0.749549 0.749549
3160 36.965098 36.965098 36.965098 0.749549 0.749549 0.749549
3170 36.965098 36.965098 36.965098 0.749549 0.749549 0.749549
3180 36.965098 36.965098 36.965098 0.749549 0.749549 0.749549
3190 36.965098 36.965098 36.965098 0.749549 0.749549 0.749549
3200 36.965098 36.965098 36.965098 0.749549 0.749549 0.749549
3210 36.965098 36.965098 36.965098 0.749549 0.749549 0.749549
3220 36.965098 36.965098 36.965098 0.749549 0.749549 0.749549
3230 36.965098 36.965098 36.965098 0.749549 0.749549 0.749549
3240 36.965098 36.965098 36.965098 0.749549 0.749549 0.749549
3250 36.965098 36.965098 36.965098 0.749549 0.749549 0.749549
3260 36.965098 36.965098 36.965098 0.749549 0.749549 0.749549
3270 36.965098 36.965098 36.965098 0.749549 0.749549 0.749549
3280 36.965098 36.965098 36.965098 0.749549 0.749549 0.749549
3290 36.965098 36.965098 36.965098 0.749549 0.749549 0.749549
3300 36.965098 36.965098 36.965098 0.749549 0.749549 0.749549
3310 36.965098 36.965098 36.965098 0.749549 0.749549 0.749549
3320 36.965098 36.965098 36.965098 0.749549 0.749549 0.749549
3330 36.965098 36.965098 36.965098 0.749549 0.749549 0.749549
3340 36.965098 36.965098 36.965098 0.749549 0.749549 0.749549
3350 36.965098 36.965098 36.965098 0.749549 0.749549 0.749549
3360 36.965098 36.965098 36.965098 0.749549 0.749549 0.749549
3370 36.965098 36.965098 36.965098 0.749549 0.749549 0.749549
3380 36.965098 36.965098 36.965098 0.749549 0.749549 0.749549
3390 36.965098 36.965098 36.965098 0.749549 0.749549 0.749549
3400 36.965098 36.965098 36.965098 0.749549 0.749549 0.749549
3410 36.965098 36.965098 36.965098 0.749549 0.749549 0.749549
3420 36.965098 36.965098 36.965098 0.749549 0.749549 0.749549
3430 36.965098 36.965098 36.965098 0.749549 0.749549 0.749549
3440 36.965098 36.965098 36.965098 0.749549 0.749549 0.749549
3450 36.965098 36.965098 36.965098 0.749549 0.749549 0.749549
3460 36.965098 36.965098 36.965098 0.749549 0.749549 0.749549
3470 36.965098 36.965098 36.965098 0.749549 0.749549 0.749549
3480 36.965098 36.965098 36.965098 0.749549 0.749549 0.749549
3490 36.965098 36.965098 36.965098 0.749549 0.749549 0.749549
3500 36.965098 36.965098 36.965098 0.749549 0.749549 0.749549
3510 36.965098 36.965098 36.965098 0.749549 0.749549 0.749549
3520 36.965098 36.965098 36.965098 0.749549 0.749549 0.749549
3530 36.965098 36.965098 36.965098 0.749549 0.749549 0.749549
3540 36.965098 36.965098 36.965098 0.749549 0.749549 0.749549
3550 36.965098 36.965098 36.965098 0.749549 0.749549 0.749549
3560 36.965098 36.965098 36.965098 0.749549 0.749549 0.749549
3570 36.965098 36.965098 36.965098 0.749549 0.749549 0.749549
3580 36.965098 36.965098 36.965098 0.749549 0.749549 0.749549
3590 36.965098 36.965098 36.965098 0.749549 0.749549 0.749549
3600 36.965098 36.965098 36.965098 0.749549 0.749549 0.749549
3610 36.965098 36.965098 36.965098 0.749549 0.749549 0.749549
3620 36.965098 36.965098 36.965098 0.749549 0.749549 0.749549
3630 36.965098 36.965098 36.965098 0.749549 0.749549 0.749549
3640 36.965098 36.965098 36.965098 0.749549 0.749549 0.749549
3650 36.965098 36.965098 36.965098 0.749549 0.749549 0.749549
3660 36.965098 36.965098 36.965098 0.749549 0.749549 0.749549
3670 36.965098 36.965098 36.965098 0.749549 0.749549 0.749549
3680 36.965098 36.965098 36.965098 0.749549 0.749549 0.749549
3690 36.965098 36.965098 36.965098 0.749549 0.749549 0.749549
3700 36.965098 36.965098 36.965098 0.749549 0.749549 0.749549
3710 36.965098 36.965098 36.965098 0.749549 0.749549 0.749549
3720 36.965098 36.965098 36.965098 0.749549 0.749549 0.749549
3730 36.965098 36.965098 36.965098 0.749549 0.749549 0.749549
3740 36.965098 36.965098 36.965098 0.749549 0.749549 0.749549
3750 36.965098 36.965098 36.965098 0.749549 0.749549 0.749549
3760 36.965098 36.965098 36.965098 0.749549 0.749549 0.749549
3770 36.965098 36.965098 36.965098 0.749549 0.749549 0.749549
3780 36.965098 36.965098 36.965098 0.749549 0.749549 0.749549
3790 36.965098 36.965098 36.965098 0.749549 0.749549 0.749549
3800 36.965098 36.965098 36.965098 0.749549 0.749549 0.749549
3810 36.965098 36.965098 36.965098 0.749549 0.749549 0.749549
3820 36.965098 36.965098 36.965098 0.749549 0.749549 0.749549
3830 36.965098 36.965098 36.965098 0.749549 0.749549 0.749549
3840 36.965098 36.965098 36.965098 0.749549 0.749549 0.749549
3850 36.965098 36.965098 36.965098 0.749549 0.749549 0.749549
3860 36.965098 36.965098 36.965098 0.749549 0.749549 0.749549
3870 36.965098 36.965098 36.965098 0.749549 0.749549 0.749549
3880 36.965098 36.965098 36.965098 0.749549 0.749549 0.749549
3890 36.965098 36.965098 36.965098 0.749549 0.749549 0.749549
3900 36.965098 36.965098 36.965098 0.749549 0.749549 0.749549
3910 36.965098 36.965098 36.965098 0.749549 0.749549 0.749549
3920 36.965098 36.965098 36.965098 0.749549 0.749549 0.749549
3930 36.965098 36.965098 36.965098 0.749549 0.749549 0.749549
3940 36.965098 36.965098 36.965098 0.749549 0.749549 0.749549
3950 36.965098 36.965098 36.965098 0.749549 0.749549 0.749549
3960 36.965098 36.965098 36.965098 0.749549 0.749549 0.749549
3970 36.965098 36.965098 36.965098 0.749549 0.749549 0.749549
3980 36.965098 36.965098 36.965098 0.749549 0.749549 0.749549
3990 36.965098 36.965098 36.965098 0.749549 0.749549 0.749549
4000 36.965098 36.965098 36.965098 0.749549 0.749549 0.749549
4010 36.965098 36.965098 36.965098 0.749549 0.749549 0.749549
4020 36.965098 36.965098 36.965098 0.749549 0.749549 0.749549
4030 36.965098 36.965098 36.965098 0.749549 0.749549 0.749549
4040 36.965098 36.965098 36.965098 0.749549 0.749549 0.749549
4050 36.965098 36.965098 36.965098 0.749549 0.749549 0.749549
4060 36.965098 36.965098 36.965098 0.749549 0.749549 0.749549
4070 36.965098 36.965098 36.965098 0.749549 0.749549 0.749549
4080 36.965098 36.965098 36.965098 0.749549 0.749549 0.749549
4090 36.965098 36.965098 36.965098 0.749549 0.749549 0.749549
4100 36.965098 36.965098 36.965098 0.749549 0.749549 0.749549
4110 36.965098 36.965098 36.965098 0.749549 0.749549 0.749549
4120 36.965098 36.965098 36.965098 0.749549 0.749549 0.749549
4130 36.965098 36.965098 36.965098 0.749549 0.749549 0.749549
4140 36.965098 36.965098 36.965098 0.749549 0.749549 0.749549
4150 36.965098 36.965098 36.965098 0.749549 0.749549 0.749549
4160 36.965098 36.965098 36.965098 0.749549 0.749549 0.749549
4170 36.965098 36.965098 36.965098 0.749549 0.749549 0.749549
4180 36.965098 36.965098 36.965098 0.749549 0.749549 0.749549
4190 36.965098 36.965098 36.965098 0.749549 0.749549 0.749549
4200 36.965098 36.965098 36.965098 0.749549 0.749549 0.749549
4210 36.965098 36.965098 36.965098 0.749549 0.749549 0.749549
4220 36.965098 36.965098 36.965098 0.749549 0.749549 0.749549
4230 36.965098 36.965098 36.965098 0.749549 0.749549 0.749549
4240 36.965098 36.965098 36.965098 0.749549 0.749549 0.749549
4250 36.965098 36.965098 36.965098 0.749549 0.749549 0.749549
4260 36.965098 36.965098 36.965098 0.749549 0.749549 0.749549
4270 36.965098 36.965098 36.965098 0.749549 0.749549 0.749549
4280 36.965098 36.965098 36.965098 0.749549 0.749549 0.749549
4290 36.965098 36.965098 36.965098 0.749549 0.749549 0.749549
4300 36.965098 36.965098 36.965098 0.749549 0.749549 0.749549
4310 36.965098 36.965098 36.965098 0.749549 0.749549 0.749549
4320 36.965098 36.965098 36.965098 0.749549 0.749549 0.749549
4330 36.965098 36.965098 36.965098 0.749549 0.749549 0.749549
4340 36.965098 36.965098 36.965098 0.749549 0.749549 0.749549
4350 36.965098 36.965098 36.965098 0.749549 0.749549 0.749549
4360 36.965098 36.965098 36.965098 0.749549 0.749549 0.749549
4370 36.965098 36.965098 36.965098 0.749549 0.749549 0.749549
4380 36.965098 36.965098 36.965098 0.749549 0.749549 0.749549
4390 36.965098 36.965098 36.965098 0.749549 0.749549 0.749549
4400 36.965098 36.965098 36.965098 0.749549 0.749549 0.749549
4410 36.965098 36.965098 36.965098 0.749549 0.749549 0.749549
4420 36.965098 36.965098 36.965098 0.749549 0.749549 0.749549
4430 36.965098 36.965098 36.965098 0.749549 0.749549 0.749549
4440 36.965098 36.965098 36.965098 0.749549 0.749549 0.749549
4450 36.965098 36.965098 36.965098 0.749549 0.749549 0.749549
4460 36.965098 36.965098 36.965098 0.749549 0.749549 0.749549
4470 36.965098 36.965098 36.965098 0.749549 0.749549 0.749549
4480 36.965098 36.965098 36.965098 0.749549 0.749549 0.749549
4490 36.965098 36.965098 36.965098 0.749549 0.749549 0.749549
4500 36.965098 36.965098 36.965098 0.749549 0.749549 0.749549
4510 36.965098 36.965098 36.965098 0.749549 0.749549 0.749549
4520 36.965098 36.965098 36.965098 0.749549 0.749549 0.749549
4530 36.965098 36.965098 36.965098 0.749549 0.749549 0.749549
4540 36.965098 36.965098 36.965098 0.749549 0.749549 0.749549
4550 36.965098 36.965098 36.965098 0.749549 0.749549 0.749549
4560 36.965098 36.965098 36.965098 0.749549 0.749549 0.749549
4570 36.965098 36.965098 36.965098 0.749549 0.749549 0.749549
4580 36.965098 36.965098 36.965098 0.749549 0.749549 0.749549
4590 36.965098 36.965098 36.965098 0.749549 0.749549 0.749549
4600 36.965098 36.965098 36.965098 0.749549 0.749549 0.749549
4610 36.965098 36.965098 36.965098 0.749549 0.749549 0.749549
4620 36.965098 36.965098 36.965098 0.749549 0.749549 0.749549
4630 36.965098 36.965098 36.965098 0.749549 0.749549 0.749549
4640 36.965098 36.965098 36.965098 0.749549 0.749549 0.749549
4650 36.965098 36.965098 36.965098 0.749549 0.749549 0.749549
4660 36.965098 36.965098 36.965098 0.749549 0.749549 0.749549
4670 36.965098 36.965098 36.965098 0.749549 0.749549 0.749549
4680 36.965098 36.965098 36.965098 0.749549 0.749549 0.749549
4690 36.965098 36.965098 36.965098 0.749549 0.749549 0.749549
4700 36.965098 36.965098 36.965098 0.749549 0.749549 0.749549
4710 36.965098 36.965098 36.965098 0.749549 0.749549 0.749549
4720 36.965098 36.965098 36.965098 0.749549 0.749549 0.749549
4730 36.965098 36.965098 36.965098 0.749549 0.749549 0.749549
4740 36.965098 36.965098 36.965098 0.749549 0.749549 0.749549
4750 36.965098 36.965098 36.965098 0.749549 0.749549 0.749549
4760 36.965098 36.965098 36.965098 0.749549 0.749549 0.749549
4770 36.965098 36.965098 36.965098 0.749549 0.749549 0.749549
4780 36.965098 36.965098 36.965098 0.749549 0.749549 0.749549
4790 36.965098 36.965098 36.965098 0.749549 0.749549 0.749549
4800 36.965098 36.965098 36.965098 0.749549 0.749549 0.749549
4810 36.965098 36.965098 36.965098 0.749549 0.749549 0.749549
4820 36.965098 36.965098 36.965098 0.749549 0.749549 0.749549
4830 36.965098 36.965098 36.965098 0.749549 0.749549 0.749549
4840 36.965098 36.965098 36.965098 0.749549 0.749549 0.749549
4850 36.965098 36.965098 36.965098 0.749549 0.749549 0.749549
4860 36.965098 36.965098 36.965098 0.749549 0.749549 0.749549
4870 36.965098 36.965098 36.965098 0.749549 0.749549 0.749549
4880 36.965098 36.965098 36.965098 0.749549 0.749549 0.749549
4890 36.965098 36.965098 36.965098 0.749549 0.749549 0.749549
4900 36.965098 36.965098 36.965098 0.749549 0.749549 0.749549
4910 36.965098 36.965098 36.965098 0.749549 0.749549 0.749549
4920 36.965098 36.965098 36.965098 0.749549 0.749549 0.749549
4930 36.965098 36.965098 36.965098 0.749549 0.749549 0.749549
4940 36.965098 36.965098 36.965098 0.749549 0.749549 0.749549
4950 36.965098 36.965098 36.965098 0.749549 0.749549 0.749549
4960 36.965098 36.965098 36.965098 0.749549 0.749549 0.749549
4970 36.965098 36.965098 36.965098 0.749549 0.749549 0.749549
4980 36.965098 36.965098 36.965098 0.749549 0.749549 0.749549
4990 36.965098 36.965098 36.965098 0.749549 0.749549 0.749549
5000 36.965098 36.965098 36.965098 0.749549 0.749549 0.749549
5010 36.965098 36.965098 36.965098 0.749549 0.749549 0.749549
5020 36.965098 36.965098 36.965098 0.749549 0.749549 0.749549
5030 36.965098 36.965098 36.965098 0.749549 0.749549 0.749549
5040 36.965098 36.965098 36.965098 0.749549 0.749549 0.749549
5050 36.965098 36.965098 36.965098 0.749549 0.749549 0.749549
5060 36.965098 36.965098 36.965098 0.749549 0.749549 0.749549
5070 36.965098 36.965098 36.965098 0.749549 0.749549 0.749549
5080 36.965098 36.965098 36.965098 0.749549 0.749549 0.749549
5090 36.965098 36.965098 36.965098 0.749549 0.749549 0.749549
5100 36.965098 36.965098 36.965098 0.749549 0.749549 0.749549
5110 36.965098 36.965098 36.965098 0.749549 0.749549 0.749549
5120 36.965098 36.965098 36.965098 0.749549 0.749549 0.749549
5130 36.965098 36.965098 36.965098 0.749549 0.749549 0.749549
5140 36.965098 36.965098 36.965098 0.749549 0.749549 0.749549
5150 36.965098 36.965098 36.965098 0.749549 0.749549 0.749549
5160 36.965098 36.965098 36.965098 0.749549 0.749549 0.749549
5170 36.965098 36.965098 36.965098 0.749549 0.749549 0.749549
5180 36.965098 36.965098 36.965098 0.749549 0.749549 0.749549
5190 36.965098 36.965098 36.965098 0.749549 0.749549 0.749549
5200 36.965098 36.965098 36.965098 0.749549 0.749549 0.749549
5210 36.965098 36.965098 36.965098 0.749549 0.749549 0.749549
5220 36.965098 36.965098 36.965098 0.749549 0.749549 0.749549
5230 36.965098 36.965098 36.965098 0.749549 0.749549 0.749549
5240 36.965098 36.965098 36.965098 0.749549 0.749549 0.749549
5250 36.965098 36.965098 36.965098 0.749549 0.749549 0.749549
5260 36.965098 36.965098 36.965098 0.749549 0.749549 0.749549
5270 36.965098 36.965098 36.965098 0.749549 0.749549 0.749549
5280 36.965098 36.965098 36.965098 0.749549 0.749549 0.749549
5290 36.965098 36.965098 36.965098 0.749549 0.749549 0.749549
5300 36.965098 36.965098 36.965098 0.749549 0.749549 0.749549
5310 36.965098 36.965098 36.965098 0.749549 0.749549 0.749549
5320 36.965098 36.965098 36.965098 0.749549 0.749549 0.749549
5330 36.965098 36.965098 36.965098 0.749549 0.749549 0.749549
5340 36.965098 36.965098 36.965098 0.749549 0.749549 0.749549
5350 36.965098 36.965098 36.965098 0.749549 0.749549 0.749549
5360 36.965098 36.965098 36.965098 0.749549 0.749549 0.749549
5370 36.965098 36.965098 36.965098 0.749549 0.749549 0.749549
5380 36.965098 36.965098 36.965098 0.749549 0.749549 0.749549
5390 36.965098 36.965098 36.965098 0.749549 0.749549 0.749549
5400 36.965098 36.965098 36.965098 0.749549 0.749549 0.749549
5410 36.965098 36.965098 36.965098 0.749549 0.749549 0.749549
5420 36.965098 36.965098 36.965098 0.749549 0.749549 0.749549
5430 36.965098 36.965098 36.965098 0.749549 0.749549 0.749549
5440 36.965098 36.965098 36.965098 0.749549 0.749549 0.749549
5450 36.965098 36.965098 36.965098 0.749549 0.749549 0.749549
5460 36.965098 36.965098 36.965098 0.749549 0.749549 0.749549
5470 36.965098 36.965098 36.965098 0.749549 0.749549 0.749549
5480 36.965098 36.965098 36.965098 0.749549 0.749549 0.749549
5490 36.965098 36.965098 36.965098 0.749549 0.749549 0.749549
5500 36.965098 36.965098 36.965098 0.749549 0.749549 0.749549
5510 36.965098 36.965098 36.965098 0.749549 0.749549 0.749549
5520 36.965098 36.965098 36.965098 0.749549 0.749549 0.749549
5530 36.965098 36.965098 36.965098 0.749549 0.749549 0.749549
5540 36.965098 36.965098 36.965098 0.749549 0.749549 0.749549
5550 36.965098 36.965098 36.965098 0.749549 0.749549 0.749549
5560 36.965098 36.965098 36.965098 0.749549 0.749549 0.749549
5570 36.965098 36.965098 36.965098 0.749549 0.749549 0.749549
5580 36.965098 36.965098 36.965098 0.749549 0.749549 0.749549
5590 36.965098 36.965098 36.965098 0.749549 0.749549 0.749549
5600 36.965098 36.965098 36.965098 0.749549 0.749549 0.749549
5610 36.965098 36.965098 36.965098 0.749549 0.749549 0.749549
5620 36.965098 36.965098 36.965098 0.749549 0.749549 0.749549
5630 36.965098 36.965098 36.965098 0.749549 0.749549 0.749549
5640 36.965098 36.965098 36.965098 0.749549 0.749549 0.749549
5650 36.965098 36.965098 36.965098 0.749549 0.749549 0.749549
5660 36.965098 36.965098 36.965098 0.749549 0.749549 0.749549
5670 36.965098 36.965098 36.965098 0.749549 0.749549 0.749549
5680 36.965098 36.965098 36.965098 0.749549 0.749549 0.749549
5690 36.965098 36.965098 36.965098 0.749549 0.749549 0.749549
5700 36.965098 36.965098 36.965098 0.749549 0.749549 0.749549
5710 36.965098 36.965098 36.965098 0.749549 0.749549 0.749549
5720 36.965098 36.965098 36.965098 0.749549 0.749549 0.749549
5730 36.965098 36.965098 36.965098 0.749549 0.749549 0.749549
5740 36.965098 36.965098 36.965098 0.749549 0.749549 0.749549
5750 36.965098 36.965098 36.965098 0.749549 0.749549 0.749549
5760 36.965098 36.965098 36.965098 0.749549 0.749549 0.749549
5770 36.965098 36.965098 36.965098 0.749549 0.749549 0.749549
5780 36.965098 36.965098 36.965098 0.749549 0.749549 0.749549
5790 36.965098 36.965098 36.965098 0.749549 0.749549 0.749549
5800 36.965098 36.965098 36.965098 0.749549 0.749549 0.749549
5810 36.965098 36.965098 36.965098 0.749549 0.749549 0.749549
5820 36.965098 36.965098 36.965098 0.749549 0.749549 0.749549
5830 36.965098 36.965098 36.965098 0.749549 0.749549 0.749549
5840 36.965098 36.965098 36.965098 0.749549 0.749549 0.749549
5850 36.965098 36.965098 36.965098 0.749549 0.749549 0.749549
5860 36.965098 36.965098 36.965098 0.749549 0.749549 0.749549
5870 36.965098 36.965098 36.965098 0.749549 0.749549 0.749549
5880 36.965098 36.965098 36.965098 0.749549 0.749549 0.749549
5890 36.965098 36.965098 36.965098 0.749549 0.749549 0.749549
5900 36.965098 36.965098 36.965098 0.749549 0.749549 0.749549
5910 36.965098 36.965098 36.965098 0.749549 0.749549 0.749549
5920 36.965098 36.965098 36.965098 0.749549 0.749549 0.749549
5930 36.965098 36.965098 36.965098 0.749549 0.749549 0.749549
5940 36.965098 36.965098 36.965098 0.749549 0.749549 0.749549
5950 36.965098 36.965098 36.965098 0.749549 0.749549 0.749549
5960 36.965098 36.965098 36.965098 0.749549 0.749549 0.749549
5970 36.965098 36.965098 36.965098 0.749549 0.749549 0.749549
5980 36.965098 36.965098 36.965098 0.749549 0.749549 0.749549
5990 36.965098 36.965098 36.965098 0.749549 0.749549 0.749549
6000 36.965098 36.965098 36.965098 0.749549 0.749549 0.749549
6010 36.965098 36.965098 36.965098 0.749549 0.749549 0.749549
6020 36.965098 36.965098 36.965098 0.749549 0.749549 0.749549
6030 36.965098 36.965098 36.965098 0.749549 0.749549 0.749549
6040 36.965098 36.965098 36.965098 0.749549 0.749549 0.749549
6050 36.965098 36.965098 36.965098 0.749549 0.749549 0.749549
6060 36.965098 36.965098 36.965098 0.749549 0.749549 0.749549
6070 36.965098 36.965098 36.965098 0.749549 0.749549 0.749549
6080 36.965098 36.965098 36.965098 0.749549 0.749549 0.749549
6090 36.965098 36.965098 36.965098 0.749549 0.749549 0.749549
6100 36.965098 36.965098 36.965098 0.749549 0.749549 0.749549
6110 36.965098 36.965098 36.965098 0.749549 0.749549 0.749549
6120 36.965098 36.965098 36.965098 0.749549 0.749549 0.749549
6130 36.965098 36.965098 36.965098 0.749549 0.749549 0.749549
6140 36.965098 36.965098 36.965098 0.749549 0.749549 0.749549
6150 36.965098 36.965098 36.965098 0.749549 0.749549 0.749549
6160 36.965098 36.965098 36.965098 0.749549 0.749549 0.749549
6170 36.965098 36.965098 36.965098 0.749549 0.749549 0.749549
6180 36.965098 36.965098 36.965098 0.749549 0.749549 0.749549
6190 36.965098 36.965098 36.965098 0.749549 0.749549 0.749549
6200 36.965098 36.965098 36.965098 0.749549 0.749549 0.749549
6210 36.965098 36.965098 36.965098 0.749549 0.749549 0.749549
6220 36.965098 36.965098 36.965098 0.749549 0.749549 0.749549
6230 36.965098 36.965098 36.965098 0.749549 0.749549 0.749549
6240 36.965098 36.965098 36.965098 0.749549 0.749549 0.749549
6250 36.965098 36.965098 36.965098 0.749549 0.749549 0.749549
6260 36.965098 36.965098 36.965098 0.749549 0.749549 0.749549
6270 36.965098 36.965098 36.965098 0.749549 0.749549 0.749549
6280 36.965098 36.965098 36.965098 0.749549 0.749549 0.749549
6290 36.965098 36.965098 36.965098 0.749549 0.749549 0.749549
6300 36.965098 36.965098 36.965098 0.749549 0.749549 0.749549
6310 36.965098 36.965098 36.965098 0.749549 0.749549 0.749549
6320 36.965098 36.965098 36.965098 0.749549 0.749549 0.749549
6330 36.965098 36.965098 36.965098 0.749549 0.749549 0.749549
6340 36.965098 36.965098 36.965098 0.749549 0.749549 0.749549
6350 36.965098 36.965098 36.965098 0.749549 0.749549 0.749549
6360 36.965098 36.965098 36.965098 0.749549 0.749549 0.749549
6370 36.965098 36.965098 36.965098 0.749549 0.749549 0.749549
6380 36.965098 36.965098 36.965098 0.749549 0.749549 0.749549
6390 36.965098 36.965098 36.965098 0.749549 0.749549 0.749549
6400 36.965098 36.965098 36.965098 0.749549 0.749549 0.749549
6410 36.965098 36.965098 36.965098 0.749549 0.749549 0.749549
6420 36.965098 36.965098 36.965098 0.749549 0.749549 0.749549
6430 36.965098 36.965098 36.965098 0.749549 0.749549 0.749549
6440 36.965098 36.965098 36.965098 0.749549 0.749549 0.749549
6450 36.965098 36.965098 36.965098 0.749549 0.749549 0.749549
6460 36.965098 36.965098 36.965098 0.749549 0.749549 0.749549
6470 36.965098 36.965098 36.965098 0.749549 0.749549 0.749549
6480 36.965098 36.965098 36.965098 0.749549 0.749549 0.749549
6490 36.965098 36.965098 36.965098 0.749549 0.749549 0.749549
6500 36.965098 36.965098 36.965098 0.749549 0.749549 0.749549
6510 36.965098 36.965098 36.965098 0.749549 0.749549 0.749549
6520 36.965098 36.965098 36.965098 0.749549 0.749549 0.749549
6530 36.965098 36.965098 36.965098 0.749549 0.749549 0.749549
6540 36.965098 36.965098 36.965098 0.749549 0.749549 0.749549
6550 36.965098 36.965098 36.965098 0.749549 0.749549 0.749549
6560 36.965098 36.965098 36.965098 0.749549 0.749549 0.749549
6570 36.965098 36.965098 36.965098 0.749549 0.749549 0.749549
6580 36.965098 36.965098 36.965098 0.749549 0.749549 0.749549
6590 36.965098 36.965098 36.965098 0.749549 0.749549 0.749549
6600 36.965098 36.965098 36.965098 0.749549 0.749549 0.749549
6610 36.965098 36.965098 36.965098 0.749549 0.749549 0.749549
6620 36.965098 36.965098 36.965098 0.749549 0.749549 0.749549
6630 36.965098 36.965098 36.965098 0.749549 0.749549 0.749549
6640 36.965098 36.965098 36.965098 0.749549 0.749549 0.749549
6650 36.965098 36.965098 36.965098 0.749549 0.749549 0.749549
6660 36.965098 36.965098 36.965098 0.749549 0.749549 0.749549
6670 36.965098 36.965098 36.965098 0.749549 0.749549 0.749549
6680 36.965098 36.965098 36.965098 0.749549 0.749549 0.749549
6690 36.965098 36.965098 36.965098 0.749549 0.749549 0.749549
6700 36.965098 36.965098 36.965098 0.749549 0.749549 0.749549
6710 36.965098 36.965098 36.965098 0.749549 0.749549 0.749549
6720 36.965098 36.965098 36.965098 0.749549 0.749549 0.749549
6730 36.965098 36.965098 36.965098 0.749549 0.749549 0.749549
6740 36.965098 36.965098 36.965098 0.749549 0.749549 0.749549
6750 36.965098 36.965098 36.965098 0.749549 0.749549 0.749549
6760 36.965098 36.965098 36.965098 0.749549 0.749549 0.749549
6770 36.965098 36.965098 36.965098 0.749549 0.749549 0.749549
6780 36.965098 36.965098 36.965098 0.749549 0.749549 0.749549
6790 36.965098 36.965098 36.965098 0.749549 0.749549 0.749549
6800 36.965098 36.965098 36.965098 0.749549 0.749549 0.749549
6810 36.965098 36.965098 36.965098 0.749549 0.749549 0.749549
6820 36.965098 36.965098 36.965098 0.749549 0.749549 0.749549
6830 36.965098 36.965098 36.965098 0.749549 0.749549 0.749549
6840 36.965098 36.965098 36.965098 0.749549 0.749549 0.749549
6850 36.965098 36.965098 36.965098 0.749549 0.749549 0.749549
6860 36.965098 36.965098 36.965098 0.749549 0.749549 0.749549
6870 36.965098 36.965098 36.965098 0.749549 0.749549 0.749549
6880 36.965098 36.965098 36.965098 0.749549 0.749549 0.749549
6890 36.965098 36.965098 36.965098 0.749549 0.749549 0.749549
6900 36.965098 36.965098 36.965098 0.749549 0.749549 0.749549
6910 36.965098 36.965098 36.965098 0.749549 0.749549 0.749549
6920 36.965098 36.965098 36.965098 0.749549 0.749549 0.749549
6930 36.965098 36.965098 36.965098 0.749549 0.749549 0.749549
6940 36.965098 36.965098 36.965098 0.749549 0.749549 0.749549
6950 36.965098 36.965098 36.965098 0.749549 0.749549 0.749549
6960 36.965098 36.965098 36.965098 0.749549 0.749549 0.749549
6970 36.965098 36.965098 36.965098 0.749549 0.749549 0.749549
6980 36.965098 36.965098 36.965098 0.749549 0.749549 0.749549
6990 36.965098 36.965098 36.965098 0.749549 0.749549 0.749549
7000 36.965098 36.965098 36.965098 0.749549 0.749549 0.749549
7010 36.965098 36.965098 36.965098 0.749549 0.749549 0.749549
7020 36.965098 36.965098 36.965098 0.749549 0.749549 0.749549
7030 36.965098 36.965098 36.965098 0.749549 0.749549 0.749549
7040 36.965098 36.965098 36.965098 0.749549 0.749549 0.749549
7050 36.965098 36.965098 36.965098 0.749549 0.749549 0.749549
7060 36.965098 36.965098 36.965098 0.749549 0.749549 0.749549
7070 36.965098 36.965098 36.965098 0.749549 0.749549 0.749549
7080 36.965098 36.965098 36.965098 0.749549 0.749549 0.749549
7090 36.965098 36.965098 36.965098 0.749549 0.749549 0.749549
7100 36.965098 36.965098 36.965098 0.749549 0.749549 0.749549
7110 36.965098 36.965098 36.965098 0.749549 0.749549 0.749549
7120 36.965098 36.965098 36.965098 0.749549 0.749549 0.749549
7130 36.965098 36.965098 36.965098 0.749549 0.749549 0.749549
7140 36.965098 36.965098 36.965098 0.749549 0.749549 0.749549
7150 36.965098 36.965098 36.965098 0.749549 0.749549 0.749549
7160 36.965098 36.965098 36.965098 0.749549 0.749549 0.749549
7170 36.965098 36.965098 36.965098 0.749549 0.749549 0.749549
7180 36.965098 36.965098 36.965098 0.749549 0.749549 0.749549
7190 36.965098 36.965098 36.965098 0.749549 0.749549 0.749549
7200 36.965098 36.965098 36.965098 0.749549 0.749549 0.749549
7210 36.965098 36.965098 36.965098 0.749549 0.749549 0.749549
7220 36.965098 36.965098 36.965098 0.749549 0.749549 0.749549
7230 36.965098 36.965098 36.965098 0.749549 0.749549 0.749549
7240 36.965098 36.965098 36.965098 0.749549 0.749549 0.749549
7250 36.965098 36.965098 36.965098 0.749549 0.749549 0.749549
7260 36.965098 36.965098 36.965098 0.749549 0.749549 0.749549
7270 36.965098 36.965098 36.965098 0.749549 0.749549 0.749549
7280 36.965098 36.965098 36.965098 0.749549 0.749549 0.749549
7290 36.965098 36.965098 36.965098 0.749549 0.749549 0.749549
7300 36.965098 36.965098 36.965098 0.749549 0.749549 0.749549
7310 36.965098 36.965098 36.965098 0.749549 0.749549 0.749549
7320 36.965098 36.965098 36.965098 0.749549 0.749549 0.749549
7330 36.965098 36.965098 36.965098 0.749549 0.749549 0.749549
7340 36.965098 36.965098 36.965098 0.749549 0.749549 0.749549
7350 36.965098 36.965098 36.965098 0.749549 0.749549 0.749549
7360 36.965098 36.965098 36.965098 0.749549 0.749549 0.749549
7370 36.965098 36.965098 36.965098 0.749549 0.749549 0.749549
7380 36.965098 36.965098 36.965098 0.749549 0.749549 0.749549
7390 36.965098 36.965098 36.965098 0.749549 0.749549 0.749549
7400 36.965098 36.965098 36.965098 0.749549 0.749549 0.749549
7410 36.965098 36.965098 36.965098 0.749549 0.749549 0.749549
7420 36.965098 36.965098 36.965098 0.749549 0.749549 0.749549
7430 36.965098 36.965098 36.965098 0.749549 0.749549 0.749549
7440 36.965098 36.965098 36.965098 0.749549 0.749549 0.749549
7450 36.965098 36.965098 36.965098 0.749549 0.749549 0.749549
7460 36.965098 36.965098 36.965098 0.749549 0.749549 0.749549
7470 36.965098 36.965098 36.965098 0.749549 0.749549 0.749549
7480 36.965098 36.965098 36.965098 0.749549 0.749549 0.749549
7490 36.965098 36.965098 36.965098 0.749549 0.749549 0.749549
7500 36.965098 36.965098 36.965098 0.749549 0.749549 0.749549
7510 36.965098 36.965098 36.965098 0.749549 0.749549 0.749549
7520 36.965098 36.965098 36.965098 0.749549 0.749549 0.749549
7530 36.965098 36.965098 36.965098 0.749549 0.749549 0.749549
7540 36.965098 36.965098 36.965098 0.749549 0.749549 0.749549
7550 36.965098 36.965098 36.965098 0.749549 0.749549 0.749549
7560 36.965098 36.965098 36.965098 0.749549 0.749549 0.749549
7570 36.965098 36.965098 36.965098 0.749549 0.749549 0.749549
7580 36.965098 36.965098 36.965098 0.749549 0.749549 0.749549
7590 36.965098 36.965098 36.965098 0.749549 0.749549 0.749549
7600 36.965098 36.965098 36.965098 0.749549 0.749549 0.749549
7610 36.965098 36.965098 36.965098 0.749549 0.749549 0.749549
7620 36.965098 36.965098 36.965098 0.749549 0.749549 0.749549
7630 36.965098 36.965098 36.965098 0.749549 0.749549 0.749549
7640 36.965098 36.965098 36.965098 0.749549 0.749549 0.749549
7650 36.965098 36.965098 36.965098 0.749549 0.749549 0.749549
7660 36.965098 36.965098 36.965098 0.749549 0.749549 0.749549
7670 36.965098 36.965098 36.965098 0.749549 0.749549 0.749549
7680 36.965098 36.965098 36.965098 0.749549 0.749549 0.749549
7690 36.965098 36.965098 36.965098 0.749549 0.749549 0.749549
7700 36.965098 36.965098 36.965098 0.749549 0.749549 0.749549
7710 36.965098 36.965098 36.965098 0.749549 0.749549 0.749549
7720 36.965098 36.965098 36.965098 0.749549 0.749549 0.749549
7730 36.965098 36.965098 36.965098 0.749549 0.749549 0.749549
7740 36.965098 36.965098 36.965098 0.749549 0.749549 0.749549
7750 36.965098 36.965098 36.965098 0.749549 0.749549 0.749549
7760 36.965098 36.965098 36.965098 0.749549 0.749549 0.749549
7770 36.965098 36.965098 36.965098 0.749549 0.749549 0.749549
7780 36.965098 36.965098 36.965098 0.749549 0.749549 0.749549
7790 36.965098 36.965098 36.965098 0.749549 0.749549 0.749549
7800 36.965098 36.965098 36.965098 0.749549 0.749549 0.749549
7810 36.965098 36.965098 36.965098 0.749549 0.749549 0.749549
7820 36.965098 36.965098 36.965098 0.749549 0.749549 0.749549
7830 36.965098 36.965098 36.965098 0.749549 0.749549 0.749549
7840 36.965098 36.965098 36.965098 0.749549 0.749549 0.749549
7850 36.965098 36.965098 36.965098 0.749549 0.749549 0.749549
7860 36.965098 36.965098 36.965098 0.749549 0.749549 0.749549
7870 36.965098 36.965098 36.965098 0.749549 0.749549 0.749549
7880 36.965098 36.965098 36.965098 0.749549 0.749549 0.749549
7890 36.965098 36.965098 36.965098 0.749549 0.749549 0.749549
7900 36.965098 36.965098 36.965098 0.749549 0.749549 0.749549
7910 36.965098 36.965098 36.965098 0.749549 0.749549 0.749549
7920 36.965098 36.965098 36.965098 0.749549 0.749549 0.749549
7930 36.965098 36.965098 36.965098 0.749549 0.749549 0.749549
7940 36.965098 36.965098 36.965098 0.749549 0.749549 0.749549
7950 36.965098 36.965098 36.965098 0.749549 0.749549 0.749549
7960 36.965098 36.965098 36.965098 0.749549 0.749549 0.749549
7970 36.965098 36.965098 36.965098 0.749549 0.749549 0.749549
7980 36.965098 36.965098 36.965098 0.749549 0.749549 0.749549
7990 36.965098 36.965098 36.965098 0.749549 0.749549 0.749549
8000 36.965098 36.965098 36.965098 0.749549 0.749549 0.749549
8010 36.965098 36.965098 36.965098 0.749549 0.749549 0.749549
8020 36.965098 36.965098 36.965098 0.749549 0.749549 0.749549
8030 36.965098 36.965098 36.965098 0.749549 0.749549 0.749549
8040 36.965098 36.965098 36.965098 0.749549 0.749549 0.749549
8050 36.965098 36.965098 36.965098 0.749549 0.749549 0.749549
8060 36.965098 36.965098 36.965098 0.749549 0.749549 0.749549
8070 36.965098 36.965098 36.965098 0.749549 0.749549 0.749549
8080 36.965098 36.965098 36.965098 0.749549 0.749549 0.749549
8090 36.965098 36.965098 36.965098 0.749549 0.749549 0.749549
8100 36.965098 36.965098 36.965098 0.749549 0.749549 0.749549
8110 36.965098 36.965098 36.965098 0.749549 0.749549 0.749549
8120 36.965098 36.965098 36.965098 0.749549 0.749549 0.749549
8130 36.965098 36.965098 36.965098 0.749549 0.749549 0.749549
8140 36.965098 36.965098 36.965098 0.749549 0.749549 0.749549
8150 36.965098 36.965098 36.965098 0.749549 0.749549 0.749549
8160 36.965098 36.965098 36.965098 0.749549 0.749549 0.749549
8170 36.965098 36.965098 36.965098 0.749549 0.749549 0.749549
8180 36.965098 36.965098 36.965098 0.749549 0.749549 0.749549
8190 36.965098 36.965098 36.965098 0.749549 0.749549 0.749549
8200 36.965098 36.965098 36.965098 0.749549 0.749549 0.749549
8210 36.965098 36.965098 36.965098 0.749549 0.749549 0.749549
8220 36.965098 36.965098 36.965098 0.749549 0.749549 0.749549
8230 36.965098 36.965098 36.965098 0.749549 0.749549 0.749549
8240 36.965098 36.965098 36.965098 0.749549 0.749549 0.749549
8250 36.965098 36.965098 36.965098 0.749549 0.749549 0.749549
8260 36.965098 36.965098 36.965098 0.749549 0.749549 0.749549
8270 36.965098 36.965098 36.965098 0.749549 0.749549 0.749549
8280 36.965098 36.965098 36.965098 0.749549 0.749549 0.749549
8290 36.965098 36.965098 36.965098 0.749549 0.749549 0.749549
8300 36.965098 36.965098 36.965098 0.749549 0.749549 0.749549
8310 36.965098 36.965098 36.965098 0.749549 0.749549 0.749549
8320 36.965098 36.965098 36.965098 0.749549 0.749549 0.749549
8330 36.965098 36.965098 36.965098 0.749549 0.749549 0.749549
8340 36.965098 36.965098 36.965098 0.749549 0.749549 0.749549
8350 36.965098 36.965098 36.965098 0.749549 0.749549 0.749549
8360 36.965098 36.965098 36.965098 0.749549 0.749549 0.749549
8370 36.965098 36.965098 36.965098 0.749549 0.749549 0.749549
8380 36.965098 36.965098 36.965098 0.749549 0.749549 0.749549
8390 36.965098 36.965098 36.965098 0.749549 0.749549 0.749549
8400 36.965098 36.965098 36.965098 0.749549 0.749549 0.749549
8410 36.965098 36.965098 36.965098 0.749549 0.749549 0.749549
8420 36.965098 36.965098 36.965098 0.749549 0.749549 0.749549
8430 36.965098 36.965098 36.965098 0.749549 0.749549 0.749549
8440 36.965098 36.965098 36.965098 0.749549 0.749549 0.749549
8450 36.965098 36.965098 36.965098 0.749549 0.749549 0.749549
8460 36.965098 36.965098 36.965098 0.749549 0.749549 0.749549
8470 36.965098 36.965098 36.965098 0.749549 0.749549 0.749549
8480 36.965098 36.965098 36.965098 0.749549 0.749549 0.749549
8490 36.965098 36.965098 36.965098 0.749549 0.749549 0.749549
8500 36.965098 36.965098 36.965098 0.749549 0.749549 0.749549
8510 36.965098 36.965098 36.965098 0.749549 0.749549 0.749549
8520 36.965098 36.965098 36.965098 0.749549 0.749549 0.749549
8530 36.965098 36.965098 36.965098 0.749549 0.749549 0.749549
8540 36.965098 36.965098 36.965098 0.749549 0.749549 0.749549
8550 36.965098 36.965098 36.965098 0.749549 0.749549 0.749549
8560 36.965098 36.965098 36.965098 0.749549 0.749549 0.749549
8570 36.965098 36.965098 36.965098 0.749549 0.749549 0.749549
8580 36.965098 36.965098 36.965098 0.749549 0.749549 0.749549
8590 36.965098 36.965098 36.965098 0.749549 0.749549 0.749549
8600 36.965098 36.965098 36.965098 0.749549 0.749549 0.749549
8610 36.965098 36.965098 36.965098 0.749549 0.749549 0.749549
8620 36.965098 36.965098 36.965098 0.749549 0.749549 0.749549
8630 36.965098 36.965098 36.965098 0.749549 0.749549 0.749549
8640 36.965098 36.965098 36.965098 0.749549 0.749549 0.749549
8650 36.965098 36.965098 36.965098 0.749549 0.749549 0.749549
8660 36.965098 36.965098 36.965098 0.749549 0.749549 0.749549
8670 36.965098 36.965098 36.965098 0.749549 0.749549 0.749549
8680 36.965098 36.965098 36.965098 0.749549 0.749549 0.749549
8690 36.965098 36.965098 36.965098 0.749549 0.749549 0.749549
8700 36.965098 36.965098 36.965098 0.749549 0.749549 0.749549
8710 36.965098 36.965098 36.965098 0.749549 0.749549 0.749549
8720 36.965098 36.965098 36.965098 0.749549 0.749549 0.749549
8730 36.965098 36.965098 36.965098 0.749549 0.749549 0.749549
8740 36.965098 36.965098 36.965098 0.749549 0.749549 0.749549
8750 36.965098 36.965098 36.965098 0.749549 0.749549 0.749549
8760 36.965098 36.965098 36.965098 0.749549 0.749549 0.749549
8770 36.965098 36.965098 36.965098 0.749549 0.749549 0.749549
8780 36.965098 36.965098 36.965098 0.749549 0.749549 0.749549
8790 36.965098 36.965098 36.965098 0.749549 0.749549 0.749549
8800 36.965098 36.965098 36.965098 0.749549 0.749549 0.749549
8810 36.965098 36.965098 36.965098 0.749549 0.749549 0.749549
8820 36.965098 36.965098 36.965098 0.749549 0.749549 0.749549
8830 36.965098 36.965098 36.965098 0.749549 0.749549 0.749549
8840 36.965098 36.965098 36.965098 0.749549 0.749549 0.749549
8850 36.965098 36.965098 36.965098 0.749549 0.749549 0.749549
8860 36.965098 36.965098 36.965098 0.749549 0.749549 0.749549
8870 36.965098 36.965098 36.965098 0.749549 0.749549 0.749549
8880 36.965098 36.965098 36.965098 0.749549 0.749549 0.749549
8890 36.965098 36.965098 36.965098 0.749549 0.749549 0.749549
8900 36.965098 36.965098 36.965098 0.749549 0.749549 0.749549
8910 36.965098 36.965098 36.965098 0.749549 0.749549 0.749549
8920 36.965098 36.965098 36.965098 0.749549 0.749549 0.749549
8930 36.965098 36.965098 36.965098 0.749549 0.749549 0.749549
8940 36.965098 36.965098 36.965098 0.749549 0.749549 0.749549
8950 36.965098 36.965098 36.965098 0.749549 0.749549 0.749549
8960 36.965098 36.965098 36.965098 0.749549 0.749549 0.749549
8970 36.965098 36.965098 36.965098 0.749549 0.749549 0.749549
8980 36.965098 36.965098 36.965098 0.749549 0.749549 0.749549
8990 36.965098 36.965098 36.965098 0.749549 0.749549 0.749549
9000 36.965098 36.965098 36.965098 0.749549 0.749549 0.749549
9010 36.965098 36.965098 36.965098 0.749549 0.749549 0.749549
9020 36.965098 36.965098 36.965098 0.749549 0.749549 0.749549
9030 36.965098 36.965098 36.965098 0.749549 0.749549 0.749549
9040 36.965098 36.965098 36.965098 0.749549 0.749549 0.749549
9050 36.965098 36.965098 36.965098 0.749549 0.749549 0.749549
9060 36.965098 36.965098 36.965098 0.749549 0.749549 0.749549
9070 36.965098 36.965098 36.965098 0.749549 0.749549 0.749549
9080 36.965098 36.965098 36.965098 0.749549 0.749549 0.749549
9090 36.965098 36.965098 36.965098 0.749549 0.749549 0.749549
9100 36.965098 36.965098 36.965098 0.749549 0.749549 0.749549
9110 36.965098 36.965098 36.965098 0.749549 0.749549 0.749549
9120 36.965098 36.965098 36.965098 0.749549 0.749549 0.749549
9130 36.965098 36.965098 36.965098 0.749549 0.749549 0.749549
9140 36.965098 36.965098 36.965098 0.749549 0.749549 0.749549
9150 36.965098 36.965098 36.965098 0.749549 0.749549 0.749549
9160 36.965098 36.965098 36.965098 0.749549 0.749549 0.749549
9170 36.965098 36.965098 36.965098 0.749549 0.749549 0.749549
9180 36.965098 36.965098 36.965098 0.749549 0.749549 0.749549
9190 36.965098 36.965098 36.965098 0.749549 0.749549 0.749549
9200 36.965098 36.965098 36.965098 0.749549 0.749549 0.749549
9210 36.965098 36.965098 36.965098 0.749549 0.749549 0.749549
9220 36.965098 36.965098 36.965098 0.749549 0.749549 0.749549
9230 36.965098 36.965098 36.965098 0.749549 0.749549 0.749549
9240 36.965098 36.965098 36.965098 0.749549 0.749549 0.749549
9250 36.965098 36.965098 36.965098 0.749549 0.749549 0.749549
9260 36.965098 36.965098 36.965098 0.749549 0.749549 0.749549
9270 36.965098 36.965098 36.965098 0.749549 0.749549 0.749549
9280 36.965098 36.965098 36.965098 0.749549 0.749549 0.749549
9290 36.965098 36.965098 36.965098 0.749549 0.749549 0.749549
9300 36.965098 36.965098 36.965098 0.749549 0.749549 0.749549
9310 36.965098 36.965098 36.965098 0.749549 0.749549 0.749549
9320 36.965098 36.965098 36.965098 0.749549 0.749549 0.749549
9330 36.965098 36.965098 36.965098 0.749549 0.749549 0.749549
9340 36.965098 36.965098 36.965098 0.749549 0.749549 0.749549
9350 36.965098 36.965098 36.965098 0.749549 0.749549 0.749549
9360 36.965098 36.965098 36.965098 0.749549 0.749549 0.749549
9370 36.965098 36.965098 36.965098 0.749549 0.749549 0.749549
9380 36.965098 36.965098 36.965098 0.749549 0.749549 0.749549
9390 36.965098 36.965098 36.965098 0.749549 0.749549 0.749549
9400 36.965098 36.965098 36.965098 0.749549 0.749549 0.749549
9410 36.965098 36.965098 36.965098 0.749549 0.749549 0.749549
9420 36.965098 36.965098 36.965098 0.749549 0.749549 0.749549
9430 36.965098 36.965098 36.965098 0.749549 0.749549 0.749549
9440 36.965098 36.965098 36.965098 0.749549 0.749549 0.749549
9450 36.965098 36.965098 36.965098 0.749549 0.749549 0.749549
9460 36.965098 36.965098 36.965098 0.749549 0.749549 0.749549
9470 36.965098 36.965098 36.965098 0.749549 0.749549 0.749549
9480 36.965098 36.965098 36.965098 0.749549 0.749549 0.749549
9490 36.965098 36.965098 36.965098 0.749549 0.749549 0.749549
9500 36.965098 36.965098 36.965098 0.749549 0.749549 0.749549
9510 36.965098 36.965098 36.965098 0.749549 0.749549 0.749549
9520 36.965098 36.965098 36.965098 0.749549 0.749549 0.749549
9530 36.965098 36.965098 36.965098 0.749549 0.749549 0.749549
9540 36.965098 36.965098 36.965098 0.749549 0.749549 0.749549
9550 36.965098 36.965098 36.965098 0.749549 0.749549 0.749549
9560 36.965098 36.965098 36.965098 0.749549 0.749549 0.749549
9570 36.965098 36.965098 36.965098 0.749549 0.749549 0.749549
9580 36.965098 36.965098 36.965098 0.749549 0.749549 0.749549
9590 36.965098 36.965098 36.965098 0.749549 0.749549 0.749549
9600 36.965098 36.965098 36.965098 0.749549 0.749549 0.749549
9610 36.965098 36.965098 36.965098 0.749549 0.749549 0.749549
9620 36.965098 36.965098 36.965098 0.749549 0.749549 0.749549
9630 36.965098 36.965098 36.965098 0.749549 0.749549 0.749549
9640 36.965098 36.965098 36.965098 0.749549 0.749549 0.749549
9650 36.965098 36.965098 36.965098 0.749549 0.749549 0.749549
9660 36.965098 36.965098 36.965098 0.749549 0.749549 0.749549
9670 36.965098 36.965098 36.965098 0.749549 0.749549 0.749549
9680 36.965098 36.965098 36.965098 0.749549 0.749549 0.749549
9690 36.965098 36.965098 36.965098 0.749549 0.749549 0.749549
9700 36.965098 36.965098 36.965098 0.749549 0.749549 0.749549
9710 36.965098 36.965098 36.965098 0.749549 0.749549 0.749549
9720 36.965098 36.965098 36.965098 0.749549 0.749549 0.749549
9730 36.965098 36.965098 36.965098 0.749549 0.749549 0.749549
9740 36.965098 36.965098 36.965098 0.749549 0.749549 0.749549
9750 36.965098 36.965098 36.965098 0.749549 0.749549 0.749549
9760 36.965098 36.965098 36.965098 0.749549 0.749549 0.749549
9770 36.965098 36.965098 36.965098 0.749549 0.749549 0.749549
9780 36.965098 36.965098 36.965098 0.749549 0.749549 0.749549
9790 36.965098 36.965098 36.965098 0.749549 0.749549 0.749549
9800 36.965098 36.965098 36.965098 0.749549 0.749549 0.749549
9810 36.965098 36.965098 36.965098 0.749549 0.749549 0.749549
9820 36.965098 36.965098 36.965098 0.749549 0.749549 0.749549
9830 36.965098 36.965098 36.965098 0.749549 0.749549 0.749549
9840 36.965098 36.965098 36.965098 0.749549 0.749549 0.749549
9850 36.965098 36.965098 36.965098 0.749549 0.749549 0.749549
9860 36.965098 36.965098 36.965098 0.749549 0.749549 0.749549
9870 36.965098 36.965098 36.965098 0.749549 0.749549 0.749549
9880 36.965098 36.965098 36.965098 0.749549 0.749549 0.749549
9890 36.965098 36.965098 36.965098 0.749549 0.749549 0.749549
9900 36.965098 36.965098 36.965098 0.749549 0.749549 0.749549
9910 36.965098 36.965098 36.965098 0.749549 0.749549 0.749549
9920 36.965098 36.965098 36.965098 0.749549 0.749549 0.749549
9930 36.965098 36.965098 36.965098 0.749549 0.749549 0.749549
9940 36.965098 36.965098 36.965098 0.749549 0.749549 0.749549
9950 36.965098 36.965098 36.965098 0.749549 0.749549 0.749549
9960 36.965098 36.965098 36.965098 0.749549 0.749549 0.749549
9970 36.965098 36.965098 36.965098 0.749549 0.749549 0.749549
9980 36.965098 36.965098 36.965098 0.749549 0.749549 0.749549
9990 36.965098 36.965098 36.965098 0.749549 0.749549 0.749549
10000 36.965098 36.965098 36.965098 0.749549 0.749549 0.749549
