# generation power_min power_avg power_max util_min util_avg util_max
1 32.423461 17.172289 32.423461 0.893115 1.379255 1.499987
10 30.891458 17.172289 30.891458 0.893115 1.350081 1.499987
20 25.280691 16.122538 25.280691 0.893115 1.317137 1.499481
30 18.748895 15.710531 18.748895 0.893115 1.284557 1.496721
40 18.748895 15.854894 18.748895 0.893115 1.249807 1.496721
50 18.748895 15.480999 18.748895 0.893115 1.209619 1.496721
60 18.748895 15.216826 18.748895 0.893115 1.176209 1.496721
70 13.029397 14.917078 18.660595 0.836918 1.136720 1.496721
80 13.029397 14.995933 18.660595 0.822377 1.107308 1.426975
90 12.430893 14.843697 17.549580 0.822377 1.080577 1.334975
100 12.430893 14.601358 17.549580 0.822377 1.050182 1.273676
110 12.430893 14.579836 17.440325 0.822377 1.025697 1.273676
120 12.363685 14.410653 17.440325 0.822377 0.998547 1.234563
130 17.440325 14.279851 17.440325 0.800701 0.977952 1.234563
140 16.576706 14.099315 16.576706 0.800701 0.962933 1.144459
150 15.984931 13.887953 15.984931 0.796456 0.951499 1.080919
160 11.715262 13.625860 15.477657 0.789306 0.946149 1.042208
170 11.343843 13.311207 14.981129 0.789306 0.943541 1.042208
180 14.533239 13.055278 14.533239 0.789306 0.941762 1.042208
190 14.254536 12.805769 14.254536 0.771633 0.939346 1.042208
200 10.749722 12.570615 13.996100 0.771633 0.935570 1.041928
210 10.655024 12.323583 13.696024 0.771633 0.932575 1.041928
220 10.010723 12.089967 13.371622 0.771633 0.925576 1.034565
230 10.010723 11.857412 13.029397 0.726441 0.918482 1.034565
240 10.010723 11.636987 12.789240 0.726441 0.910803 1.034565
250 10.010723 11.464833 12.430893 0.692816 0.900571 1.034516
260 9.760768 11.290067 12.171814 0.685284 0.888884 1.037000
270 9.069130 11.105623 11.976182 0.685284 0.877808 1.037000
280 9.069130 10.940237 11.798157 0.644785 0.862393 1.037000
290 9.069130 10.777064 11.715262 0.644785 0.846604 1.037000
300 9.069130 10.581572 11.540524 0.606521 0.825185 1.037000
310 8.979498 10.408656 11.390466 0.606521 0.814423 1.037000
320 8.979498 10.231960 11.300162 0.606521 0.796097 1.037000
330 8.979498 10.057658 11.147862 0.599073 0.784601 1.037000
340 8.979498 9.892100 10.888311 0.599073 0.771430 1.037000
350 8.707210 9.721203 10.675194 0.574285 0.753434 1.037000
360 8.670069 9.565165 10.385772 0.574285 0.735516 0.973194
370 8.573657 9.433130 10.227332 0.536778 0.725959 0.973194
380 8.301252 9.287510 10.010723 0.536778 0.711010 0.973194
390 8.297350 9.162584 9.901421 0.536778 0.703834 0.932952
400 8.212653 9.057981 9.756787 0.536778 0.696898 0.932952
410 8.211073 8.935582 9.567974 0.536778 0.691889 0.932952
420 8.072142 8.830056 9.397216 0.536778 0.680759 0.876910
430 8.068848 8.727842 9.297368 0.536778 0.679480 0.876910
440 8.011048 8.635924 9.131011 0.536778 0.681906 0.876910
450 7.598083 8.520918 9.046746 0.536778 0.682443 0.876910
460 7.598083 8.443444 8.954665 0.526649 0.674882 0.835109
470 7.598083 8.349067 8.860678 0.526649 0.675068 0.835109
480 7.598083 8.273109 8.716931 0.526649 0.678855 0.835109
490 7.511102 8.187791 8.644163 0.526649 0.683855 0.835109
500 7.511102 8.120899 8.527997 0.526649 0.687078 0.835109
510 7.427481 8.044542 8.459353 0.526649 0.693369 0.835109
520 7.308264 7.963849 8.389728 0.526649 0.696135 0.825481
530 7.204893 7.894090 8.295105 0.526649 0.700527 0.791845
540 7.204893 7.828274 8.200982 0.526649 0.707101 0.791845
550 7.204893 7.764412 8.139362 0.589249 0.713148 0.791845
560 6.796237 7.692188 8.050174 0.579237 0.718123 0.791405
570 6.681411 7.626756 7.994186 0.579237 0.718188 0.791405
580 6.681411 7.562104 7.942256 0.579237 0.721440 0.807329
590 6.681411 7.487780 7.849597 0.579237 0.723185 0.807329
600 6.681411 7.434497 7.775979 0.579237 0.721884 0.807329
610 6.681411 7.374476 7.729459 0.579237 0.719775 0.807329
620 6.279635 7.306667 7.665885 0.579237 0.717460 0.807329
630 6.279635 7.229875 7.606462 0.579237 0.716320 0.807329
640 6.203372 7.154658 7.522509 0.579237 0.712664 0.807329
650 6.203372 7.099442 7.464882 0.579237 0.709821 0.807329
660 6.203372 7.021566 7.356905 0.579237 0.705595 0.807329
670 6.145921 6.946666 7.303672 0.579237 0.701244 0.793913
680 6.145921 6.874151 7.232563 0.579237 0.695504 0.793913
690 6.092343 6.793384 7.172243 0.579237 0.688325 0.793913
700 6.075327 6.710373 7.152293 0.579237 0.684699 0.793913
710 6.074230 6.624629 7.124881 0.579237 0.679493 0.793883
720 6.008768 6.535607 7.031779 0.579237 0.671345 0.790113
730 5.940665 6.455430 6.970003 0.579237 0.668188 0.790113
740 5.895355 6.374659 6.878350 0.579237 0.662584 0.779462
750 5.895355 6.295738 6.783599 0.598814 0.658215 0.779462
760 5.821056 6.224853 6.661619 0.598814 0.654061 0.759524
770 5.821056 6.164858 6.499541 0.598814 0.652215 0.759524
780 5.790927 6.110566 6.425878 0.598814 0.646197 0.724127
790 5.790927 6.065186 6.317604 0.598814 0.642010 0.724127
800 5.747584 6.029316 6.258892 0.598814 0.637438 0.694015
810 5.747584 5.996775 6.203372 0.598814 0.634146 0.677900
820 5.747584 5.966663 6.145921 0.598814 0.630517 0.677900
830 5.710337 5.934080 6.092343 0.598814 0.629232 0.661987
840 5.629652 5.909866 6.046454 0.598814 0.630042 0.661987
850 5.629652 5.888381 6.028713 0.598814 0.628624 0.655072
860 5.629652 5.862797 6.005045 0.598814 0.628415 0.655072
870 5.629652 5.841019 5.959961 0.598814 0.628238 0.655072
880 5.629652 5.822571 5.939426 0.598814 0.628243 0.654012
890 5.523905 5.797210 5.898049 0.598814 0.628544 0.654012
900 5.523905 5.773676 5.896331 0.598814 0.628915 0.654012
910 5.523905 5.748426 5.887615 0.598814 0.630314 0.654012
920 5.523905 5.723441 5.857023 0.608517 0.631662 0.654012
930 5.523905 5.700494 5.820502 0.618453 0.632844 0.654012
940 5.523905 5.679494 5.817365 0.618453 0.632933 0.654012
950 5.522558 5.656433 5.814026 0.618453 0.633114 0.654012
960 5.522558 5.637787 5.779423 0.630092 0.632602 0.652326
970 5.522558 5.621494 5.733341 0.630751 0.632446 0.652326
980 5.522558 5.610600 5.670380 0.630751 0.631734 0.635747
990 5.522558 5.606549 5.629652 0.630751 0.631965 0.635747
1000 5.522558 5.598372 5.629652 0.630751 0.632209 0.635747
1010 5.522558 5.591584 5.629652 0.630751 0.632449 0.635747
1020 5.522558 5.583349 5.629652 0.630751 0.632771 0.635747
1030 5.522558 5.574432 5.629652 0.630751 0.633091 0.635747
1040 5.522558 5.565141 5.629652 0.630751 0.633452 0.635747
1050 5.522558 5.556937 5.629652 0.630751 0.633685 0.635747
1060 5.522558 5.549532 5.591710 0.630902 0.633760 0.635747
1070 5.522558 5.542981 5.591710 0.630902 0.633720 0.635747
1080 5.522558 5.536074 5.559872 0.630902 0.633731 0.635747
1090 5.522558 5.532342 5.559872 0.630902 0.634137 0.635747
1100 5.522558 5.528690 5.558782 0.630902 0.634562 0.635747
1110 5.522558 5.525067 5.558782 0.630902 0.634990 0.635747
1120 5.522558 5.522615 5.523905 0.635184 0.635248 0.635747
1130 5.522558 5.522579 5.522815 0.635184 0.635212 0.635526
1140 5.522558 5.522558 5.522558 0.635184 0.635184 0.635184
1150 5.522558 5.522558 5.522558 0.635184 0.635184 0.635184
1160 5.522558 5.522558 5.522558 0.635184 0.635184 0.635184
1170 5.522558 5.522558 5.522558 0.635184 0.635184 0.635184
1180 5.522558 5.522558 5.522558 0.635184 0.635184 0.635184
1190 5.522558 5.522558 5.522558 0.635184 0.635184 0.635184
1200 5.522558 5.522558 5.522558 0.635184 0.635184 0.635184
1210 5.522558 5.522558 5.522558 0.635184 0.635184 0.635184
1220 5.522558 5.522558 5.522558 0.635184 0.635184 0.635184
1230 5.522558 5.522558 5.522558 0.635184 0.635184 0.635184
1240 5.522558 5.522558 5.522558 0.635184 0.635184 0.635184
1250 5.522558 5.522558 5.522558 0.635184 0.635184 0.635184
1260 5.522558 5.522558 5.522558 0.635184 0.635184 0.635184
1270 5.522558 5.522558 5.522558 0.635184 0.635184 0.635184
1280 5.522558 5.522558 5.522558 0.635184 0.635184 0.635184
1290 5.522558 5.522558 5.522558 0.635184 0.635184 0.635184
1300 5.522558 5.522558 5.522558 0.635184 0.635184 0.635184
1310 5.522558 5.522558 5.522558 0.635184 0.635184 0.635184
1320 5.522558 5.522558 5.522558 0.635184 0.635184 0.635184
1330 5.522558 5.522558 5.522558 0.635184 0.635184 0.635184
1340 5.522558 5.522558 5.522558 0.635184 0.635184 0.635184
1350 5.522558 5.522558 5.522558 0.635184 0.635184 0.635184
1360 5.522558 5.522558 5.522558 0.635184 0.635184 0.635184
1370 5.522558 5.522558 5.522558 0.635184 0.635184 0.635184
1380 5.522558 5.522558 5.522558 0.635184 0.635184 0.635184
1390 5.522558 5.522558 5.522558 0.635184 0.635184 0.635184
1400 5.522558 5.522558 5.522558 0.635184 0.635184 0.635184
1410 5.522558 5.522558 5.522558 0.635184 0.635184 0.635184
1420 5.522558 5.522558 5.522558 0.635184 0.635184 0.635184
1430 5.522558 5.522558 5.522558 0.635184 0.635184 0.635184
1440 5.522558 5.522558 5.522558 0.635184 0.635184 0.635184
1450 5.522558 5.522558 5.522558 0.635184 0.635184 0.635184
1460 5.522558 5.522558 5.522558 0.635184 0.635184 0.635184
1470 5.522558 5.522558 5.522558 0.635184 0.635184 0.635184
1480 5.522558 5.522558 5.522558 0.635184 0.635184 0.635184
1490 5.522558 5.522558 5.522558 0.635184 0.635184 0.635184
1500 5.522558 5.522558 5.522558 0.635184 0.635184 0.635184
1510 5.522558 5.522558 5.522558 0.635184 0.635184 0.635184
1520 5.522558 5.522558 5.522558 0.635184 0.635184 0.635184
1530 5.522558 5.522558 5.522558 0.635184 0.635184 0.635184
1540 5.522558 5.522558 5.522558 0.635184 0.635184 0.635184
1550 5.522558 5.522558 5.522558 0.635184 0.635184 0.635184
1560 5.522558 5.522558 5.522558 0.635184 0.635184 0.635184
1570 5.522558 5.522558 5.522558 0.635184 0.635184 0.635184
1580 5.522558 5.522558 5.522558 0.635184 0.635184 0.635184
1590 5.522558 5.522558 5.522558 0.635184 0.635184 0.635184
1600 5.522558 5.522558 5.522558 0.635184 0.635184 0.635184
1610 5.522558 5.522558 5.522558 0.635184 0.635184 0.635184
1620 5.522558 5.522558 5.522558 0.635184 0.635184 0.635184
1630 5.522558 5.522558 5.522558 0.635184 0.635184 0.635184
1640 5.522558 5.522558 5.522558 0.635184 0.635184 0.635184
1650 5.522558 5.522558 5.522558 0.635184 0.635184 0.635184
1660 5.522558 5.522558 5.522558 0.635184 0.635184 0.635184
1670 5.522558 5.522558 5.522558 0.635184 0.635184 0.635184
1680 5.522558 5.522558 5.522558 0.635184 0.635184 0.635184
1690 5.522558 5.522558 5.522558 0.635184 0.635184 0.635184
1700 5.522558 5.522558 5.522558 0.635184 0.635184 0.635184
1710 5.522558 5.522558 5.522558 0.635184 0.635184 0.635184
1720 5.522558 5.522558 5.522558 0.635184 0.635184 0.635184
1730 5.522558 5.522558 5.522558 0.635184 0.635184 0.635184
1740 5.522558 5.522558 5.522558 0.635184 0.635184 0.635184
1750 5.522558 5.522558 5.522558 0.635184 0.635184 0.635184
1760 5.522558 5.522558 5.522558 0.635184 0.635184 0.635184
1770 5.522558 5.522558 5.522558 0.635184 0.635184 0.635184
1780 5.522558 5.522558 5.522558 0.635184 0.635184 0.635184
1790 5.522558 5.522558 5.522558 0.635184 0.635184 0.635184
1800 5.522558 5.522558 5.522558 0.635184 0.635184 0.635184
1810 5.522558 5.522558 5.522558 0.635184 0.635184 0.635184
1820 5.522558 5.522558 5.522558 0.635184 0.635184 0.635184
1830 5.522558 5.522558 5.522558 0.635184 0.635184 0.635184
1840 5.522558 5.522558 5.522558 0.635184 0.635184 0.635184
1850 5.522558 5.522558 5.522558 0.635184 0.635184 0.635184
1860 5.522558 5.522558 5.522558 0.635184 0.635184 0.635184
1870 5.522558 5.522558 5.522558 0.635184 0.635184 0.635184
1880 5.522558 5.522558 5.522558 0.635184 0.635184 0.635184
1890 5.522558 5.522558 5.522558 0.635184 0.635184 0.635184
1900 5.522558 5.522558 5.522558 0.635184 0.635184 0.635184
1910 5.522558 5.522558 5.522558 0.635184 0.635184 0.635184
1920 5.522558 5.522558 5.522558 0.635184 0.635184 0.635184
1930 5.522558 5.522558 5.522558 0.635184 0.635184 0.635184
1940 5.522558 5.522558 5.522558 0.635184 0.635184 0.635184
1950 5.522558 5.522558 5.522558 0.635184 0.635184 0.635184
1960 5.522558 5.522558 5.522558 0.635184 0.635184 0.635184
1970 5.522558 5.522558 5.522558 0.635184 0.635184 0.635184
1980 5.522558 5.522558 5.522558 0.635184 0.635184 0.635184
1990 5.522558 5.522558 5.522558 0.635184 0.635184 0.635184
2000 5.522558 5.522558 5.522558 0.635184 0.635184 0.635184
2010 5.522558 5.522558 5.522558 0.635184 0.635184 0.635184
2020 5.522558 5.522558 5.522558 0.635184 0.635184 0.635184
2030 5.522558 5.522558 5.522558 0.635184 0.635184 0.635184
2040 5.522558 5.522558 5.522558 0.635184 0.635184 0.635184
2050 5.522558 5.522558 5.522558 0.635184 0.635184 0.635184
2060 5.522558 5.522558 5.522558 0.635184 0.635184 0.635184
2070 5.522558 5.522558 5.522558 0.635184 0.635184 0.635184
2080 5.522558 5.522558 5.522558 0.635184 0.635184 0.635184
2090 5.522558 5.522558 5.522558 0.635184 0.635184 0.635184
2100 5.522558 5.522558 5.522558 0.635184 0.635184 0.635184
2110 5.522558 5.522558 5.522558 0.635184 0.635184 0.635184
2120 5.522558 5.522558 5.522558 0.635184 0.635184 0.635184
2130 5.522558 5.522558 5.522558 0.635184 0.635184 0.635184
2140 5.522558 5.522558 5.522558 0.635184 0.635184 0.635184
2150 5.522558 5.522558 5.522558 0.635184 0.635184 0.635184
2160 5.522558 5.522558 5.522558 0.635184 0.635184 0.635184
2170 5.522558 5.522558 5.522558 0.635184 0.635184 0.635184
2180 5.522558 5.522558 5.522558 0.635184 0.635184 0.635184
2190 5.522558 5.522558 5.522558 0.635184 0.635184 0.635184
2200 5.522558 5.522558 5.522558 0.635184 0.635184 0.635184
2210 5.522558 5.522558 5.522558 0.635184 0.635184 0.635184
2220 5.522558 5.522558 5.522558 0.635184 0.635184 0.635184
2230 5.522558 5.522558 5.522558 0.635184 0.635184 0.635184
2240 5.522558 5.522558 5.522558 0.635184 0.635184 0.635184
2250 5.522558 5.522558 5.522558 0.635184 0.635184 0.635184
2260 5.522558 5.522558 5.522558 0.635184 0.635184 0.635184
2270 5.522558 5.522558 5.522558 0.635184 0.635184 0.635184
2280 5.522558 5.522558 5.522558 0.635184 0.635184 0.635184
2290 5.522558 5.522558 5.522558 0.635184 0.635184 0.635184
2300 5.522558 5.522558 5.522558 0.635184 0.635184 0.635184
2310 5.522558 5.522558 5.522558 0.635184 0.635184 0.635184
2320 5.522558 5.522558 5.522558 0.635184 0.635184 0.635184
2330 5.522558 5.522558 5.522558 0.635184 0.635184 0.635184
2340 5.522558 5.522558 5.522558 0.635184 0.635184 0.635184
2350 5.522558 5.522558 5.522558 0.635184 0.635184 0.635184
2360 5.522558 5.522558 5.522558 0.635184 0.635184 0.635184
2370 5.522558 5.522558 5.522558 0.635184 0.635184 0.635184
2380 5.522558 5.522558 5.522558 0.635184 0.635184 0.635184
2390 5.522558 5.522558 5.522558 0.635184 0.635184 0.635184
2400 5.522558 5.522558 5.522558 0.635184 0.635184 0.635184
2410 5.522558 5.522558 5.522558 0.635184 0.635184 0.635184
2420 5.522558 5.522558 5.522558 0.635184 0.635184 0.635184
2430 5.522558 5.522558 5.522558 0.635184 0.635184 0.635184
2440 5.522558 5.522558 5.522558 0.635184 0.635184 0.635184
2450 5.522558 5.522558 5.522558 0.635184 0.635184 0.635184
2460 5.522558 5.522558 5.522558 0.635184 0.635184 0.635184
2470 5.522558 5.522558 5.522558 0.635184 0.635184 0.635184
2480 5.522558 5.522558 5.522558 0.635184 0.635184 0.635184
2490 5.522558 5.522558 5.522558 0.635184 0.635184 0.635184
2500 5.522558 5.522558 5.522558 0.635184 0.635184 0.635184
2510 5.522558 5.522558 5.522558 0.635184 0.635184 0.635184
2520 5.522558 5.522558 5.522558 0.635184 0.635184 0.635184
2530 5.522558 5.522558 5.522558 0.635184 0.635184 0.635184
2540 5.522558 5.522558 5.522558 0.635184 0.635184 0.635184
2550 5.522558 5.522558 5.522558 0.635184 0.635184 0.635184
2560 5.522558 5.522558 5.522558 0.635184 0.635184 0.635184
2570 5.522558 5.522558 5.522558 0.635184 0.635184 0.635184
2580 5.522558 5.522558 5.522558 0.635184 0.635184 0.635184
2590 5.522558 5.522558 5.522558 0.635184 0.635184 0.635184
2600 5.522558 5.522558 5.522558 0.635184 0.635184 0.635184
2610 5.522558 5.522558 5.522558 0.635184 0.635184 0.635184
2620 5.522558 5.522558 5.522558 0.635184 0.635184 0.635184
2630 5.522558 5.522558 5.522558 0.635184 0.635184 0.635184
2640 5.522558 5.522558 5.522558 0.635184 0.635184 0.635184
2650 5.522558 5.522558 5.522558 0.635184 0.635184 0.635184
2660 5.522558 5.522558 5.522558 0.635184 0.635184 0.635184
2670 5.522558 5.522558 5.522558 0.635184 0.635184 0.635184
2680 5.522558 5.522558 5.522558 0.635184 0.635184 0.635184
2690 5.522558 5.522558 5.522558 0.635184 0.635184 0.635184
2700 5.522558 5.522558 5.522558 0.635184 0.635184 0.635184
2710 5.522558 5.522558 5.522558 0.635184 0.635184 0.635184
2720 5.522558 5.522558 5.522558 0.635184 0.635184 0.635184
2730 5.522558 5.522558 5.522558 0.635184 0.635184 0.635184
2740 5.522558 5.522558 5.522558 0.635184 0.635184 0.635184
2750 5.522558 5.522558 5.522558 0.635184 0.635184 0.635184
2760 5.522558 5.522558 5.522558 0.635184 0.635184 0.635184
2770 5.522558 5.522558 5.522558 0.635184 0.635184 0.635184
2780 5.522558 5.522558 5.522558 0.635184 0.635184 0.635184
2790 5.522558 5.522558 5.522558 0.635184 0.635184 0.635184
2800 5.522558 5.522558 5.522558 0.635184 0.635184 0.635184
2810 5.522558 5.522558 5.522558 0.635184 0.635184 0.635184
2820 5.522558 5.522558 5.522558 0.635184 0.635184 0.635184
2830 5.522558 5.522558 5.522558 0.635184 0.635184 0.635184
2840 5.522558 5.522558 5.522558 0.635184 0.635184 0.635184
2850 5.522558 5.522558 5.522558 0.635184 0.635184 0.635184
2860 5.522558 5.522558 5.522558 0.635184 0.635184 0.635184
2870 5.522558 5.522558 5.522558 0.635184 0.635184 0.635184
2880 5.522558 5.522558 5.522558 0.635184 0.635184 0.635184
2890 5.522558 5.522558 5.522558 0.635184 0.635184 0.635184
2900 5.522558 5.522558 5.522558 0.635184 0.635184 0.635184
2910 5.522558 5.522558 5.522558 0.635184 0.635184 0.635184
2920 5.522558 5.522558 5.522558 0.635184 0.635184 0.635184
2930 5.522558 5.522558 5.522558 0.635184 0.635184 0.635184
2940 5.522558 5.522558 5.522558 0.635184 0.635184 0.635184
2950 5.522558 5.522558 5.522558 0.635184 0.635184 0.635184
2960 5.522558 5.522558 5.522558 0.635184 0.635184 0.635184
2970 5.522558 5.522558 5.522558 0.635184 0.635184 0.635184
2980 5.522558 5.522558 5.522558 0.635184 0.635184 0.635184
2990 5.522558 5.522558 5.522558 0.635184 0.635184 0.635184
3000 5.522558 5.522558 5.522558 0.635184 0.635184 0.635184
3010 5.522558 5.522558 5.522558 0.635184 0.635184 0.635184
3020 5.522558 5.522558 5.522558 0.635184 0.635184 0.635184
3030 5.522558 5.522558 5.522558 0.635184 0.635184 0.635184
3040 5.522558 5.522558 5.522558 0.635184 0.635184 0.635184
3050 5.522558 5.522558 5.522558 0.635184 0.635184 0.635184
3060 5.522558 5.522558 5.522558 0.635184 0.635184 0.635184
3070 5.522558 5.522558 5.522558 0.635184 0.635184 0.635184
3080 5.522558 5.522558 5.522558 0.635184 0.635184 0.635184
3090 5.522558 5.522558 5.522558 0.635184 0.635184 0.635184
3100 5.522558 5.522558 5.522558 0.635184 0.635184 0.635184
3110 5.522558 5.522558 5.522558 0.635184 0.635184 0.635184
3120 5.522558 5.522558 5.522558 0.635184 0.635184 0.635184
3130 5.522558 5.522558 5.522558 0.635184 0.635184 0.635184
3140 5.522558 5.522558 5.522558 0.635184 0.635184 0.635184
3150 5.522558 5.522558 5.522558 0.635184 0.635184 0.635184
3160 5.522558 5.522558 5.522558 0.635184 0.635184 0.635184
3170 5.522558 5.522558 5.522558 0.635184 0.635184 0.635184
3180 5.522558 5.522558 5.522558 0.635184 0.635184 0.635184
3190 5.522558 5.522558 5.522558 0.635184 0.635184 0.635184
3200 5.522558 5.522558 5.522558 0.635184 0.635184 0.635184
3210 5.522558 5.522558 5.522558 0.635184 0.635184 0.635184
3220 5.522558 5.522558 5.522558 0.635184 0.635184 0.635184
3230 5.522558 5.522558 5.522558 0.635184 0.635184 0.635184
3240 5.522558 5.522558 5.522558 0.635184 0.635184 0.635184
3250 5.522558 5.522558 5.522558 0.635184 0.635184 0.635184
3260 5.522558 5.522558 5.522558 0.635184 0.635184 0.635184
3270 5.522558 5.522558 5.522558 0.635184 0.635184 0.635184
3280 5.522558 5.522558 5.522558 0.635184 0.635184 0.635184
3290 5.522558 5.522558 5.522558 0.635184 0.635184 0.635184
3300 5.522558 5.522558 5.522558 0.635184 0.635184 0.635184
3310 5.522558 5.522558 5.522558 0.635184 0.635184 0.635184
3320 5.522558 5.522558 5.522558 0.635184 0.635184 0.635184
3330 5.522558 5.522558 5.522558 0.635184 0.635184 0.635184
3340 5.522558 5.522558 5.522558 0.635184 0.635184 0.635184
3350 5.522558 5.522558 5.522558 0.635184 0.635184 0.635184
3360 5.522558 5.522558 5.522558 0.635184 0.635184 0.635184
3370 5.522558 5.522558 5.522558 0.635184 0.635184 0.635184
3380 5.522558 5.522558 5.522558 0.635184 0.635184 0.635184
3390 5.522558 5.522558 5.522558 0.635184 0.635184 0.635184
3400 5.522558 5.522558 5.522558 0.635184 0.635184 0.635184
3410 5.522558 5.522558 5.522558 0.635184 0.635184 0.635184
3420 5.522558 5.522558 5.522558 0.635184 0.635184 0.635184
3430 5.522558 5.522558 5.522558 0.635184 0.635184 0.635184
3440 5.522558 5.522558 5.522558 0.635184 0.635184 0.635184
3450 5.522558 5.522558 5.522558 0.635184 0.635184 0.635184
3460 5.522558 5.522558 5.522558 0.635184 0.635184 0.635184
3470 5.522558 5.522558 5.522558 0.635184 0.635184 0.635184
3480 5.522558 5.522558 5.522558 0.635184 0.635184 0.635184
3490 5.522558 5.522558 5.522558 0.635184 0.635184 0.635184
3500 5.522558 5.522558 5.522558 0.635184 0.635184 0.635184
3510 5.522558 5.522558 5.522558 0.635184 0.635184 0.635184
3520 5.522558 5.522558 5.522558 0.635184 0.635184 0.635184
3530 5.522558 5.522558 5.522558 0.635184 0.635184 0.635184
3540 5.522558 5.522558 5.522558 0.635184 0.635184 0.635184
3550 5.522558 5.522558 5.522558 0.635184 0.635184 0.635184
3560 5.522558 5.522558 5.522558 0.635184 0.635184 0.635184
3570 5.522558 5.522558 5.522558 0.635184 0.635184 0.635184
3580 5.522558 5.522558 5.522558 0.635184 0.635184 0.635184
3590 5.522558 5.522558 5.522558 0.635184 0.635184 0.635184
3600 5.522558 5.522558 5.522558 0.635184 0.635184 0.635184
3610 5.522558 5.522558 5.522558 0.635184 0.635184 0.635184
3620 5.522558 5.522558 5.522558 0.635184 0.635184 0.635184
3630 5.522558 5.522558 5.522558 0.635184 0.635184 0.635184
3640 5.522558 5.522558 5.522558 0.635184 0.635184 0.635184
3650 5.522558 5.522558 5.522558 0.635184 0.635184 0.635184
3660 5.522558 5.522558 5.522558 0.635184 0.635184 0.635184
3670 5.522558 5.522558 5.522558 0.635184 0.635184 0.635184
3680 5.522558 5.522558 5.522558 0.635184 0.635184 0.635184
3690 5.522558 5.522558 5.522558 0.635184 0.635184 0.635184
3700 5.522558 5.522558 5.522558 0.635184 0.635184 0.635184
3710 5.522558 5.522558 5.522558 0.635184 0.635184 0.635184
3720 5.522558 5.522558 5.522558 0.635184 0.635184 0.635184
3730 5.522558 5.522558 5.522558 0.635184 0.635184 0.635184
3740 5.522558 5.522558 5.522558 0.635184 0.635184 0.635184
3750 5.522558 5.522558 5.522558 0.635184 0.635184 0.635184
3760 5.522558 5.522558 5.522558 0.635184 0.635184 0.635184
3770 5.522558 5.522558 5.522558 0.635184 0.635184 0.635184
3780 5.522558 5.522558 5.522558 0.635184 0.635184 0.635184
3790 5.522558 5.522558 5.522558 0.635184 0.635184 0.635184
3800 5.522558 5.522558 5.522558 0.635184 0.635184 0.635184
3810 5.522558 5.522558 5.522558 0.635184 0.635184 0.635184
3820 5.522558 5.522558 5.522558 0.635184 0.635184 0.635184
3830 5.522558 5.522558 5.522558 0.635184 0.635184 0.635184
3840 5.522558 5.522558 5.522558 0.635184 0.635184 0.635184
3850 5.522558 5.522558 5.522558 0.635184 0.635184 0.635184
3860 5.522558 5.522558 5.522558 0.635184 0.635184 0.635184
3870 5.522558 5.522558 5.522558 0.635184 0.635184 0.635184
3880 5.522558 5.522558 5.522558 0.635184 0.635184 0.635184
3890 5.522558 5.522558 5.522558 0.635184 0.635184 0.635184
3900 5.522558 5.522558 5.522558 0.635184 0.635184 0.635184
3910 5.522558 5.522558 5.522558 0.635184 0.635184 0.635184
3920 5.522558 5.522558 5.522558 0.635184 0.635184 0.635184
3930 5.522558 5.522558 5.522558 0.635184 0.635184 0.635184
3940 5.522558 5.522558 5.522558 0.635184 0.635184 0.635184
3950 5.522558 5.522558 5.522558 0.635184 0.635184 0.635184
3960 5.522558 5.522558 5.522558 0.635184 0.635184 0.635184
3970 5.522558 5.522558 5.522558 0.635184 0.635184 0.635184
3980 5.522558 5.522558 5.522558 0.635184 0.635184 0.635184
3990 5.522558 5.522558 5.522558 0.635184 0.635184 0.635184
4000 5.522558 5.522558 5.522558 0.635184 0.635184 0.635184
4010 5.522558 5.522558 5.522558 0.635184 0.635184 0.635184
4020 5.522558 5.522558 5.522558 0.635184 0.635184 0.635184
4030 5.522558 5.522558 5.522558 0.635184 0.635184 0.635184
4040 5.522558 5.522558 5.522558 0.635184 0.635184 0.635184
4050 5.522558 5.522558 5.522558 0.635184 0.635184 0.635184
4060 5.522558 5.522558 5.522558 0.635184 0.635184 0.635184
4070 5.522558 5.522558 5.522558 0.635184 0.635184 0.635184
4080 5.522558 5.522558 5.522558 0.635184 0.635184 0.635184
4090 5.522558 5.522558 5.522558 0.635184 0.635184 0.635184
4100 5.522558 5.522558 5.522558 0.635184 0.635184 0.635184
4110 5.522558 5.522558 5.522558 0.635184 0.635184 0.635184
4120 5.522558 5.522558 5.522558 0.635184 0.635184 0.635184
4130 5.522558 5.522558 5.522558 0.635184 0.635184 0.635184
4140 5.522558 5.522558 5.522558 0.635184 0.635184 0.635184
4150 5.522558 5.522558 5.522558 0.635184 0.635184 0.635184
4160 5.522558 5.522558 5.522558 0.635184 0.635184 0.635184
4170 5.522558 5.522558 5.522558 0.635184 0.635184 0.635184
4180 5.522558 5.522558 5.522558 0.635184 0.635184 0.635184
4190 5.522558 5.522558 5.522558 0.635184 0.635184 0.635184
4200 5.522558 5.522558 5.522558 0.635184 0.635184 0.635184
4210 5.522558 5.522558 5.522558 0.635184 0.635184 0.635184
4220 5.522558 5.522558 5.522558 0.635184 0.635184 0.635184
4230 5.522558 5.522558 5.522558 0.635184 0.635184 0.635184
4240 5.522558 5.522558 5.522558 0.635184 0.635184 0.635184
4250 5.522558 5.522558 5.522558 0.635184 0.635184 0.635184
4260 5.522558 5.522558 5.522558 0.635184 0.635184 0.635184
4270 5.522558 5.522558 5.522558 0.635184 0.635184 0.635184
4280 5.522558 5.522558 5.522558 0.635184 0.635184 0.635184
4290 5.522558 5.522558 5.522558 0.635184 0.635184 0.635184
4300 5.522558 5.522558 5.522558 0.635184 0.635184 0.635184
4310 5.522558 5.522558 5.522558 0.635184 0.635184 0.635184
4320 5.522558 5.522558 5.522558 0.635184 0.635184 0.635184
4330 5.522558 5.522558 5.522558 0.635184 0.635184 0.635184
4340 5.522558 5.522558 5.522558 0.635184 0.635184 0.635184
4350 5.522558 5.522558 5.522558 0.635184 0.635184 0.635184
4360 5.522558 5.522558 5.522558 0.635184 0.635184 0.635184
4370 5.522558 5.522558 5.522558 0.635184 0.635184 0.635184
4380 5.522558 5.522558 5.522558 0.635184 0.635184 0.635184
4390 5.522558 5.522558 5.522558 0.635184 0.635184 0.635184
4400 5.522558 5.522558 5.522558 0.635184 0.635184 0.635184
4410 5.522558 5.522558 5.522558 0.635184 0.635184 0.635184
4420 5.522558 5.522558 5.522558 0.635184 0.635184 0.635184
4430 5.522558 5.522558 5.522558 0.635184 0.635184 0.635184
4440 5.522558 5.522558 5.522558 0.635184 0.635184 0.635184
4450 5.522558 5.522558 5.522558 0.635184 0.635184 0.635184
4460 5.522558 5.522558 5.522558 0.635184 0.635184 0.635184
4470 5.522558 5.522558 5.522558 0.635184 0.635184 0.635184
4480 5.522558 5.522558 5.522558 0.635184 0.635184 0.635184
4490 5.522558 5.522558 5.522558 0.635184 0.635184 0.635184
4500 5.522558 5.522558 5.522558 0.635184 0.635184 0.635184
4510 5.522558 5.522558 5.522558 0.635184 0.635184 0.635184
4520 5.522558 5.522558 5.522558 0.635184 0.635184 0.635184
4530 5.522558 5.522558 5.522558 0.635184 0.635184 0.635184
4540 5.522558 5.522558 5.522558 0.635184 0.635184 0.635184
4550 5.522558 5.522558 5.522558 0.635184 0.635184 0.635184
4560 5.522558 5.522558 5.522558 0.635184 0.635184 0.635184
4570 5.522558 5.522558 5.522558 0.635184 0.635184 0.635184
4580 5.522558 5.522558 5.522558 0.635184 0.635184 0.635184
4590 5.522558 5.522558 5.522558 0.635184 0.635184 0.635184
4600 5.522558 5.522558 5.522558 0.635184 0.635184 0.635184
4610 5.522558 5.522558 5.522558 0.635184 0.635184 0.635184
4620 5.522558 5.522558 5.522558 0.635184 0.635184 0.635184
4630 5.522558 5.522558 5.522558 0.635184 0.635184 0.635184
4640 5.522558 5.522558 5.522558 0.635184 0.635184 0.635184
4650 5.522558 5.522558 5.522558 0.635184 0.635184 0.635184
4660 5.522558 5.522558 5.522558 0.635184 0.635184 0.635184
4670 5.522558 5.522558 5.522558 0.635184 0.635184 0.635184
4680 5.522558 5.522558 5.522558 0.635184 0.635184 0.635184
4690 5.522558 5.522558 5.522558 0.635184 0.635184 0.635184
4700 5.522558 5.522558 5.522558 0.635184 0.635184 0.635184
4710 5.522558 5.522558 5.522558 0.635184 0.635184 0.635184
4720 5.522558 5.522558 5.522558 0.635184 0.635184 0.635184
4730 5.522558 5.522558 5.522558 0.635184 0.635184 0.635184
4740 5.522558 5.522558 5.522558 0.635184 0.635184 0.635184
4750 5.522558 5.522558 5.522558 0.635184 0.635184 0.635184
4760 5.522558 5.522558 5.522558 0.635184 0.635184 0.635184
4770 5.522558 5.522558 5.522558 0.635184 0.635184 0.635184
4780 5.522558 5.522558 5.522558 0.635184 0.635184 0.635184
4790 5.522558 5.522558 5.522558 0.635184 0.635184 0.635184
4800 5.522558 5.522558 5.522558 0.635184 0.635184 0.635184
4810 5.522558 5.522558 5.522558 0.635184 0.635184 0.635184
4820 5.522558 5.522558 5.522558 0.635184 0.635184 0.635184
4830 5.522558 5.522558 5.522558 0.635184 0.635184 0.635184
4840 5.522558 5.522558 5.522558 0.635184 0.635184 0.635184
4850 5.522558 5.522558 5.522558 0.635184 0.635184 0.635184
4860 5.522558 5.522558 5.522558 0.635184 0.635184 0.635184
4870 5.522558 5.522558 5.522558 0.635184 0.635184 0.635184
4880 5.522558 5.522558 5.522558 0.635184 0.635184 0.635184
4890 5.522558 5.522558 5.522558 0.635184 0.635184 0.635184
4900 5.522558 5.522558 5.522558 0.635184 0.635184 0.635184
4910 5.522558 5.522558 5.522558 0.635184 0.635184 0.635184
4920 5.522558 5.522558 5.522558 0.635184 0.635184 0.635184
4930 5.522558 5.522558 5.522558 0.635184 0.635184 0.635184
4940 5.522558 5.522558 5.522558 0.635184 0.635184 0.635184
4950 5.522558 5.522558 5.522558 0.635184 0.635184 0.635184
4960 5.522558 5.522558 5.522558 0.635184 0.635184 0.635184
4970 5.522558 5.522558 5.522558 0.635184 0.635184 0.635184
4980 5.522558 5.522558 5.522558 0.635184 0.635184 0.635184
4990 5.522558 5.522558 5.522558 0.635184 0.635184 0.635184
5000 5.522558 5.522558 5.522558 0.635184 0.635184 0.635184
5010 5.522558 5.522558 5.522558 0.635184 0.635184 0.635184
5020 5.522558 5.522558 5.522558 0.635184 0.635184 0.635184
5030 5.522558 5.522558 5.522558 0.635184 0.635184 0.635184
5040 5.522558 5.522558 5.522558 0.635184 0.635184 0.635184
5050 5.522558 5.522558 5.522558 0.635184 0.635184 0.635184
5060 5.522558 5.522558 5.522558 0.635184 0.635184 0.635184
5070 5.522558 5.522558 5.522558 0.635184 0.635184 0.635184
5080 5.522558 5.522558 5.522558 0.635184 0.635184 0.635184
5090 5.522558 5.522558 5.522558 0.635184 0.635184 0.635184
5100 5.522558 5.522558 5.522558 0.635184 0.635184 0.635184
5110 5.522558 5.522558 5.522558 0.635184 0.635184 0.635184
5120 5.522558 5.522558 5.522558 0.635184 0.635184 0.635184
5130 5.522558 5.522558 5.522558 0.635184 0.635184 0.635184
5140 5.522558 5.522558 5.522558 0.635184 0.635184 0.635184
5150 5.522558 5.522558 5.522558 0.635184 0.635184 0.635184
5160 5.522558 5.522558 5.522558 0.635184 0.635184 0.635184
5170 5.522558 5.522558 5.522558 0.635184 0.635184 0.635184
5180 5.522558 5.522558 5.522558 0.635184 0.635184 0.635184
5190 5.522558 5.522558 5.522558 0.635184 0.635184 0.635184
5200 5.522558 5.522558 5.522558 0.635184 0.635184 0.635184
5210 5.522558 5.522558 5.522558 0.635184 0.635184 0.635184
5220 5.522558 5.522558 5.522558 0.635184 0.635184 0.635184
5230 5.522558 5.522558 5.522558 0.635184 0.635184 0.635184
5240 5.522558 5.522558 5.522558 0.635184 0.635184 0.635184
5250 5.522558 5.522558 5.522558 0.635184 0.635184 0.635184
5260 5.522558 5.522558 5.522558 0.635184 0.635184 0.635184
5270 5.522558 5.522558 5.522558 0.635184 0.635184 0.635184
5280 5.522558 5.522558 5.522558 0.635184 0.635184 0.635184
5290 5.522558 5.522558 5.522558 0.635184 0.635184 0.635184
5300 5.522558 5.522558 5.522558 0.635184 0.635184 0.635184
5310 5.522558 5.522558 5.522558 0.635184 0.635184 0.635184
5320 5.522558 5.522558 5.522558 0.635184 0.635184 0.635184
5330 5.522558 5.522558 5.522558 0.635184 0.635184 0.635184
5340 5.522558 5.522558 5.522558 0.635184 0.635184 0.635184
5350 5.522558 5.522558 5.522558 0.635184 0.635184 0.635184
5360 5.522558 5.522558 5.522558 0.635184 0.635184 0.635184
5370 5.522558 5.522558 5.522558 0.635184 0.635184 0.635184
5380 5.522558 5.522558 5.522558 0.635184 0.635184 0.635184
5390 5.522558 5.522558 5.522558 0.635184 0.635184 0.635184
5400 5.522558 5.522558 5.522558 0.635184 0.635184 0.635184
5410 5.522558 5.522558 5.522558 0.635184 0.635184 0.635184
5420 5.522558 5.522558 5.522558 0.635184 0.635184 0.635184
5430 5.522558 5.522558 5.522558 0.635184 0.635184 0.635184
5440 5.522558 5.522558 5.522558 0.635184 0.635184 0.635184
5450 5.522558 5.522558 5.522558 0.635184 0.635184 0.635184
5460 5.522558 5.522558 5.522558 0.635184 0.635184 0.635184
5470 5.522558 5.522558 5.522558 0.635184 0.635184 0.635184
5480 5.522558 5.522558 5.522558 0.635184 0.635184 0.635184
5490 5.522558 5.522558 5.522558 0.635184 0.635184 0.635184
5500 5.522558 5.522558 5.522558 0.635184 0.635184 0.635184
5510 5.522558 5.522558 5.522558 0.635184 0.635184 0.635184
5520 5.522558 5.522558 5.522558 0.635184 0.635184 0.635184
5530 5.522558 5.522558 5.522558 0.635184 0.635184 0.635184
5540 5.522558 5.522558 5.522558 0.635184 0.635184 0.635184
5550 5.522558 5.522558 5.522558 0.635184 0.635184 0.635184
5560 5.522558 5.522558 5.522558 0.635184 0.635184 0.635184
5570 5.522558 5.522558 5.522558 0.635184 0.635184 0.635184
5580 5.522558 5.522558 5.522558 0.635184 0.635184 0.635184
5590 5.522558 5.522558 5.522558 0.635184 0.635184 0.635184
5600 5.522558 5.522558 5.522558 0.635184 0.635184 0.635184
5610 5.522558 5.522558 5.522558 0.635184 0.635184 0.635184
5620 5.522558 5.522558 5.522558 0.635184 0.635184 0.635184
5630 5.522558 5.522558 5.522558 0.635184 0.635184 0.635184
5640 5.522558 5.522558 5.522558 0.635184 0.635184 0.635184
5650 5.522558 5.522558 5.522558 0.635184 0.635184 0.635184
5660 5.522558 5.522558 5.522558 0.635184 0.635184 0.635184
5670 5.522558 5.522558 5.522558 0.635184 0.635184 0.635184
5680 5.522558 5.522558 5.522558 0.635184 0.635184 0.635184
5690 5.522558 5.522558 5.522558 0.635184 0.635184 0.635184
5700 5.522558 5.522558 5.522558 0.635184 0.635184 0.635184
5710 5.522558 5.522558 5.522558 0.635184 0.635184 0.635184
5720 5.522558 5.522558 5.522558 0.635184 0.635184 0.635184
5730 5.522558 5.522558 5.522558 0.635184 0.635184 0.635184
5740 5.522558 5.522558 5.522558 0.635184 0.635184 0.635184
5750 5.522558 5.522558 5.522558 0.635184 0.635184 0.635184
5760 5.522558 5.522558 5.522558 0.635184 0.635184 0.635184
5770 5.522558 5.522558 5.522558 0.635184 0.635184 0.635184
5780 5.522558 5.522558 5.522558 0.635184 0.635184 0.635184
5790 5.522558 5.522558 5.522558 0.635184 0.635184 0.635184
5800 5.522558 5.522558 5.522558 0.635184 0.635184 0.635184
5810 5.522558 5.522558 5.522558 0.635184 0.635184 0.635184
5820 5.522558 5.522558 5.522558 0.635184 0.635184 0.635184
5830 5.522558 5.522558 5.522558 0.635184 0.635184 0.635184
5840 5.522558 5.522558 5.522558 0.635184 0.635184 0.635184
5850 5.522558 5.522558 5.522558 0.635184 0.635184 0.635184
5860 5.522558 5.522558 5.522558 0.635184 0.635184 0.635184
5870 5.522558 5.522558 5.522558 0.635184 0.635184 0.635184
5880 5.522558 5.522558 5.522558 0.635184 0.635184 0.635184
5890 5.522558 5.522558 5.522558 0.635184 0.635184 0.635184
5900 5.522558 5.522558 5.522558 0.635184 0.635184 0.635184
5910 5.522558 5.522558 5.522558 0.635184 0.635184 0.635184
5920 5.522558 5.522558 5.522558 0.635184 0.635184 0.635184
5930 5.522558 5.522558 5.522558 0.635184 0.635184 0.635184
5940 5.522558 5.522558 5.522558 0.635184 0.635184 0.635184
5950 5.522558 5.522558 5.522558 0.635184 0.635184 0.635184
5960 5.522558 5.522558 5.522558 0.635184 0.635184 0.635184
5970 5.522558 5.522558 5.522558 0.635184 0.635184 0.635184
5980 5.522558 5.522558 5.522558 0.635184 0.635184 0.635184
5990 5.522558 5.522558 5.522558 0.635184 0.635184 0.635184
6000 5.522558 5.522558 5.522558 0.635184 0.635184 0.635184
6010 5.522558 5.522558 5.522558 0.635184 0.635184 0.635184
6020 5.522558 5.522558 5.522558 0.635184 0.635184 0.635184
6030 5.522558 5.522558 5.522558 0.635184 0.635184 0.635184
6040 5.522558 5.522558 5.522558 0.635184 0.635184 0.635184
6050 5.522558 5.522558 5.522558 0.635184 0.635184 0.635184
6060 5.522558 5.522558 5.522558 0.635184 0.635184 0.635184
6070 5.522558 5.522558 5.522558 0.635184 0.635184 0.635184
6080 5.522558 5.522558 5.522558 0.635184 0.635184 0.635184
6090 5.522558 5.522558 5.522558 0.635184 0.635184 0.635184
6100 5.522558 5.522558 5.522558 0.635184 0.635184 0.635184
6110 5.522558 5.522558 5.522558 0.635184 0.635184 0.635184
6120 5.522558 5.522558 5.522558 0.635184 0.635184 0.635184
6130 5.522558 5.522558 5.522558 0.635184 0.635184 0.635184
6140 5.522558 5.522558 5.522558 0.635184 0.635184 0.635184
6150 5.522558 5.522558 5.522558 0.635184 0.635184 0.635184
6160 5.522558 5.522558 5.522558 0.635184 0.635184 0.635184
6170 5.522558 5.522558 5.522558 0.635184 0.635184 0.635184
6180 5.522558 5.522558 5.522558 0.635184 0.635184 0.635184
6190 5.522558 5.522558 5.522558 0.635184 0.635184 0.635184
6200 5.522558 5.522558 5.522558 0.635184 0.635184 0.635184
6210 5.522558 5.522558 5.522558 0.635184 0.635184 0.635184
6220 5.522558 5.522558 5.522558 0.635184 0.635184 0.635184
6230 5.522558 5.522558 5.522558 0.635184 0.635184 0.635184
6240 5.522558 5.522558 5.522558 0.635184 0.635184 0.635184
6250 5.522558 5.522558 5.522558 0.635184 0.635184 0.635184
6260 5.522558 5.522558 5.522558 0.635184 0.635184 0.635184
6270 5.522558 5.522558 5.522558 0.635184 0.635184 0.635184
6280 5.522558 5.522558 5.522558 0.635184 0.635184 0.635184
6290 5.522558 5.522558 5.522558 0.635184 0.635184 0.635184
6300 5.522558 5.522558 5.522558 0.635184 0.635184 0.635184
6310 5.522558 5.522558 5.522558 0.635184 0.635184 0.635184
6320 5.522558 5.522558 5.522558 0.635184 0.635184 0.635184
6330 5.522558 5.522558 5.522558 0.635184 0.635184 0.635184
6340 5.522558 5.522558 5.522558 0.635184 0.635184 0.635184
6350 5.522558 5.522558 5.522558 0.635184 0.635184 0.635184
6360 5.522558 5.522558 5.522558 0.635184 0.635184 0.635184
6370 5.522558 5.522558 5.522558 0.635184 0.635184 0.635184
6380 5.522558 5.522558 5.522558 0.635184 0.635184 0.635184
6390 5.522558 5.522558 5.522558 0.635184 0.635184 0.635184
6400 5.522558 5.522558 5.522558 0.635184 0.635184 0.635184
6410 5.522558 5.522558 5.522558 0.635184 0.635184 0.635184
6420 5.522558 5.522558 5.522558 0.635184 0.635184 0.635184
6430 5.522558 5.522558 5.522558 0.635184 0.635184 0.635184
6440 5.522558 5.522558 5.522558 0.635184 0.635184 0.635184
6450 5.522558 5.522558 5.522558 0.635184 0.635184 0.635184
6460 5.522558 5.522558 5.522558 0.635184 0.635184 0.635184
6470 5.522558 5.522558 5.522558 0.635184 0.635184 0.635184
6480 5.522558 5.522558 5.522558 0.635184 0.635184 0.635184
6490 5.522558 5.522558 5.522558 0.635184 0.635184 0.635184
6500 5.522558 5.522558 5.522558 0.635184 0.635184 0.635184
6510 5.522558 5.522558 5.522558 0.635184 0.635184 0.635184
6520 5.522558 5.522558 5.522558 0.635184 0.635184 0.635184
6530 5.522558 5.522558 5.522558 0.635184 0.635184 0.635184
6540 5.522558 5.522558 5.522558 0.635184 0.635184 0.635184
6550 5.522558 5.522558 5.522558 0.635184 0.635184 0.635184
6560 5.522558 5.522558 5.522558 0.635184 0.635184 0.635184
6570 5.522558 5.522558 5.522558 0.635184 0.635184 0.635184
6580 5.522558 5.522558 5.522558 0.635184 0.635184 0.635184
6590 5.522558 5.522558 5.522558 0.635184 0.635184 0.635184
6600 5.522558 5.522558 5.522558 0.635184 0.635184 0.635184
6610 5.522558 5.522558 5.522558 0.635184 0.635184 0.635184
6620 5.522558 5.522558 5.522558 0.635184 0.635184 0.635184
6630 5.522558 5.522558 5.522558 0.635184 0.635184 0.635184
6640 5.522558 5.522558 5.522558 0.635184 0.635184 0.635184
6650 5.522558 5.522558 5.522558 0.635184 0.635184 0.635184
6660 5.522558 5.522558 5.522558 0.635184 0.635184 0.635184
6670 5.522558 5.522558 5.522558 0.635184 0.635184 0.635184
6680 5.522558 5.522558 5.522558 0.635184 0.635184 0.635184
6690 5.522558 5.522558 5.522558 0.635184 0.635184 0.635184
6700 5.522558 5.522558 5.522558 0.635184 0.635184 0.635184
6710 5.522558 5.522558 5.522558 0.635184 0.635184 0.635184
6720 5.522558 5.522558 5.522558 0.635184 0.635184 0.635184
6730 5.522558 5.522558 5.522558 0.635184 0.635184 0.635184
6740 5.522558 5.522558 5.522558 0.635184 0.635184 0.635184
6750 5.522558 5.522558 5.522558 0.635184 0.635184 0.635184
6760 5.522558 5.522558 5.522558 0.635184 0.635184 0.635184
6770 5.522558 5.522558 5.522558 0.635184 0.635184 0.635184
6780 5.522558 5.522558 5.522558 0.635184 0.635184 0.635184
6790 5.522558 5.522558 5.522558 0.635184 0.635184 0.635184
6800 5.522558 5.522558 5.522558 0.635184 0.635184 0.635184
6810 5.522558 5.522558 5.522558 0.635184 0.635184 0.635184
6820 5.522558 5.522558 5.522558 0.635184 0.635184 0.635184
6830 5.522558 5.522558 5.522558 0.635184 0.635184 0.635184
6840 5.522558 5.522558 5.522558 0.635184 0.635184 0.635184
6850 5.522558 5.522558 5.522558 0.635184 0.635184 0.635184
6860 5.522558 5.522558 5.522558 0.635184 0.635184 0.635184
6870 5.522558 5.522558 5.522558 0.635184 0.635184 0.635184
6880 5.522558 5.522558 5.522558 0.635184 0.635184 0.635184
6890 5.522558 5.522558 5.522558 0.635184 0.635184 0.635184
6900 5.522558 5.522558 5.522558 0.635184 0.635184 0.635184
6910 5.522558 5.522558 5.522558 0.635184 0.635184 0.635184
6920 5.522558 5.522558 5.522558 0.635184 0.635184 0.635184
6930 5.522558 5.522558 5.522558 0.635184 0.635184 0.635184
6940 5.522558 5.522558 5.522558 0.635184 0.635184 0.635184
6950 5.522558 5.522558 5.522558 0.635184 0.635184 0.635184
6960 5.522558 5.522558 5.522558 0.635184 0.635184 0.635184
6970 5.522558 5.522558 5.522558 0.635184 0.635184 0.635184
6980 5.522558 5.522558 5.522558 0.635184 0.635184 0.635184
6990 5.522558 5.522558 5.522558 0.635184 0.635184 0.635184
7000 5.522558 5.522558 5.522558 0.635184 0.635184 0.635184
7010 5.522558 5.522558 5.522558 0.635184 0.635184 0.635184
7020 5.522558 5.522558 5.522558 0.635184 0.635184 0.635184
7030 5.522558 5.522558 5.522558 0.635184 0.635184 0.635184
7040 5.522558 5.522558 5.522558 0.635184 0.635184 0.635184
7050 5.522558 5.522558 5.522558 0.635184 0.635184 0.635184
7060 5.522558 5.522558 5.522558 0.635184 0.635184 0.635184
7070 5.522558 5.522558 5.522558 0.635184 0.635184 0.635184
7080 5.522558 5.522558 5.522558 0.635184 0.635184 0.635184
7090 5.522558 5.522558 5.522558 0.635184 0.635184 0.635184
7100 5.522558 5.522558 5.522558 0.635184 0.635184 0.635184
7110 5.522558 5.522558 5.522558 0.635184 0.635184 0.635184
7120 5.522558 5.522558 5.522558 0.635184 0.635184 0.635184
7130 5.522558 5.522558 5.522558 0.635184 0.635184 0.635184
7140 5.522558 5.522558 5.522558 0.635184 0.635184 0.635184
7150 5.522558 5.522558 5.522558 0.635184 0.635184 0.635184
7160 5.522558 5.522558 5.522558 0.635184 0.635184 0.635184
7170 5.522558 5.522558 5.522558 0.635184 0.635184 0.635184
7180 5.522558 5.522558 5.522558 0.635184 0.635184 0.635184
7190 5.522558 5.522558 5.522558 0.635184 0.635184 0.635184
7200 5.522558 5.522558 5.522558 0.635184 0.635184 0.635184
7210 5.522558 5.522558 5.522558 0.635184 0.635184 0.635184
7220 5.522558 5.522558 5.522558 0.635184 0.635184 0.635184
7230 5.522558 5.522558 5.522558 0.635184 0.635184 0.635184
7240 5.522558 5.522558 5.522558 0.635184 0.635184 0.635184
7250 5.522558 5.522558 5.522558 0.635184 0.635184 0.635184
7260 5.522558 5.522558 5.522558 0.635184 0.635184 0.635184
7270 5.522558 5.522558 5.522558 0.635184 0.635184 0.635184
7280 5.522558 5.522558 5.522558 0.635184 0.635184 0.635184
7290 5.522558 5.522558 5.522558 0.635184 0.635184 0.635184
7300 5.522558 5.522558 5.522558 0.635184 0.635184 0.635184
7310 5.522558 5.522558 5.522558 0.635184 0.635184 0.635184
7320 5.522558 5.522558 5.522558 0.635184 0.635184 0.635184
7330 5.522558 5.522558 5.522558 0.635184 0.635184 0.635184
7340 5.522558 5.522558 5.522558 0.635184 0.635184 0.635184
7350 5.522558 5.522558 5.522558 0.635184 0.635184 0.635184
7360 5.522558 5.522558 5.522558 0.635184 0.635184 0.635184
7370 5.522558 5.522558 5.522558 0.635184 0.635184 0.635184
7380 5.522558 5.522558 5.522558 0.635184 0.635184 0.635184
7390 5.522558 5.522558 5.522558 0.635184 0.635184 0.635184
7400 5.522558 5.522558 5.522558 0.635184 0.635184 0.635184
7410 5.522558 5.522558 5.522558 0.635184 0.635184 0.635184
7420 5.522558 5.522558 5.522558 0.635184 0.635184 0.635184
7430 5.522558 5.522558 5.522558 0.635184 0.635184 0.635184
7440 5.522558 5.522558 5.522558 0.635184 0.635184 0.635184
7450 5.522558 5.522558 5.522558 0.635184 0.635184 0.635184
7460 5.522558 5.522558 5.522558 0.635184 0.635184 0.635184
7470 5.522558 5.522558 5.522558 0.635184 0.635184 0.635184
7480 5.522558 5.522558 5.522558 0.635184 0.635184 0.635184
7490 5.522558 5.522558 5.522558 0.635184 0.635184 0.635184
7500 5.522558 5.522558 5.522558 0.635184 0.635184 0.635184
7510 5.522558 5.522558 5.522558 0.635184 0.635184 0.635184
7520 5.522558 5.522558 5.522558 0.635184 0.635184 0.635184
7530 5.522558 5.522558 5.522558 0.635184 0.635184 0.635184
7540 5.522558 5.522558 5.522558 0.635184 0.635184 0.635184
7550 5.522558 5.522558 5.522558 0.635184 0.635184 0.635184
7560 5.522558 5.522558 5.522558 0.635184 0.635184 0.635184
7570 5.522558 5.522558 5.522558 0.635184 0.635184 0.635184
7580 5.522558 5.522558 5.522558 0.635184 0.635184 0.635184
7590 5.522558 5.522558 5.522558 0.635184 0.635184 0.635184
7600 5.522558 5.522558 5.522558 0.635184 0.635184 0.635184
7610 5.522558 5.522558 5.522558 0.635184 0.635184 0.635184
7620 5.522558 5.522558 5.522558 0.635184 0.635184 0.635184
7630 5.522558 5.522558 5.522558 0.635184 0.635184 0.635184
7640 5.522558 5.522558 5.522558 0.635184 0.635184 0.635184
7650 5.522558 5.522558 5.522558 0.635184 0.635184 0.635184
7660 5.522558 5.522558 5.522558 0.635184 0.635184 0.635184
7670 5.522558 5.522558 5.522558 0.635184 0.635184 0.635184
7680 5.522558 5.522558 5.522558 0.635184 0.635184 0.635184
7690 5.522558 5.522558 5.522558 0.635184 0.635184 0.635184
7700 5.522558 5.522558 5.522558 0.635184 0.635184 0.635184
7710 5.522558 5.522558 5.522558 0.635184 0.635184 0.635184
7720 5.522558 5.522558 5.522558 0.635184 0.635184 0.635184
7730 5.522558 5.522558 5.522558 0.635184 0.635184 0.635184
7740 5.522558 5.522558 5.522558 0.635184 0.635184 0.635184
7750 5.522558 5.522558 5.522558 0.635184 0.635184 0.635184
7760 5.522558 5.522558 5.522558 0.635184 0.635184 0.635184
7770 5.522558 5.522558 5.522558 0.635184 0.635184 0.635184
7780 5.522558 5.522558 5.522558 0.635184 0.635184 0.635184
7790 5.522558 5.522558 5.522558 0.635184 0.635184 0.635184
7800 5.522558 5.522558 5.522558 0.635184 0.635184 0.635184
7810 5.522558 5.522558 5.522558 0.635184 0.635184 0.635184
7820 5.522558 5.522558 5.522558 0.635184 0.635184 0.635184
7830 5.522558 5.522558 5.522558 0.635184 0.635184 0.635184
7840 5.522558 5.522558 5.522558 0.635184 0.635184 0.635184
7850 5.522558 5.522558 5.522558 0.635184 0.635184 0.635184
7860 5.522558 5.522558 5.522558 0.635184 0.635184 0.635184
7870 5.522558 5.522558 5.522558 0.635184 0.635184 0.635184
7880 5.522558 5.522558 5.522558 0.635184 0.635184 0.635184
7890 5.522558 5.522558 5.522558 0.635184 0.635184 0.635184
7900 5.522558 5.522558 5.522558 0.635184 0.635184 0.635184
7910 5.522558 5.522558 5.522558 0.635184 0.635184 0.635184
7920 5.522558 5.522558 5.522558 0.635184 0.635184 0.635184
7930 5.522558 5.522558 5.522558 0.635184 0.635184 0.635184
7940 5.522558 5.522558 5.522558 0.635184 0.635184 0.635184
7950 5.522558 5.522558 5.522558 0.635184 0.635184 0.635184
7960 5.522558 5.522558 5.522558 0.635184 0.635184 0.635184
7970 5.522558 5.522558 5.522558 0.635184 0.635184 0.635184
7980 5.522558 5.522558 5.522558 0.635184 0.635184 0.635184
7990 5.522558 5.522558 5.522558 0.635184 0.635184 0.635184
8000 5.522558 5.522558 5.522558 0.635184 0.635184 0.635184
8010 5.522558 5.522558 5.522558 0.635184 0.635184 0.635184
8020 5.522558 5.522558 5.522558 0.635184 0.635184 0.635184
8030 5.522558 5.522558 5.522558 0.635184 0.635184 0.635184
8040 5.522558 5.522558 5.522558 0.635184 0.635184 0.635184
8050 5.522558 5.522558 5.522558 0.635184 0.635184 0.635184
8060 5.522558 5.522558 5.522558 0.635184 0.635184 0.635184
8070 5.522558 5.522558 5.522558 0.635184 0.635184 0.635184
8080 5.522558 5.522558 5.522558 0.635184 0.635184 0.635184
8090 5.522558 5.522558 5.522558 0.635184 0.635184 0.635184
8100 5.522558 5.522558 5.522558 0.635184 0.635184 0.635184
8110 5.522558 5.522558 5.522558 0.635184 0.635184 0.635184
8120 5.522558 5.522558 5.522558 0.635184 0.635184 0.635184
8130 5.522558 5.522558 5.522558 0.635184 0.635184 0.635184
8140 5.522558 5.522558 5.522558 0.635184 0.635184 0.635184
8150 5.522558 5.522558 5.522558 0.635184 0.635184 0.635184
8160 5.522558 5.522558 5.522558 0.635184 0.635184 0.635184
8170 5.522558 5.522558 5.522558 0.635184 0.635184 0.635184
8180 5.522558 5.522558 5.522558 0.635184 0.635184 0.635184
8190 5.522558 5.522558 5.522558 0.635184 0.635184 0.635184
8200 5.522558 5.522558 5.522558 0.635184 0.635184 0.635184
8210 5.522558 5.522558 5.522558 0.635184 0.635184 0.635184
8220 5.522558 5.522558 5.522558 0.635184 0.635184 0.635184
8230 5.522558 5.522558 5.522558 0.635184 0.635184 0.635184
8240 5.522558 5.522558 5.522558 0.635184 0.635184 0.635184
8250 5.522558 5.522558 5.522558 0.635184 0.635184 0.635184
8260 5.522558 5.522558 5.522558 0.635184 0.635184 0.635184
8270 5.522558 5.522558 5.522558 0.635184 0.635184 0.635184
8280 5.522558 5.522558 5.522558 0.635184 0.635184 0.635184
8290 5.522558 5.522558 5.522558 0.635184 0.635184 0.635184
8300 5.522558 5.522558 5.522558 0.635184 0.635184 0.635184
8310 5.522558 5.522558 5.522558 0.635184 0.635184 0.635184
8320 5.522558 5.522558 5.522558 0.635184 0.635184 0.635184
8330 5.522558 5.522558 5.522558 0.635184 0.635184 0.635184
8340 5.522558 5.522558 5.522558 0.635184 0.635184 0.635184
8350 5.522558 5.522558 5.522558 0.635184 0.635184 0.635184
8360 5.522558 5.522558 5.522558 0.635184 0.635184 0.635184
8370 5.522558 5.522558 5.522558 0.635184 0.635184 0.635184
8380 5.522558 5.522558 5.522558 0.635184 0.635184 0.635184
8390 5.522558 5.522558 5.522558 0.635184 0.635184 0.635184
8400 5.522558 5.522558 5.522558 0.635184 0.635184 0.635184
8410 5.522558 5.522558 5.522558 0.635184 0.635184 0.635184
8420 5.522558 5.522558 5.522558 0.635184 0.635184 0.635184
8430 5.522558 5.522558 5.522558 0.635184 0.635184 0.635184
8440 5.522558 5.522558 5.522558 0.635184 0.635184 0.635184
8450 5.522558 5.522558 5.522558 0.635184 0.635184 0.635184
8460 5.522558 5.522558 5.522558 0.635184 0.635184 0.635184
8470 5.522558 5.522558 5.522558 0.635184 0.635184 0.635184
8480 5.522558 5.522558 5.522558 0.635184 0.635184 0.635184
8490 5.522558 5.522558 5.522558 0.635184 0.635184 0.635184
8500 5.522558 5.522558 5.522558 0.635184 0.635184 0.635184
8510 5.522558 5.522558 5.522558 0.635184 0.635184 0.635184
8520 5.522558 5.522558 5.522558 0.635184 0.635184 0.635184
8530 5.522558 5.522558 5.522558 0.635184 0.635184 0.635184
8540 5.522558 5.522558 5.522558 0.635184 0.635184 0.635184
8550 5.522558 5.522558 5.522558 0.635184 0.635184 0.635184
8560 5.522558 5.522558 5.522558 0.635184 0.635184 0.635184
8570 5.522558 5.522558 5.522558 0.635184 0.635184 0.635184
8580 5.522558 5.522558 5.522558 0.635184 0.635184 0.635184
8590 5.522558 5.522558 5.522558 0.635184 0.635184 0.635184
8600 5.522558 5.522558 5.522558 0.635184 0.635184 0.635184
8610 5.522558 5.522558 5.522558 0.635184 0.635184 0.635184
8620 5.522558 5.522558 5.522558 0.635184 0.635184 0.635184
8630 5.522558 5.522558 5.522558 0.635184 0.635184 0.635184
8640 5.522558 5.522558 5.522558 0.635184 0.635184 0.635184
8650 5.522558 5.522558 5.522558 0.635184 0.635184 0.635184
8660 5.522558 5.522558 5.522558 0.635184 0.635184 0.635184
8670 5.522558 5.522558 5.522558 0.635184 0.635184 0.635184
8680 5.522558 5.522558 5.522558 0.635184 0.635184 0.635184
8690 5.522558 5.522558 5.522558 0.635184 0.635184 0.635184
8700 5.522558 5.522558 5.522558 0.635184 0.635184 0.635184
8710 5.522558 5.522558 5.522558 0.635184 0.635184 0.635184
8720 5.522558 5.522558 5.522558 0.635184 0.635184 0.635184
8730 5.522558 5.522558 5.522558 0.635184 0.635184 0.635184
8740 5.522558 5.522558 5.522558 0.635184 0.635184 0.635184
8750 5.522558 5.522558 5.522558 0.635184 0.635184 0.635184
8760 5.522558 5.522558 5.522558 0.635184 0.635184 0.635184
8770 5.522558 5.522558 5.522558 0.635184 0.635184 0.635184
8780 5.522558 5.522558 5.522558 0.635184 0.635184 0.635184
8790 5.522558 5.522558 5.522558 0.635184 0.635184 0.635184
8800 5.522558 5.522558 5.522558 0.635184 0.635184 0.635184
8810 5.522558 5.522558 5.522558 0.635184 0.635184 0.635184
8820 5.522558 5.522558 5.522558 0.635184 0.635184 0.635184
8830 5.522558 5.522558 5.522558 0.635184 0.635184 0.635184
8840 5.522558 5.522558 5.522558 0.635184 0.635184 0.635184
8850 5.522558 5.522558 5.522558 0.635184 0.635184 0.635184
8860 5.522558 5.522558 5.522558 0.635184 0.635184 0.635184
8870 5.522558 5.522558 5.522558 0.635184 0.635184 0.635184
8880 5.522558 5.522558 5.522558 0.635184 0.635184 0.635184
8890 5.522558 5.522558 5.522558 0.635184 0.635184 0.635184
8900 5.522558 5.522558 5.522558 0.635184 0.635184 0.635184
8910 5.522558 5.522558 5.522558 0.635184 0.635184 0.635184
8920 5.522558 5.522558 5.522558 0.635184 0.635184 0.635184
8930 5.522558 5.522558 5.522558 0.635184 0.635184 0.635184
8940 5.522558 5.522558 5.522558 0.635184 0.635184 0.635184
8950 5.522558 5.522558 5.522558 0.635184 0.635184 0.635184
8960 5.522558 5.522558 5.522558 0.635184 0.635184 0.635184
8970 5.522558 5.522558 5.522558 0.635184 0.635184 0.635184
8980 5.522558 5.522558 5.522558 0.635184 0.635184 0.635184
8990 5.522558 5.522558 5.522558 0.635184 0.635184 0.635184
9000 5.522558 5.522558 5.522558 0.635184 0.635184 0.635184
9010 5.522558 5.522558 5.522558 0.635184 0.635184 0.635184
9020 5.522558 5.522558 5.522558 0.635184 0.635184 0.635184
9030 5.522558 5.522558 5.522558 0.635184 0.635184 0.635184
9040 5.522558 5.522558 5.522558 0.635184 0.635184 0.635184
9050 5.522558 5.522558 5.522558 0.635184 0.635184 0.635184
9060 5.522558 5.522558 5.522558 0.635184 0.635184 0.635184
9070 5.522558 5.522558 5.522558 0.635184 0.635184 0.635184
9080 5.522558 5.522558 5.522558 0.635184 0.635184 0.635184
9090 5.522558 5.522558 5.522558 0.635184 0.635184 0.635184
9100 5.522558 5.522558 5.522558 0.635184 0.635184 0.635184
9110 5.522558 5.522558 5.522558 0.635184 0.635184 0.635184
9120 5.522558 5.522558 5.522558 0.635184 0.635184 0.635184
9130 5.522558 5.522558 5.522558 0.635184 0.635184 0.635184
9140 5.522558 5.522558 5.522558 0.635184 0.635184 0.635184
9150 5.522558 5.522558 5.522558 0.635184 0.635184 0.635184
9160 5.522558 5.522558 5.522558 0.635184 0.635184 0.635184
9170 5.522558 5.522558 5.522558 0.635184 0.635184 0.635184
9180 5.522558 5.522558 5.522558 0.635184 0.635184 0.635184
9190 5.522558 5.522558 5.522558 0.635184 0.635184 0.635184
9200 5.522558 5.522558 5.522558 0.635184 0.635184 0.635184
9210 5.522558 5.522558 5.522558 0.635184 0.635184 0.635184
9220 5.522558 5.522558 5.522558 0.635184 0.635184 0.635184
9230 5.522558 5.522558 5.522558 0.635184 0.635184 0.635184
9240 5.522558 5.522558 5.522558 0.635184 0.635184 0.635184
9250 5.522558 5.522558 5.522558 0.635184 0.635184 0.635184
9260 5.522558 5.522558 5.522558 0.635184 0.635184 0.635184
9270 5.522558 5.522558 5.522558 0.635184 0.635184 0.635184
9280 5.522558 5.522558 5.522558 0.635184 0.635184 0.635184
9290 5.522558 5.522558 5.522558 0.635184 0.635184 0.635184
9300 5.522558 5.522558 5.522558 0.635184 0.635184 0.635184
9310 5.522558 5.522558 5.522558 0.635184 0.635184 0.635184
9320 5.522558 5.522558 5.522558 0.635184 0.635184 0.635184
9330 5.522558 5.522558 5.522558 0.635184 0.635184 0.635184
9340 5.522558 5.522558 5.522558 0.635184 0.635184 0.635184
9350 5.522558 5.522558 5.522558 0.635184 0.635184 0.635184
9360 5.522558 5.522558 5.522558 0.635184 0.635184 0.635184
9370 5.522558 5.522558 5.522558 0.635184 0.635184 0.635184
9380 5.522558 5.522558 5.522558 0.635184 0.635184 0.635184
9390 5.522558 5.522558 5.522558 0.635184 0.635184 0.635184
9400 5.522558 5.522558 5.522558 0.635184 0.635184 0.635184
9410 5.522558 5.522558 5.522558 0.635184 0.635184 0.635184
9420 5.522558 5.522558 5.522558 0.635184 0.635184 0.635184
9430 5.522558 5.522558 5.522558 0.635184 0.635184 0.635184
9440 5.522558 5.522558 5.522558 0.635184 0.635184 0.635184
9450 5.522558 5.522558 5.522558 0.635184 0.635184 0.635184
9460 5.522558 5.522558 5.522558 0.635184 0.635184 0.635184
9470 5.522558 5.522558 5.522558 0.635184 0.635184 0.635184
9480 5.522558 5.522558 5.522558 0.635184 0.635184 0.635184
9490 5.522558 5.522558 5.522558 0.635184 0.635184 0.635184
9500 5.522558 5.522558 5.522558 0.635184 0.635184 0.635184
9510 5.522558 5.522558 5.522558 0.635184 0.635184 0.635184
9520 5.522558 5.522558 5.522558 0.635184 0.635184 0.635184
9530 5.522558 5.522558 5.522558 0.635184 0.635184 0.635184
9540 5.522558 5.522558 5.522558 0.635184 0.635184 0.635184
9550 5.522558 5.522558 5.522558 0.635184 0.635184 0.635184
9560 5.522558 5.522558 5.522558 0.635184 0.635184 0.635184
9570 5.522558 5.522558 5.522558 0.635184 0.635184 0.635184
9580 5.522558 5.522558 5.522558 0.635184 0.635184 0.635184
9590 5.522558 5.522558 5.522558 0.635184 0.635184 0.635184
9600 5.522558 5.522558 5.522558 0.635184 0.635184 0.635184
9610 5.522558 5.522558 5.522558 0.635184 0.635184 0.635184
9620 5.522558 5.522558 5.522558 0.635184 0.635184 0.635184
9630 5.522558 5.522558 5.522558 0.635184 0.635184 0.635184
9640 5.522558 5.522558 5.522558 0.635184 0.635184 0.635184
9650 5.522558 5.522558 5.522558 0.635184 0.635184 0.635184
9660 5.522558 5.522558 5.522558 0.635184 0.635184 0.635184
9670 5.522558 5.522558 5.522558 0.635184 0.635184 0.635184
9680 5.522558 5.522558 5.522558 0.635184 0.635184 0.635184
9690 5.522558 5.522558 5.522558 0.635184 0.635184 0.635184
9700 5.522558 5.522558 5.522558 0.635184 0.635184 0.635184
9710 5.522558 5.522558 5.522558 0.635184 0.635184 0.635184
9720 5.522558 5.522558 5.522558 0.635184 0.635184 0.635184
9730 5.522558 5.522558 5.522558 0.635184 0.635184 0.635184
9740 5.522558 5.522558 5.522558 0.635184 0.635184 0.635184
9750 5.522558 5.522558 5.522558 0.635184 0.635184 0.635184
9760 5.522558 5.522558 5.522558 0.635184 0.635184 0.635184
9770 5.522558 5.522558 5.522558 0.635184 0.635184 0.635184
9780 5.522558 5.522558 5.522558 0.635184 0.635184 0.635184
9790 5.522558 5.522558 5.522558 0.635184 0.635184 0.635184
9800 5.522558 5.522558 5.522558 0.635184 0.635184 0.635184
9810 5.522558 5.522558 5.522558 0.635184 0.635184 0.635184
9820 5.522558 5.522558 5.522558 0.635184 0.635184 0.635184
9830 5.522558 5.522558 5.522558 0.635184 0.635184 0.635184
9840 5.522558 5.522558 5.522558 0.635184 0.635184 0.635184
9850 5.522558 5.522558 5.522558 0.635184 0.635184 0.635184
9860 5.522558 5.522558 5.522558 0.635184 0.635184 0.635184
9870 5.522558 5.522558 5.522558 0.635184 0.635184 0.635184
9880 5.522558 5.522558 5.522558 0.635184 0.635184 0.635184
9890 5.522558 5.522558 5.522558 0.635184 0.635184 0.635184
9900 5.522558 5.522558 5.522558 0.635184 0.635184 0.635184
9910 5.522558 5.522558 5.522558 0.635184 0.635184 0.635184
9920 5.522558 5.522558 5.522558 0.635184 0.635184 0.635184
9930 5.522558 5.522558 5.522558 0.635184 0.635184 0.635184
9940 5.522558 5.522558 5.522558 0.635184 0.635184 0.635184
9950 5.522558 5.522558 5.522558 0.635184 0.635184 0.635184
9960 5.522558 5.522558 5.522558 0.635184 0.635184 0.635184
9970 5.522558 5.522558 5.522558 0.635184 0.635184 0.635184
9980 5.522558 5.522558 5.522558 0.635184 0.635184 0.635184
9990 5.522558 5.522558 5.522558 0.635184 0.635184 0.635184
10000 6.129488 6.129488 6.129488 0.808284 0.808284 0.808284
