# generation power_min power_avg power_max util_min util_avg util_max
1 20.054890 23.725973 28.427067 0.284853 0.366154 0.465110
10 20.054890 23.291091 25.901982 0.284853 0.356925 0.423988
20 19.774243 22.930398 24.992666 0.284853 0.349788 0.412012
30 19.774243 22.619218 24.193290 0.284853 0.344270 0.406679
40 19.257193 22.336337 23.855972 0.269145 0.337353 0.389711
50 18.930947 22.006882 23.610057 0.261901 0.330595 0.376026
60 18.653040 21.693675 23.281452 0.259221 0.324661 0.373743
70 18.653040 21.322615 23.072194 0.259221 0.317584 0.369985
80 18.518631 20.969251 22.827511 0.254833 0.309956 0.361405
90 17.626570 20.613318 22.394852 0.244380 0.303812 0.359107
100 17.062353 20.269825 22.116355 0.229195 0.298401 0.359107
110 17.062353 19.955954 21.849125 0.229195 0.292488 0.339096
120 17.062353 19.625689 21.579800 0.229195 0.286915 0.336692
130 16.855125 19.301870 21.182057 0.229195 0.280652 0.336692
140 16.816270 18.965165 20.842082 0.229195 0.274030 0.336692
150 16.816270 18.697201 20.399641 0.229195 0.269427 0.315225
160 16.618102 18.397432 19.987676 0.222226 0.263249 0.309236
170 16.618102 18.161763 19.438393 0.222226 0.258327 0.303160
180 16.132407 17.954764 19.056831 0.205551 0.253865 0.284791
190 16.132407 17.773729 18.951851 0.205551 0.250448 0.284791
200 15.911588 17.546196 18.715451 0.199505 0.246019 0.278352
210 15.284229 17.315481 18.585152 0.199505 0.241914 0.278352
220 15.100930 17.093215 18.342969 0.199305 0.237422 0.268379
230 15.100930 16.886266 17.869390 0.199305 0.233194 0.267627
240 15.100930 16.706284 17.746586 0.199305 0.229808 0.261650
250 15.100930 16.511239 17.608929 0.198934 0.225692 0.259655
260 14.648465 16.282062 17.360446 0.188997 0.220958 0.249986
270 14.648465 16.098698 17.062353 0.188997 0.217470 0.240527
280 14.648465 15.953081 16.965919 0.188997 0.214564 0.237695
290 14.609814 15.784671 16.834702 0.187716 0.211151 0.237177
300 14.609814 15.608201 16.714831 0.185757 0.207282 0.235209
310 14.589735 15.442059 16.618102 0.185757 0.203837 0.230845
320 14.589735 15.281972 16.132407 0.185757 0.200695 0.217982
330 14.551522 15.185157 15.740652 0.185757 0.199037 0.211018
340 14.538808 15.087709 15.590294 0.185757 0.197213 0.209120
350 14.414418 14.990321 15.512858 0.185757 0.195389 0.206427
360 14.414418 14.923605 15.333265 0.185757 0.194216 0.206427
370 14.414418 14.851925 15.242800 0.185757 0.192915 0.203718
380 14.414418 14.783282 15.199412 0.185757 0.191747 0.203718
390 14.354217 14.721875 15.108996 0.185757 0.190732 0.199611
400 14.213171 14.661900 15.022832 0.183686 0.189840 0.199611
410 14.213171 14.611993 14.944843 0.183686 0.188927 0.194057
420 14.115222 14.563168 14.921826 0.183686 0.188215 0.193947
430 14.115222 14.522764 14.725638 0.182439 0.187733 0.190406
440 14.115222 14.493170 14.637371 0.182439 0.187773 0.191003
450 14.115222 14.469153 14.589735 0.182439 0.187595 0.191003
460 14.115222 14.444156 14.589502 0.182439 0.187410 0.191003
470 14.115222 14.417780 14.589502 0.182439 0.187453 0.191003
480 14.115222 14.384896 14.589502 0.182439 0.187348 0.191003
490 14.115222 14.355456 14.538808 0.182439 0.187243 0.191003
500 14.115222 14.325293 14.434683 0.182439 0.187001 0.191003
510 14.034527 14.300655 14.414418 0.182439 0.186586 0.191003
520 14.034527 14.273913 14.414418 0.182439 0.186078 0.191003
530 14.034527 14.247270 14.414418 0.182439 0.185651 0.191003
540 14.034527 14.216651 14.390874 0.182439 0.185301 0.191003
550 14.034527 14.189764 14.384188 0.182439 0.185377 0.191003
560 14.034527 14.164532 14.334167 0.183826 0.184949 0.191003
570 14.034527 14.143309 14.315566 0.183826 0.184648 0.191003
580 14.034527 14.122468 14.315566 0.183826 0.184256 0.191003
590 14.034527 14.109649 14.122795 0.183826 0.183928 0.185107
600 14.034527 14.108767 14.115222 0.183826 0.183928 0.185107
610 14.034527 14.107153 14.115222 0.183826 0.183954 0.185107
620 14.034527 14.105539 14.115222 0.183826 0.183980 0.185107
630 14.034527 14.103118 14.115222 0.183826 0.184018 0.185107
640 14.034527 14.099890 14.115222 0.183826 0.184069 0.185107
650 14.034527 14.094242 14.115222 0.183826 0.184159 0.185107
660 14.034527 14.089400 14.115222 0.183826 0.184236 0.185107
670 14.034527 14.082944 14.115222 0.183826 0.184338 0.185107
680 14.034527 14.075682 14.115222 0.183826 0.184453 0.185107
690 14.034527 14.067612 14.115222 0.183826 0.184582 0.185107
700 14.034527 14.059542 14.115222 0.183826 0.184710 0.185107
710 14.034527 14.052280 14.115222 0.183826 0.184825 0.185107
720 14.034527 14.044210 14.115222 0.183826 0.184953 0.185107
730 14.034527 14.036141 14.115222 0.183826 0.185081 0.185107
740 14.034527 14.034527 14.034527 0.185107 0.185107 0.185107
750 14.034527 14.034527 14.034527 0.185107 0.185107 0.185107
760 14.034527 14.034527 14.034527 0.185107 0.185107 0.185107
770 14.034527 14.034527 14.034527 0.185107 0.185107 0.185107
780 14.034527 14.034527 14.034527 0.185107 0.185107 0.185107
790 14.034527 14.034527 14.034527 0.185107 0.185107 0.185107
800 14.034527 14.034527 14.034527 0.185107 0.185107 0.185107
810 14.034527 14.034527 14.034527 0.185107 0.185107 0.185107
820 14.034527 14.034527 14.034527 0.185107 0.185107 0.185107
830 14.034527 14.034527 14.034527 0.185107 0.185107 0.185107
840 14.034527 14.034527 14.034527 0.185107 0.185107 0.185107
850 14.034527 14.034527 14.034527 0.185107 0.185107 0.185107
860 14.034527 14.034527 14.034527 0.185107 0.185107 0.185107
870 14.034527 14.034527 14.034527 0.185107 0.185107 0.185107
880 14.034527 14.034527 14.034527 0.185107 0.185107 0.185107
890 14.034527 14.034527 14.034527 0.185107 0.185107 0.185107
900 14.034527 14.034527 14.034527 0.185107 0.185107 0.185107
910 14.034527 14.034527 14.034527 0.185107 0.185107 0.185107
920 14.034527 14.034527 14.034527 0.185107 0.185107 0.185107
930 14.034527 14.034527 14.034527 0.185107 0.185107 0.185107
940 14.034527 14.034527 14.034527 0.185107 0.185107 0.185107
950 14.034527 14.034527 14.034527 0.185107 0.185107 0.185107
960 14.034527 14.034527 14.034527 0.185107 0.185107 0.185107
970 14.034527 14.034527 14.034527 0.185107 0.185107 0.185107
980 14.034527 14.034527 14.034527 0.185107 0.185107 0.185107
990 14.034527 14.034527 14.034527 0.185107 0.185107 0.185107
1000 14.034527 14.034527 14.034527 0.185107 0.185107 0.185107
1010 14.034527 14.034527 14.034527 0.185107 0.185107 0.185107
1020 14.034527 14.034527 14.034527 0.185107 0.185107 0.185107
1030 14.034527 14.034527 14.034527 0.185107 0.185107 0.185107
1040 14.034527 14.034527 14.034527 0.185107 0.185107 0.185107
1050 14.034527 14.034527 14.034527 0.185107 0.185107 0.185107
1060 14.034527 14.034527 14.034527 0.185107 0.185107 0.185107
1070 14.034527 14.034527 14.034527 0.185107 0.185107 0.185107
1080 14.034527 14.034527 14.034527 0.185107 0.185107 0.185107
1090 14.034527 14.034527 14.034527 0.185107 0.185107 0.185107
1100 14.034527 14.034527 14.034527 0.185107 0.185107 0.185107
1110 14.034527 14.034527 14.034527 0.185107 0.185107 0.185107
1120 14.034527 14.034527 14.034527 0.185107 0.185107 0.185107
1130 14.034527 14.034527 14.034527 0.185107 0.185107 0.185107
1140 14.034527 14.034527 14.034527 0.185107 0.185107 0.185107
1150 14.034527 14.034527 14.034527 0.185107 0.185107 0.185107
1160 14.034527 14.034527 14.034527 0.185107 0.185107 0.185107
1170 14.034527 14.034527 14.034527 0.185107 0.185107 0.185107
1180 14.034527 14.034527 14.034527 0.185107 0.185107 0.185107
1190 14.034527 14.034527 14.034527 0.185107 0.185107 0.185107
1200 14.034527 14.034527 14.034527 0.185107 0.185107 0.185107
1210 14.034527 14.034527 14.034527 0.185107 0.185107 0.185107
1220 14.034527 14.034527 14.034527 0.185107 0.185107 0.185107
1230 14.034527 14.034527 14.034527 0.185107 0.185107 0.185107
1240 14.034527 14.034527 14.034527 0.185107 0.185107 0.185107
1250 14.034527 14.034527 14.034527 0.185107 0.185107 0.185107
1260 14.034527 14.034527 14.034527 0.185107 0.185107 0.185107
1270 14.034527 14.034527 14.034527 0.185107 0.185107 0.185107
1280 14.034527 14.034527 14.034527 0.185107 0.185107 0.185107
1290 14.034527 14.034527 14.034527 0.185107 0.185107 0.185107
1300 14.034527 14.034527 14.034527 0.185107 0.185107 0.185107
1310 14.034527 14.034527 14.034527 0.185107 0.185107 0.185107
1320 14.034527 14.034527 14.034527 0.185107 0.185107 0.185107
1330 14.034527 14.034527 14.034527 0.185107 0.185107 0.185107
1340 14.034527 14.034527 14.034527 0.185107 0.185107 0.185107
1350 14.034527 14.034527 14.034527 0.185107 0.185107 0.185107
1360 14.034527 14.034527 14.034527 0.185107 0.185107 0.185107
1370 14.034527 14.034527 14.034527 0.185107 0.185107 0.185107
1380 14.034527 14.034527 14.034527 0.185107 0.185107 0.185107
1390 14.034527 14.034527 14.034527 0.185107 0.185107 0.185107
1400 14.034527 14.034527 14.034527 0.185107 0.185107 0.185107
1410 14.034527 14.034527 14.034527 0.185107 0.185107 0.185107
1420 14.034527 14.034527 14.034527 0.185107 0.185107 0.185107
1430 14.034527 14.034527 14.034527 0.185107 0.185107 0.185107
1440 14.034527 14.034527 14.034527 0.185107 0.185107 0.185107
1450 14.034527 14.034527 14.034527 0.185107 0.185107 0.185107
1460 14.034527 14.034527 14.034527 0.185107 0.185107 0.185107
1470 14.034527 14.034527 14.034527 0.185107 0.185107 0.185107
1480 14.034527 14.034527 14.034527 0.185107 0.185107 0.185107
1490 14.034527 14.034527 14.034527 0.185107 0.185107 0.185107
1500 14.034527 14.034527 14.034527 0.185107 0.185107 0.185107
1510 14.034527 14.034527 14.034527 0.185107 0.185107 0.185107
1520 14.034527 14.034527 14.034527 0.185107 0.185107 0.185107
1530 14.034527 14.034527 14.034527 0.185107 0.185107 0.185107
1540 14.034527 14.034527 14.034527 0.185107 0.185107 0.185107
1550 14.034527 14.034527 14.034527 0.185107 0.185107 0.185107
1560 14.034527 14.034527 14.034527 0.185107 0.185107 0.185107
1570 14.034527 14.034527 14.034527 0.185107 0.185107 0.185107
1580 14.034527 14.034527 14.034527 0.185107 0.185107 0.185107
1590 14.034527 14.034527 14.034527 0.185107 0.185107 0.185107
1600 14.034527 14.034527 14.034527 0.185107 0.185107 0.185107
1610 14.034527 14.034527 14.034527 0.185107 0.185107 0.185107
1620 14.034527 14.034527 14.034527 0.185107 0.185107 0.185107
1630 14.034527 14.034527 14.034527 0.185107 0.185107 0.185107
1640 14.034527 14.034527 14.034527 0.185107 0.185107 0.185107
1650 14.034527 14.034527 14.034527 0.185107 0.185107 0.185107
1660 14.034527 14.034527 14.034527 0.185107 0.185107 0.185107
1670 14.034527 14.034527 14.034527 0.185107 0.185107 0.185107
1680 14.034527 14.034527 14.034527 0.185107 0.185107 0.185107
1690 14.034527 14.034527 14.034527 0.185107 0.185107 0.185107
1700 14.034527 14.034527 14.034527 0.185107 0.185107 0.185107
1710 14.034527 14.034527 14.034527 0.185107 0.185107 0.185107
1720 14.034527 14.034527 14.034527 0.185107 0.185107 0.185107
1730 14.034527 14.034527 14.034527 0.185107 0.185107 0.185107
1740 14.034527 14.034527 14.034527 0.185107 0.185107 0.185107
1750 14.034527 14.034527 14.034527 0.185107 0.185107 0.185107
1760 14.034527 14.034527 14.034527 0.185107 0.185107 0.185107
1770 14.034527 14.034527 14.034527 0.185107 0.185107 0.185107
1780 14.034527 14.034527 14.034527 0.185107 0.185107 0.185107
1790 14.034527 14.034527 14.034527 0.185107 0.185107 0.185107
1800 14.034527 14.034527 14.034527 0.185107 0.185107 0.185107
1810 14.034527 14.034527 14.034527 0.185107 0.185107 0.185107
1820 14.034527 14.034527 14.034527 0.185107 0.185107 0.185107
1830 14.034527 14.034527 14.034527 0.185107 0.185107 0.185107
1840 14.034527 14.034527 14.034527 0.185107 0.185107 0.185107
1850 14.034527 14.034527 14.034527 0.185107 0.185107 0.185107
1860 14.034527 14.034527 14.034527 0.185107 0.185107 0.185107
1870 14.034527 14.034527 14.034527 0.185107 0.185107 0.185107
1880 14.034527 14.034527 14.034527 0.185107 0.185107 0.185107
1890 14.034527 14.034527 14.034527 0.185107 0.185107 0.185107
1900 14.034527 14.034527 14.034527 0.185107 0.185107 0.185107
1910 14.034527 14.034527 14.034527 0.185107 0.185107 0.185107
1920 14.034527 14.034527 14.034527 0.185107 0.185107 0.185107
1930 14.034527 14.034527 14.034527 0.185107 0.185107 0.185107
1940 14.034527 14.034527 14.034527 0.185107 0.185107 0.185107
1950 14.034527 14.034527 14.034527 0.185107 0.185107 0.185107
1960 14.034527 14.034527 14.034527 0.185107 0.185107 0.185107
1970 14.034527 14.034527 14.034527 0.185107 0.185107 0.185107
1980 14.034527 14.034527 14.034527 0.185107 0.185107 0.185107
1990 14.034527 14.034527 14.034527 0.185107 0.185107 0.185107
2000 14.034527 14.034527 14.034527 0.185107 0.185107 0.185107
2010 14.034527 14.034527 14.034527 0.185107 0.185107 0.185107
2020 14.034527 14.034527 14.034527 0.185107 0.185107 0.185107
2030 14.034527 14.034527 14.034527 0.185107 0.185107 0.185107
2040 14.034527 14.034527 14.034527 0.185107 0.185107 0.185107
2050 14.034527 14.034527 14.034527 0.185107 0.185107 0.185107
2060 14.034527 14.034527 14.034527 0.185107 0.185107 0.185107
2070 14.034527 14.034527 14.034527 0.185107 0.185107 0.185107
2080 14.034527 14.034527 14.034527 0.185107 0.185107 0.185107
2090 14.034527 14.034527 14.034527 0.185107 0.185107 0.185107
2100 14.034527 14.034527 14.034527 0.185107 0.185107 0.185107
2110 14.034527 14.034527 14.034527 0.185107 0.185107 0.185107
2120 14.034527 14.034527 14.034527 0.185107 0.185107 0.185107
2130 14.034527 14.034527 14.034527 0.185107 0.185107 0.185107
2140 14.034527 14.034527 14.034527 0.185107 0.185107 0.185107
2150 14.034527 14.034527 14.034527 0.185107 0.185107 0.185107
2160 14.034527 14.034527 14.034527 0.185107 0.185107 0.185107
2170 14.034527 14.034527 14.034527 0.185107 0.185107 0.185107
2180 14.034527 14.034527 14.034527 0.185107 0.185107 0.185107
2190 14.034527 14.034527 14.034527 0.185107 0.185107 0.185107
2200 14.034527 14.034527 14.034527 0.185107 0.185107 0.185107
2210 14.034527 14.034527 14.034527 0.185107 0.185107 0.185107
2220 14.034527 14.034527 14.034527 0.185107 0.185107 0.185107
2230 14.034527 14.034527 14.034527 0.185107 0.185107 0.185107
2240 14.034527 14.034527 14.034527 0.185107 0.185107 0.185107
2250 14.034527 14.034527 14.034527 0.185107 0.185107 0.185107
2260 14.034527 14.034527 14.034527 0.185107 0.185107 0.185107
2270 14.034527 14.034527 14.034527 0.185107 0.185107 0.185107
2280 14.034527 14.034527 14.034527 0.185107 0.185107 0.185107
2290 14.034527 14.034527 14.034527 0.185107 0.185107 0.185107
2300 14.034527 14.034527 14.034527 0.185107 0.185107 0.185107
2310 14.034527 14.034527 14.034527 0.185107 0.185107 0.185107
2320 14.034527 14.034527 14.034527 0.185107 0.185107 0.185107
2330 14.034527 14.034527 14.034527 0.185107 0.185107 0.185107
2340 14.034527 14.034527 14.034527 0.185107 0.185107 0.185107
2350 14.034527 14.034527 14.034527 0.185107 0.185107 0.185107
2360 14.034527 14.034527 14.034527 0.185107 0.185107 0.185107
2370 14.034527 14.034527 14.034527 0.185107 0.185107 0.185107
2380 14.034527 14.034527 14.034527 0.185107 0.185107 0.185107
2390 14.034527 14.034527 14.034527 0.185107 0.185107 0.185107
2400 14.034527 14.034527 14.034527 0.185107 0.185107 0.185107
2410 14.034527 14.034527 14.034527 0.185107 0.185107 0.185107
2420 14.034527 14.034527 14.034527 0.185107 0.185107 0.185107
2430 14.034527 14.034527 14.034527 0.185107 0.185107 0.185107
2440 14.034527 14.034527 14.034527 0.185107 0.185107 0.185107
2450 14.034527 14.034527 14.034527 0.185107 0.185107 0.185107
2460 14.034527 14.034527 14.034527 0.185107 0.185107 0.185107
2470 14.034527 14.034527 14.034527 0.185107 0.185107 0.185107
2480 14.034527 14.034527 14.034527 0.185107 0.185107 0.185107
2490 14.034527 14.034527 14.034527 0.185107 0.185107 0.185107
2500 14.034527 14.034527 14.034527 0.185107 0.185107 0.185107
2510 14.034527 14.034527 14.034527 0.185107 0.185107 0.185107
2520 14.034527 14.034527 14.034527 0.185107 0.185107 0.185107
2530 14.034527 14.034527 14.034527 0.185107 0.185107 0.185107
2540 14.034527 14.034527 14.034527 0.185107 0.185107 0.185107
2550 14.034527 14.034527 14.034527 0.185107 0.185107 0.185107
2560 14.034527 14.034527 14.034527 0.185107 0.185107 0.185107
2570 14.034527 14.034527 14.034527 0.185107 0.185107 0.185107
2580 14.034527 14.034527 14.034527 0.185107 0.185107 0.185107
2590 14.034527 14.034527 14.034527 0.185107 0.185107 0.185107
2600 14.034527 14.034527 14.034527 0.185107 0.185107 0.185107
2610 14.034527 14.034527 14.034527 0.185107 0.185107 0.185107
2620 14.034527 14.034527 14.034527 0.185107 0.185107 0.185107
2630 14.034527 14.034527 14.034527 0.185107 0.185107 0.185107
2640 14.034527 14.034527 14.034527 0.185107 0.185107 0.185107
2650 14.034527 14.034527 14.034527 0.185107 0.185107 0.185107
2660 14.034527 14.034527 14.034527 0.185107 0.185107 0.185107
2670 14.034527 14.034527 14.034527 0.185107 0.185107 0.185107
2680 14.034527 14.034527 14.034527 0.185107 0.185107 0.185107
2690 14.034527 14.034527 14.034527 0.185107 0.185107 0.185107
2700 14.034527 14.034527 14.034527 0.185107 0.185107 0.185107
2710 14.034527 14.034527 14.034527 0.185107 0.185107 0.185107
2720 14.034527 14.034527 14.034527 0.185107 0.185107 0.185107
2730 14.034527 14.034527 14.034527 0.185107 0.185107 0.185107
2740 14.034527 14.034527 14.034527 0.185107 0.185107 0.185107
2750 14.034527 14.034527 14.034527 0.185107 0.185107 0.185107
2760 14.034527 14.034527 14.034527 0.185107 0.185107 0.185107
2770 14.034527 14.034527 14.034527 0.185107 0.185107 0.185107
2780 14.034527 14.034527 14.034527 0.185107 0.185107 0.185107
2790 14.034527 14.034527 14.034527 0.185107 0.185107 0.185107
2800 14.034527 14.034527 14.034527 0.185107 0.185107 0.185107
2810 14.034527 14.034527 14.034527 0.185107 0.185107 0.185107
2820 14.034527 14.034527 14.034527 0.185107 0.185107 0.185107
2830 14.034527 14.034527 14.034527 0.185107 0.185107 0.185107
2840 14.034527 14.034527 14.034527 0.185107 0.185107 0.185107
2850 14.034527 14.034527 14.034527 0.185107 0.185107 0.185107
2860 14.034527 14.034527 14.034527 0.185107 0.185107 0.185107
2870 14.034527 14.034527 14.034527 0.185107 0.185107 0.185107
2880 14.034527 14.034527 14.034527 0.185107 0.185107 0.185107
2890 14.034527 14.034527 14.034527 0.185107 0.185107 0.185107
2900 14.034527 14.034527 14.034527 0.185107 0.185107 0.185107
2910 14.034527 14.034527 14.034527 0.185107 0.185107 0.185107
2920 14.034527 14.034527 14.034527 0.185107 0.185107 0.185107
2930 14.034527 14.034527 14.034527 0.185107 0.185107 0.185107
2940 14.034527 14.034527 14.034527 0.185107 0.185107 0.185107
2950 14.034527 14.034527 14.034527 0.185107 0.185107 0.185107
2960 14.034527 14.034527 14.034527 0.185107 0.185107 0.185107
2970 14.034527 14.034527 14.034527 0.185107 0.185107 0.185107
2980 14.034527 14.034527 14.034527 0.185107 0.185107 0.185107
2990 14.034527 14.034527 14.034527 0.185107 0.185107 0.185107
3000 14.034527 14.034527 14.034527 0.185107 0.185107 0.185107
3010 14.034527 14.034527 14.034527 0.185107 0.185107 0.185107
3020 14.034527 14.034527 14.034527 0.185107 0.185107 0.185107
3030 14.034527 14.034527 14.034527 0.185107 0.185107 0.185107
3040 14.034527 14.034527 14.034527 0.185107 0.185107 0.185107
3050 14.034527 14.034527 14.034527 0.185107 0.185107 0.185107
3060 14.034527 14.034527 14.034527 0.185107 0.185107 0.185107
3070 14.034527 14.034527 14.034527 0.185107 0.185107 0.185107
3080 14.034527 14.034527 14.034527 0.185107 0.185107 0.185107
3090 14.034527 14.034527 14.034527 0.185107 0.185107 0.185107
3100 14.034527 14.034527 14.034527 0.185107 0.185107 0.185107
3110 14.034527 14.034527 14.034527 0.185107 0.185107 0.185107
3120 14.034527 14.034527 14.034527 0.185107 0.185107 0.185107
3130 14.034527 14.034527 14.034527 0.185107 0.185107 0.185107
3140 14.034527 14.034527 14.034527 0.185107 0.185107 0.185107
3150 14.034527 14.034527 14.034527 0.185107 0.185107 0.185107
3160 14.034527 14.034527 14.034527 0.185107 0.185107 0.185107
3170 14.034527 14.034527 14.034527 0.185107 0.185107 0.185107
3180 14.034527 14.034527 14.034527 0.185107 0.185107 0.185107
3190 14.034527 14.034527 14.034527 0.185107 0.185107 0.185107
3200 14.034527 14.034527 14.034527 0.185107 0.185107 0.185107
3210 14.034527 14.034527 14.034527 0.185107 0.185107 0.185107
3220 14.034527 14.034527 14.034527 0.185107 0.185107 0.185107
3230 14.034527 14.034527 14.034527 0.185107 0.185107 0.185107
3240 14.034527 14.034527 14.034527 0.185107 0.185107 0.185107
3250 14.034527 14.034527 14.034527 0.185107 0.185107 0.185107
3260 14.034527 14.034527 14.034527 0.185107 0.185107 0.185107
3270 14.034527 14.034527 14.034527 0.185107 0.185107 0.185107
3280 14.034527 14.034527 14.034527 0.185107 0.185107 0.185107
3290 14.034527 14.034527 14.034527 0.185107 0.185107 0.185107
3300 14.034527 14.034527 14.034527 0.185107 0.185107 0.185107
3310 14.034527 14.034527 14.034527 0.185107 0.185107 0.185107
3320 14.034527 14.034527 14.034527 0.185107 0.185107 0.185107
3330 14.034527 14.034527 14.034527 0.185107 0.185107 0.185107
3340 14.034527 14.034527 14.034527 0.185107 0.185107 0.185107
3350 14.034527 14.034527 14.034527 0.185107 0.185107 0.185107
3360 14.034527 14.034527 14.034527 0.185107 0.185107 0.185107
3370 14.034527 14.034527 14.034527 0.185107 0.185107 0.185107
3380 14.034527 14.034527 14.034527 0.185107 0.185107 0.185107
3390 14.034527 14.034527 14.034527 0.185107 0.185107 0.185107
3400 14.034527 14.034527 14.034527 0.185107 0.185107 0.185107
3410 14.034527 14.034527 14.034527 0.185107 0.185107 0.185107
3420 14.034527 14.034527 14.034527 0.185107 0.185107 0.185107
3430 14.034527 14.034527 14.034527 0.185107 0.185107 0.185107
3440 14.034527 14.034527 14.034527 0.185107 0.185107 0.185107
3450 14.034527 14.034527 14.034527 0.185107 0.185107 0.185107
3460 14.034527 14.034527 14.034527 0.185107 0.185107 0.185107
3470 14.034527 14.034527 14.034527 0.185107 0.185107 0.185107
3480 14.034527 14.034527 14.034527 0.185107 0.185107 0.185107
3490 14.034527 14.034527 14.034527 0.185107 0.185107 0.185107
3500 14.034527 14.034527 14.034527 0.185107 0.185107 0.185107
3510 14.034527 14.034527 14.034527 0.185107 0.185107 0.185107
3520 14.034527 14.034527 14.034527 0.185107 0.185107 0.185107
3530 14.034527 14.034527 14.034527 0.185107 0.185107 0.185107
3540 14.034527 14.034527 14.034527 0.185107 0.185107 0.185107
3550 14.034527 14.034527 14.034527 0.185107 0.185107 0.185107
3560 14.034527 14.034527 14.034527 0.185107 0.185107 0.185107
3570 14.034527 14.034527 14.034527 0.185107 0.185107 0.185107
3580 14.034527 14.034527 14.034527 0.185107 0.185107 0.185107
3590 14.034527 14.034527 14.034527 0.185107 0.185107 0.185107
3600 14.034527 14.034527 14.034527 0.185107 0.185107 0.185107
3610 14.034527 14.034527 14.034527 0.185107 0.185107 0.185107
3620 14.034527 14.034527 14.034527 0.185107 0.185107 0.185107
3630 14.034527 14.034527 14.034527 0.185107 0.185107 0.185107
3640 14.034527 14.034527 14.034527 0.185107 0.185107 0.185107
3650 14.034527 14.034527 14.034527 0.185107 0.185107 0.185107
3660 14.034527 14.034527 14.034527 0.185107 0.185107 0.185107
3670 14.034527 14.034527 14.034527 0.185107 0.185107 0.185107
3680 14.034527 14.034527 14.034527 0.185107 0.185107 0.185107
3690 14.034527 14.034527 14.034527 0.185107 0.185107 0.185107
3700 14.034527 14.034527 14.034527 0.185107 0.185107 0.185107
3710 14.034527 14.034527 14.034527 0.185107 0.185107 0.185107
3720 14.034527 14.034527 14.034527 0.185107 0.185107 0.185107
3730 14.034527 14.034527 14.034527 0.185107 0.185107 0.185107
3740 14.034527 14.034527 14.034527 0.185107 0.185107 0.185107
3750 14.034527 14.034527 14.034527 0.185107 0.185107 0.185107
3760 14.034527 14.034527 14.034527 0.185107 0.185107 0.185107
3770 14.034527 14.034527 14.034527 0.185107 0.185107 0.185107
3780 14.034527 14.034527 14.034527 0.185107 0.185107 0.185107
3790 14.034527 14.034527 14.034527 0.185107 0.185107 0.185107
3800 14.034527 14.034527 14.034527 0.185107 0.185107 0.185107
3810 14.034527 14.034527 14.034527 0.185107 0.185107 0.185107
3820 14.034527 14.034527 14.034527 0.185107 0.185107 0.185107
3830 14.034527 14.034527 14.034527 0.185107 0.185107 0.185107
3840 14.034527 14.034527 14.034527 0.185107 0.185107 0.185107
3850 14.034527 14.034527 14.034527 0.185107 0.185107 0.185107
3860 14.034527 14.034527 14.034527 0.185107 0.185107 0.185107
3870 14.034527 14.034527 14.034527 0.185107 0.185107 0.185107
3880 14.034527 14.034527 14.034527 0.185107 0.185107 0.185107
3890 14.034527 14.034527 14.034527 0.185107 0.185107 0.185107
3900 14.034527 14.034527 14.034527 0.185107 0.185107 0.185107
3910 14.034527 14.034527 14.034527 0.185107 0.185107 0.185107
3920 14.034527 14.034527 14.034527 0.185107 0.185107 0.185107
3930 14.034527 14.034527 14.034527 0.185107 0.185107 0.185107
3940 14.034527 14.034527 14.034527 0.185107 0.185107 0.185107
3950 14.034527 14.034527 14.034527 0.185107 0.185107 0.185107
3960 14.034527 14.034527 14.034527 0.185107 0.185107 0.185107
3970 14.034527 14.034527 14.034527 0.185107 0.185107 0.185107
3980 14.034527 14.034527 14.034527 0.185107 0.185107 0.185107
3990 14.034527 14.034527 14.034527 0.185107 0.185107 0.185107
4000 14.034527 14.034527 14.034527 0.185107 0.185107 0.185107
4010 14.034527 14.034527 14.034527 0.185107 0.185107 0.185107
4020 14.034527 14.034527 14.034527 0.185107 0.185107 0.185107
4030 14.034527 14.034527 14.034527 0.185107 0.185107 0.185107
4040 14.034527 14.034527 14.034527 0.185107 0.185107 0.185107
4050 14.034527 14.034527 14.034527 0.185107 0.185107 0.185107
4060 14.034527 14.034527 14.034527 0.185107 0.185107 0.185107
4070 14.034527 14.034527 14.034527 0.185107 0.185107 0.185107
4080 14.034527 14.034527 14.034527 0.185107 0.185107 0.185107
4090 14.034527 14.034527 14.034527 0.185107 0.185107 0.185107
4100 14.034527 14.034527 14.034527 0.185107 0.185107 0.185107
4110 14.034527 14.034527 14.034527 0.185107 0.185107 0.185107
4120 14.034527 14.034527 14.034527 0.185107 0.185107 0.185107
4130 14.034527 14.034527 14.034527 0.185107 0.185107 0.185107
4140 14.034527 14.034527 14.034527 0.185107 0.185107 0.185107
4150 14.034527 14.034527 14.034527 0.185107 0.185107 0.185107
4160 14.034527 14.034527 14.034527 0.185107 0.185107 0.185107
4170 14.034527 14.034527 14.034527 0.185107 0.185107 0.185107
4180 14.034527 14.034527 14.034527 0.185107 0.185107 0.185107
4190 14.034527 14.034527 14.034527 0.185107 0.185107 0.185107
4200 14.034527 14.034527 14.034527 0.185107 0.185107 0.185107
4210 14.034527 14.034527 14.034527 0.185107 0.185107 0.185107
4220 14.034527 14.034527 14.034527 0.185107 0.185107 0.185107
4230 14.034527 14.034527 14.034527 0.185107 0.185107 0.185107
4240 14.034527 14.034527 14.034527 0.185107 0.185107 0.185107
4250 14.034527 14.034527 14.034527 0.185107 0.185107 0.185107
4260 14.034527 14.034527 14.034527 0.185107 0.185107 0.185107
4270 14.034527 14.034527 14.034527 0.185107 0.185107 0.185107
4280 14.034527 14.034527 14.034527 0.185107 0.185107 0.185107
4290 14.034527 14.034527 14.034527 0.185107 0.185107 0.185107
4300 14.034527 14.034527 14.034527 0.185107 0.185107 0.185107
4310 14.034527 14.034527 14.034527 0.185107 0.185107 0.185107
4320 14.034527 14.034527 14.034527 0.185107 0.185107 0.185107
4330 14.034527 14.034527 14.034527 0.185107 0.185107 0.185107
4340 14.034527 14.034527 14.034527 0.185107 0.185107 0.185107
4350 14.034527 14.034527 14.034527 0.185107 0.185107 0.185107
4360 14.034527 14.034527 14.034527 0.185107 0.185107 0.185107
4370 14.034527 14.034527 14.034527 0.185107 0.185107 0.185107
4380 14.034527 14.034527 14.034527 0.185107 0.185107 0.185107
4390 14.034527 14.034527 14.034527 0.185107 0.185107 0.185107
4400 14.034527 14.034527 14.034527 0.185107 0.185107 0.185107
4410 14.034527 14.034527 14.034527 0.185107 0.185107 0.185107
4420 14.034527 14.034527 14.034527 0.185107 0.185107 0.185107
4430 14.034527 14.034527 14.034527 0.185107 0.185107 0.185107
4440 14.034527 14.034527 14.034527 0.185107 0.185107 0.185107
4450 14.034527 14.034527 14.034527 0.185107 0.185107 0.185107
4460 14.034527 14.034527 14.034527 0.185107 0.185107 0.185107
4470 14.034527 14.034527 14.034527 0.185107 0.185107 0.185107
4480 14.034527 14.034527 14.034527 0.185107 0.185107 0.185107
4490 14.034527 14.034527 14.034527 0.185107 0.185107 0.185107
4500 14.034527 14.034527 14.034527 0.185107 0.185107 0.185107
4510 14.034527 14.034527 14.034527 0.185107 0.185107 0.185107
4520 14.034527 14.034527 14.034527 0.185107 0.185107 0.185107
4530 14.034527 14.034527 14.034527 0.185107 0.185107 0.185107
4540 14.034527 14.034527 14.034527 0.185107 0.185107 0.185107
4550 14.034527 14.034527 14.034527 0.185107 0.185107 0.185107
4560 14.034527 14.034527 14.034527 0.185107 0.185107 0.185107
4570 14.034527 14.034527 14.034527 0.185107 0.185107 0.185107
4580 14.034527 14.034527 14.034527 0.185107 0.185107 0.185107
4590 14.034527 14.034527 14.034527 0.185107 0.185107 0.185107
4600 14.034527 14.034527 14.034527 0.185107 0.185107 0.185107
4610 14.034527 14.034527 14.034527 0.185107 0.185107 0.185107
4620 14.034527 14.034527 14.034527 0.185107 0.185107 0.185107
4630 14.034527 14.034527 14.034527 0.185107 0.185107 0.185107
4640 14.034527 14.034527 14.034527 0.185107 0.185107 0.185107
4650 14.034527 14.034527 14.034527 0.185107 0.185107 0.185107
4660 14.034527 14.034527 14.034527 0.185107 0.185107 0.185107
4670 14.034527 14.034527 14.034527 0.185107 0.185107 0.185107
4680 14.034527 14.034527 14.034527 0.185107 0.185107 0.185107
4690 14.034527 14.034527 14.034527 0.185107 0.185107 0.185107
4700 14.034527 14.034527 14.034527 0.185107 0.185107 0.185107
4710 14.034527 14.034527 14.034527 0.185107 0.185107 0.185107
4720 14.034527 14.034527 14.034527 0.185107 0.185107 0.185107
4730 14.034527 14.034527 14.034527 0.185107 0.185107 0.185107
4740 14.034527 14.034527 14.034527 0.185107 0.185107 0.185107
4750 14.034527 14.034527 14.034527 0.185107 0.185107 0.185107
4760 14.034527 14.034527 14.034527 0.185107 0.185107 0.185107
4770 14.034527 14.034527 14.034527 0.185107 0.185107 0.185107
4780 14.034527 14.034527 14.034527 0.185107 0.185107 0.185107
4790 14.034527 14.034527 14.034527 0.185107 0.185107 0.185107
4800 14.034527 14.034527 14.034527 0.185107 0.185107 0.185107
4810 14.034527 14.034527 14.034527 0.185107 0.185107 0.185107
4820 14.034527 14.034527 14.034527 0.185107 0.185107 0.185107
4830 14.034527 14.034527 14.034527 0.185107 0.185107 0.185107
4840 14.034527 14.034527 14.034527 0.185107 0.185107 0.185107
4850 14.034527 14.034527 14.034527 0.185107 0.185107 0.185107
4860 14.034527 14.034527 14.034527 0.185107 0.185107 0.185107
4870 14.034527 14.034527 14.034527 0.185107 0.185107 0.185107
4880 14.034527 14.034527 14.034527 0.185107 0.185107 0.185107
4890 14.034527 14.034527 14.034527 0.185107 0.185107 0.185107
4900 14.034527 14.034527 14.034527 0.185107 0.185107 0.185107
4910 14.034527 14.034527 14.034527 0.185107 0.185107 0.185107
4920 14.034527 14.034527 14.034527 0.185107 0.185107 0.185107
4930 14.034527 14.034527 14.034527 0.185107 0.185107 0.185107
4940 14.034527 14.034527 14.034527 0.185107 0.185107 0.185107
4950 14.034527 14.034527 14.034527 0.185107 0.185107 0.185107
4960 14.034527 14.034527 14.034527 0.185107 0.185107 0.185107
4970 14.034527 14.034527 14.034527 0.185107 0.185107 0.185107
4980 14.034527 14.034527 14.034527 0.185107 0.185107 0.185107
4990 14.034527 14.034527 14.034527 0.185107 0.185107 0.185107
5000 14.034527 14.034527 14.034527 0.185107 0.185107 0.185107
5010 14.034527 14.034527 14.034527 0.185107 0.185107 0.185107
5020 14.034527 14.034527 14.034527 0.185107 0.185107 0.185107
5030 14.034527 14.034527 14.034527 0.185107 0.185107 0.185107
5040 14.034527 14.034527 14.034527 0.185107 0.185107 0.185107
5050 14.034527 14.034527 14.034527 0.185107 0.185107 0.185107
5060 14.034527 14.034527 14.034527 0.185107 0.185107 0.185107
5070 14.034527 14.034527 14.034527 0.185107 0.185107 0.185107
5080 14.034527 14.034527 14.034527 0.185107 0.185107 0.185107
5090 14.034527 14.034527 14.034527 0.185107 0.185107 0.185107
5100 14.034527 14.034527 14.034527 0.185107 0.185107 0.185107
5110 14.034527 14.034527 14.034527 0.185107 0.185107 0.185107
5120 14.034527 14.034527 14.034527 0.185107 0.185107 0.185107
5130 14.034527 14.034527 14.034527 0.185107 0.185107 0.185107
5140 14.034527 14.034527 14.034527 0.185107 0.185107 0.185107
5150 14.034527 14.034527 14.034527 0.185107 0.185107 0.185107
5160 14.034527 14.034527 14.034527 0.185107 0.185107 0.185107
5170 14.034527 14.034527 14.034527 0.185107 0.185107 0.185107
5180 14.034527 14.034527 14.034527 0.185107 0.185107 0.185107
5190 14.034527 14.034527 14.034527 0.185107 0.185107 0.185107
5200 14.034527 14.034527 14.034527 0.185107 0.185107 0.185107
5210 14.034527 14.034527 14.034527 0.185107 0.185107 0.185107
5220 14.034527 14.034527 14.034527 0.185107 0.185107 0.185107
5230 14.034527 14.034527 14.034527 0.185107 0.185107 0.185107
5240 14.034527 14.034527 14.034527 0.185107 0.185107 0.185107
5250 14.034527 14.034527 14.034527 0.185107 0.185107 0.185107
5260 14.034527 14.034527 14.034527 0.185107 0.185107 0.185107
5270 14.034527 14.034527 14.034527 0.185107 0.185107 0.185107
5280 14.034527 14.034527 14.034527 0.185107 0.185107 0.185107
5290 14.034527 14.034527 14.034527 0.185107 0.185107 0.185107
5300 14.034527 14.034527 14.034527 0.185107 0.185107 0.185107
5310 14.034527 14.034527 14.034527 0.185107 0.185107 0.185107
5320 14.034527 14.034527 14.034527 0.185107 0.185107 0.185107
5330 14.034527 14.034527 14.034527 0.185107 0.185107 0.185107
5340 14.034527 14.034527 14.034527 0.185107 0.185107 0.185107
5350 14.034527 14.034527 14.034527 0.185107 0.185107 0.185107
5360 14.034527 14.034527 14.034527 0.185107 0.185107 0.185107
5370 14.034527 14.034527 14.034527 0.185107 0.185107 0.185107
5380 14.034527 14.034527 14.034527 0.185107 0.185107 0.185107
5390 14.034527 14.034527 14.034527 0.185107 0.185107 0.185107
5400 14.034527 14.034527 14.034527 0.185107 0.185107 0.185107
5410 14.034527 14.034527 14.034527 0.185107 0.185107 0.185107
5420 14.034527 14.034527 14.034527 0.185107 0.185107 0.185107
5430 14.034527 14.034527 14.034527 0.185107 0.185107 0.185107
5440 14.034527 14.034527 14.034527 0.185107 0.185107 0.185107
5450 14.034527 14.034527 14.034527 0.185107 0.185107 0.185107
5460 14.034527 14.034527 14.034527 0.185107 0.185107 0.185107
5470 14.034527 14.034527 14.034527 0.185107 0.185107 0.185107
5480 14.034527 14.034527 14.034527 0.185107 0.185107 0.185107
5490 14.034527 14.034527 14.034527 0.185107 0.185107 0.185107
5500 14.034527 14.034527 14.034527 0.185107 0.185107 0.185107
5510 14.034527 14.034527 14.034527 0.185107 0.185107 0.185107
5520 14.034527 14.034527 14.034527 0.185107 0.185107 0.185107
5530 14.034527 14.034527 14.034527 0.185107 0.185107 0.185107
5540 14.034527 14.034527 14.034527 0.185107 0.185107 0.185107
5550 14.034527 14.034527 14.034527 0.185107 0.185107 0.185107
5560 14.034527 14.034527 14.034527 0.185107 0.185107 0.185107
5570 14.034527 14.034527 14.034527 0.185107 0.185107 0.185107
5580 14.034527 14.034527 14.034527 0.185107 0.185107 0.185107
5590 14.034527 14.034527 14.034527 0.185107 0.185107 0.185107
5600 14.034527 14.034527 14.034527 0.185107 0.185107 0.185107
5610 14.034527 14.034527 14.034527 0.185107 0.185107 0.185107
5620 14.034527 14.034527 14.034527 0.185107 0.185107 0.185107
5630 14.034527 14.034527 14.034527 0.185107 0.185107 0.185107
5640 14.034527 14.034527 14.034527 0.185107 0.185107 0.185107
5650 14.034527 14.034527 14.034527 0.185107 0.185107 0.185107
5660 14.034527 14.034527 14.034527 0.185107 0.185107 0.185107
5670 14.034527 14.034527 14.034527 0.185107 0.185107 0.185107
5680 14.034527 14.034527 14.034527 0.185107 0.185107 0.185107
5690 14.034527 14.034527 14.034527 0.185107 0.185107 0.185107
5700 14.034527 14.034527 14.034527 0.185107 0.185107 0.185107
5710 14.034527 14.034527 14.034527 0.185107 0.185107 0.185107
5720 14.034527 14.034527 14.034527 0.185107 0.185107 0.185107
5730 14.034527 14.034527 14.034527 0.185107 0.185107 0.185107
5740 14.034527 14.034527 14.034527 0.185107 0.185107 0.185107
5750 14.034527 14.034527 14.034527 0.185107 0.185107 0.185107
5760 14.034527 14.034527 14.034527 0.185107 0.185107 0.185107
5770 14.034527 14.034527 14.034527 0.185107 0.185107 0.185107
5780 14.034527 14.034527 14.034527 0.185107 0.185107 0.185107
5790 14.034527 14.034527 14.034527 0.185107 0.185107 0.185107
5800 14.034527 14.034527 14.034527 0.185107 0.185107 0.185107
5810 14.034527 14.034527 14.034527 0.185107 0.185107 0.185107
5820 14.034527 14.034527 14.034527 0.185107 0.185107 0.185107
5830 14.034527 14.034527 14.034527 0.185107 0.185107 0.185107
5840 14.034527 14.034527 14.034527 0.185107 0.185107 0.185107
5850 14.034527 14.034527 14.034527 0.185107 0.185107 0.185107
5860 14.034527 14.034527 14.034527 0.185107 0.185107 0.185107
5870 14.034527 14.034527 14.034527 0.185107 0.185107 0.185107
5880 14.034527 14.034527 14.034527 0.185107 0.185107 0.185107
5890 14.034527 14.034527 14.034527 0.185107 0.185107 0.185107
5900 14.034527 14.034527 14.034527 0.185107 0.185107 0.185107
5910 14.034527 14.034527 14.034527 0.185107 0.185107 0.185107
5920 14.034527 14.034527 14.034527 0.185107 0.185107 0.185107
5930 14.034527 14.034527 14.034527 0.185107 0.185107 0.185107
5940 14.034527 14.034527 14.034527 0.185107 0.185107 0.185107
5950 14.034527 14.034527 14.034527 0.185107 0.185107 0.185107
5960 14.034527 14.034527 14.034527 0.185107 0.185107 0.185107
5970 14.034527 14.034527 14.034527 0.185107 0.185107 0.185107
5980 14.034527 14.034527 14.034527 0.185107 0.185107 0.185107
5990 14.034527 14.034527 14.034527 0.185107 0.185107 0.185107
6000 14.034527 14.034527 14.034527 0.185107 0.185107 0.185107
6010 14.034527 14.034527 14.034527 0.185107 0.185107 0.185107
6020 14.034527 14.034527 14.034527 0.185107 0.185107 0.185107
6030 14.034527 14.034527 14.034527 0.185107 0.185107 0.185107
6040 14.034527 14.034527 14.034527 0.185107 0.185107 0.185107
6050 14.034527 14.034527 14.034527 0.185107 0.185107 0.185107
6060 14.034527 14.034527 14.034527 0.185107 0.185107 0.185107
6070 14.034527 14.034527 14.034527 0.185107 0.185107 0.185107
6080 14.034527 14.034527 14.034527 0.185107 0.185107 0.185107
6090 14.034527 14.034527 14.034527 0.185107 0.185107 0.185107
6100 14.034527 14.034527 14.034527 0.185107 0.185107 0.185107
6110 14.034527 14.034527 14.034527 0.185107 0.185107 0.185107
6120 14.034527 14.034527 14.034527 0.185107 0.185107 0.185107
6130 14.034527 14.034527 14.034527 0.185107 0.185107 0.185107
6140 14.034527 14.034527 14.034527 0.185107 0.185107 0.185107
6150 14.034527 14.034527 14.034527 0.185107 0.185107 0.185107
6160 14.034527 14.034527 14.034527 0.185107 0.185107 0.185107
6170 14.034527 14.034527 14.034527 0.185107 0.185107 0.185107
6180 14.034527 14.034527 14.034527 0.185107 0.185107 0.185107
6190 14.034527 14.034527 14.034527 0.185107 0.185107 0.185107
6200 14.034527 14.034527 14.034527 0.185107 0.185107 0.185107
6210 14.034527 14.034527 14.034527 0.185107 0.185107 0.185107
6220 14.034527 14.034527 14.034527 0.185107 0.185107 0.185107
6230 14.034527 14.034527 14.034527 0.185107 0.185107 0.185107
6240 14.034527 14.034527 14.034527 0.185107 0.185107 0.185107
6250 14.034527 14.034527 14.034527 0.185107 0.185107 0.185107
6260 14.034527 14.034527 14.034527 0.185107 0.185107 0.185107
6270 14.034527 14.034527 14.034527 0.185107 0.185107 0.185107
6280 14.034527 14.034527 14.034527 0.185107 0.185107 0.185107
6290 14.034527 14.034527 14.034527 0.185107 0.185107 0.185107
6300 14.034527 14.034527 14.034527 0.185107 0.185107 0.185107
6310 14.034527 14.034527 14.034527 0.185107 0.185107 0.185107
6320 14.034527 14.034527 14.034527 0.185107 0.185107 0.185107
6330 14.034527 14.034527 14.034527 0.185107 0.185107 0.185107
6340 14.034527 14.034527 14.034527 0.185107 0.185107 0.185107
6350 14.034527 14.034527 14.034527 0.185107 0.185107 0.185107
6360 14.034527 14.034527 14.034527 0.185107 0.185107 0.185107
6370 14.034527 14.034527 14.034527 0.185107 0.185107 0.185107
6380 14.034527 14.034527 14.034527 0.185107 0.185107 0.185107
6390 14.034527 14.034527 14.034527 0.185107 0.185107 0.185107
6400 14.034527 14.034527 14.034527 0.185107 0.185107 0.185107
6410 14.034527 14.034527 14.034527 0.185107 0.185107 0.185107
6420 14.034527 14.034527 14.034527 0.185107 0.185107 0.185107
6430 14.034527 14.034527 14.034527 0.185107 0.185107 0.185107
6440 14.034527 14.034527 14.034527 0.185107 0.185107 0.185107
6450 14.034527 14.034527 14.034527 0.185107 0.185107 0.185107
6460 14.034527 14.034527 14.034527 0.185107 0.185107 0.185107
6470 14.034527 14.034527 14.034527 0.185107 0.185107 0.185107
6480 14.034527 14.034527 14.034527 0.185107 0.185107 0.185107
6490 14.034527 14.034527 14.034527 0.185107 0.185107 0.185107
6500 14.034527 14.034527 14.034527 0.185107 0.185107 0.185107
6510 14.034527 14.034527 14.034527 0.185107 0.185107 0.185107
6520 14.034527 14.034527 14.034527 0.185107 0.185107 0.185107
6530 14.034527 14.034527 14.034527 0.185107 0.185107 0.185107
6540 14.034527 14.034527 14.034527 0.185107 0.185107 0.185107
6550 14.034527 14.034527 14.034527 0.185107 0.185107 0.185107
6560 14.034527 14.034527 14.034527 0.185107 0.185107 0.185107
6570 14.034527 14.034527 14.034527 0.185107 0.185107 0.185107
6580 14.034527 14.034527 14.034527 0.185107 0.185107 0.185107
6590 14.034527 14.034527 14.034527 0.185107 0.185107 0.185107
6600 14.034527 14.034527 14.034527 0.185107 0.185107 0.185107
6610 14.034527 14.034527 14.034527 0.185107 0.185107 0.185107
6620 14.034527 14.034527 14.034527 0.185107 0.185107 0.185107
6630 14.034527 14.034527 14.034527 0.185107 0.185107 0.185107
6640 14.034527 14.034527 14.034527 0.185107 0.185107 0.185107
6650 14.034527 14.034527 14.034527 0.185107 0.185107 0.185107
6660 14.034527 14.034527 14.034527 0.185107 0.185107 0.185107
6670 14.034527 14.034527 14.034527 0.185107 0.185107 0.185107
6680 14.034527 14.034527 14.034527 0.185107 0.185107 0.185107
6690 14.034527 14.034527 14.034527 0.185107 0.185107 0.185107
6700 14.034527 14.034527 14.034527 0.185107 0.185107 0.185107
6710 14.034527 14.034527 14.034527 0.185107 0.185107 0.185107
6720 14.034527 14.034527 14.034527 0.185107 0.185107 0.185107
6730 14.034527 14.034527 14.034527 0.185107 0.185107 0.185107
6740 14.034527 14.034527 14.034527 0.185107 0.185107 0.185107
6750 14.034527 14.034527 14.034527 0.185107 0.185107 0.185107
6760 14.034527 14.034527 14.034527 0.185107 0.185107 0.185107
6770 14.034527 14.034527 14.034527 0.185107 0.185107 0.185107
6780 14.034527 14.034527 14.034527 0.185107 0.185107 0.185107
6790 14.034527 14.034527 14.034527 0.185107 0.185107 0.185107
6800 14.034527 14.034527 14.034527 0.185107 0.185107 0.185107
6810 14.034527 14.034527 14.034527 0.185107 0.185107 0.185107
6820 14.034527 14.034527 14.034527 0.185107 0.185107 0.185107
6830 14.034527 14.034527 14.034527 0.185107 0.185107 0.185107
6840 14.034527 14.034527 14.034527 0.185107 0.185107 0.185107
6850 14.034527 14.034527 14.034527 0.185107 0.185107 0.185107
6860 14.034527 14.034527 14.034527 0.185107 0.185107 0.185107
6870 14.034527 14.034527 14.034527 0.185107 0.185107 0.185107
6880 14.034527 14.034527 14.034527 0.185107 0.185107 0.185107
6890 14.034527 14.034527 14.034527 0.185107 0.185107 0.185107
6900 14.034527 14.034527 14.034527 0.185107 0.185107 0.185107
6910 14.034527 14.034527 14.034527 0.185107 0.185107 0.185107
6920 14.034527 14.034527 14.034527 0.185107 0.185107 0.185107
6930 14.034527 14.034527 14.034527 0.185107 0.185107 0.185107
6940 14.034527 14.034527 14.034527 0.185107 0.185107 0.185107
6950 14.034527 14.034527 14.034527 0.185107 0.185107 0.185107
6960 14.034527 14.034527 14.034527 0.185107 0.185107 0.185107
6970 14.034527 14.034527 14.034527 0.185107 0.185107 0.185107
6980 14.034527 14.034527 14.034527 0.185107 0.185107 0.185107
6990 14.034527 14.034527 14.034527 0.185107 0.185107 0.185107
7000 14.034527 14.034527 14.034527 0.185107 0.185107 0.185107
7010 14.034527 14.034527 14.034527 0.185107 0.185107 0.185107
7020 14.034527 14.034527 14.034527 0.185107 0.185107 0.185107
7030 14.034527 14.034527 14.034527 0.185107 0.185107 0.185107
7040 14.034527 14.034527 14.034527 0.185107 0.185107 0.185107
7050 14.034527 14.034527 14.034527 0.185107 0.185107 0.185107
7060 14.034527 14.034527 14.034527 0.185107 0.185107 0.185107
7070 14.034527 14.034527 14.034527 0.185107 0.185107 0.185107
7080 14.034527 14.034527 14.034527 0.185107 0.185107 0.185107
7090 14.034527 14.034527 14.034527 0.185107 0.185107 0.185107
7100 14.034527 14.034527 14.034527 0.185107 0.185107 0.185107
7110 14.034527 14.034527 14.034527 0.185107 0.185107 0.185107
7120 14.034527 14.034527 14.034527 0.185107 0.185107 0.185107
7130 14.034527 14.034527 14.034527 0.185107 0.185107 0.185107
7140 14.034527 14.034527 14.034527 0.185107 0.185107 0.185107
7150 14.034527 14.034527 14.034527 0.185107 0.185107 0.185107
7160 14.034527 14.034527 14.034527 0.185107 0.185107 0.185107
7170 14.034527 14.034527 14.034527 0.185107 0.185107 0.185107
7180 14.034527 14.034527 14.034527 0.185107 0.185107 0.185107
7190 14.034527 14.034527 14.034527 0.185107 0.185107 0.185107
7200 14.034527 14.034527 14.034527 0.185107 0.185107 0.185107
7210 14.034527 14.034527 14.034527 0.185107 0.185107 0.185107
7220 14.034527 14.034527 14.034527 0.185107 0.185107 0.185107
7230 14.034527 14.034527 14.034527 0.185107 0.185107 0.185107
7240 14.034527 14.034527 14.034527 0.185107 0.185107 0.185107
7250 14.034527 14.034527 14.034527 0.185107 0.185107 0.185107
7260 14.034527 14.034527 14.034527 0.185107 0.185107 0.185107
7270 14.034527 14.034527 14.034527 0.185107 0.185107 0.185107
7280 14.034527 14.034527 14.034527 0.185107 0.185107 0.185107
7290 14.034527 14.034527 14.034527 0.185107 0.185107 0.185107
7300 14.034527 14.034527 14.034527 0.185107 0.185107 0.185107
7310 14.034527 14.034527 14.034527 0.185107 0.185107 0.185107
7320 14.034527 14.034527 14.034527 0.185107 0.185107 0.185107
7330 14.034527 14.034527 14.034527 0.185107 0.185107 0.185107
7340 14.034527 14.034527 14.034527 0.185107 0.185107 0.185107
7350 14.034527 14.034527 14.034527 0.185107 0.185107 0.185107
7360 14.034527 14.034527 14.034527 0.185107 0.185107 0.185107
7370 14.034527 14.034527 14.034527 0.185107 0.185107 0.185107
7380 14.034527 14.034527 14.034527 0.185107 0.185107 0.185107
7390 14.034527 14.034527 14.034527 0.185107 0.185107 0.185107
7400 14.034527 14.034527 14.034527 0.185107 0.185107 0.185107
7410 14.034527 14.034527 14.034527 0.185107 0.185107 0.185107
7420 14.034527 14.034527 14.034527 0.185107 0.185107 0.185107
7430 14.034527 14.034527 14.034527 0.185107 0.185107 0.185107
7440 14.034527 14.034527 14.034527 0.185107 0.185107 0.185107
7450 14.034527 14.034527 14.034527 0.185107 0.185107 0.185107
7460 14.034527 14.034527 14.034527 0.185107 0.185107 0.185107
7470 14.034527 14.034527 14.034527 0.185107 0.185107 0.185107
7480 14.034527 14.034527 14.034527 0.185107 0.185107 0.185107
7490 14.034527 14.034527 14.034527 0.185107 0.185107 0.185107
7500 14.034527 14.034527 14.034527 0.185107 0.185107 0.185107
7510 14.034527 14.034527 14.034527 0.185107 0.185107 0.185107
7520 14.034527 14.034527 14.034527 0.185107 0.185107 0.185107
7530 14.034527 14.034527 14.034527 0.185107 0.185107 0.185107
7540 14.034527 14.034527 14.034527 0.185107 0.185107 0.185107
7550 14.034527 14.034527 14.034527 0.185107 0.185107 0.185107
7560 14.034527 14.034527 14.034527 0.185107 0.185107 0.185107
7570 14.034527 14.034527 14.034527 0.185107 0.185107 0.185107
7580 14.034527 14.034527 14.034527 0.185107 0.185107 0.185107
7590 14.034527 14.034527 14.034527 0.185107 0.185107 0.185107
7600 14.034527 14.034527 14.034527 0.185107 0.185107 0.185107
7610 14.034527 14.034527 14.034527 0.185107 0.185107 0.185107
7620 14.034527 14.034527 14.034527 0.185107 0.185107 0.185107
7630 14.034527 14.034527 14.034527 0.185107 0.185107 0.185107
7640 14.034527 14.034527 14.034527 0.185107 0.185107 0.185107
7650 14.034527 14.034527 14.034527 0.185107 0.185107 0.185107
7660 14.034527 14.034527 14.034527 0.185107 0.185107 0.185107
7670 14.034527 14.034527 14.034527 0.185107 0.185107 0.185107
7680 14.034527 14.034527 14.034527 0.185107 0.185107 0.185107
7690 14.034527 14.034527 14.034527 0.185107 0.185107 0.185107
7700 14.034527 14.034527 14.034527 0.185107 0.185107 0.185107
7710 14.034527 14.034527 14.034527 0.185107 0.185107 0.185107
7720 14.034527 14.034527 14.034527 0.185107 0.185107 0.185107
7730 14.034527 14.034527 14.034527 0.185107 0.185107 0.185107
7740 14.034527 14.034527 14.034527 0.185107 0.185107 0.185107
7750 14.034527 14.034527 14.034527 0.185107 0.185107 0.185107
7760 14.034527 14.034527 14.034527 0.185107 0.185107 0.185107
7770 14.034527 14.034527 14.034527 0.185107 0.185107 0.185107
7780 14.034527 14.034527 14.034527 0.185107 0.185107 0.185107
7790 14.034527 14.034527 14.034527 0.185107 0.185107 0.185107
7800 14.034527 14.034527 14.034527 0.185107 0.185107 0.185107
7810 14.034527 14.034527 14.034527 0.185107 0.185107 0.185107
7820 14.034527 14.034527 14.034527 0.185107 0.185107 0.185107
7830 14.034527 14.034527 14.034527 0.185107 0.185107 0.185107
7840 14.034527 14.034527 14.034527 0.185107 0.185107 0.185107
7850 14.034527 14.034527 14.034527 0.185107 0.185107 0.185107
7860 14.034527 14.034527 14.034527 0.185107 0.185107 0.185107
7870 14.034527 14.034527 14.034527 0.185107 0.185107 0.185107
7880 14.034527 14.034527 14.034527 0.185107 0.185107 0.185107
7890 14.034527 14.034527 14.034527 0.185107 0.185107 0.185107
7900 14.034527 14.034527 14.034527 0.185107 0.185107 0.185107
7910 14.034527 14.034527 14.034527 0.185107 0.185107 0.185107
7920 14.034527 14.034527 14.034527 0.185107 0.185107 0.185107
7930 14.034527 14.034527 14.034527 0.185107 0.185107 0.185107
7940 14.034527 14.034527 14.034527 0.185107 0.185107 0.185107
7950 14.034527 14.034527 14.034527 0.185107 0.185107 0.185107
7960 14.034527 14.034527 14.034527 0.185107 0.185107 0.185107
7970 14.034527 14.034527 14.034527 0.185107 0.185107 0.185107
7980 14.034527 14.034527 14.034527 0.185107 0.185107 0.185107
7990 14.034527 14.034527 14.034527 0.185107 0.185107 0.185107
8000 14.034527 14.034527 14.034527 0.185107 0.185107 0.185107
8010 14.034527 14.034527 14.034527 0.185107 0.185107 0.185107
8020 14.034527 14.034527 14.034527 0.185107 0.185107 0.185107
8030 14.034527 14.034527 14.034527 0.185107 0.185107 0.185107
8040 14.034527 14.034527 14.034527 0.185107 0.185107 0.185107
8050 14.034527 14.034527 14.034527 0.185107 0.185107 0.185107
8060 14.034527 14.034527 14.034527 0.185107 0.185107 0.185107
8070 14.034527 14.034527 14.034527 0.185107 0.185107 0.185107
8080 14.034527 14.034527 14.034527 0.185107 0.185107 0.185107
8090 14.034527 14.034527 14.034527 0.185107 0.185107 0.185107
8100 14.034527 14.034527 14.034527 0.185107 0.185107 0.185107
8110 14.034527 14.034527 14.034527 0.185107 0.185107 0.185107
8120 14.034527 14.034527 14.034527 0.185107 0.185107 0.185107
8130 14.034527 14.034527 14.034527 0.185107 0.185107 0.185107
8140 14.034527 14.034527 14.034527 0.185107 0.185107 0.185107
8150 14.034527 14.034527 14.034527 0.185107 0.185107 0.185107
8160 14.034527 14.034527 14.034527 0.185107 0.185107 0.185107
8170 14.034527 14.034527 14.034527 0.185107 0.185107 0.185107
8180 14.034527 14.034527 14.034527 0.185107 0.185107 0.185107
8190 14.034527 14.034527 14.034527 0.185107 0.185107 0.185107
8200 14.034527 14.034527 14.034527 0.185107 0.185107 0.185107
8210 14.034527 14.034527 14.034527 0.185107 0.185107 0.185107
8220 14.034527 14.034527 14.034527 0.185107 0.185107 0.185107
8230 14.034527 14.034527 14.034527 0.185107 0.185107 0.185107
8240 14.034527 14.034527 14.034527 0.185107 0.185107 0.185107
8250 14.034527 14.034527 14.034527 0.185107 0.185107 0.185107
8260 14.034527 14.034527 14.034527 0.185107 0.185107 0.185107
8270 14.034527 14.034527 14.034527 0.185107 0.185107 0.185107
8280 14.034527 14.034527 14.034527 0.185107 0.185107 0.185107
8290 14.034527 14.034527 14.034527 0.185107 0.185107 0.185107
8300 14.034527 14.034527 14.034527 0.185107 0.185107 0.185107
8310 14.034527 14.034527 14.034527 0.185107 0.185107 0.185107
8320 14.034527 14.034527 14.034527 0.185107 0.185107 0.185107
8330 14.034527 14.034527 14.034527 0.185107 0.185107 0.185107
8340 14.034527 14.034527 14.034527 0.185107 0.185107 0.185107
8350 14.034527 14.034527 14.034527 0.185107 0.185107 0.185107
8360 14.034527 14.034527 14.034527 0.185107 0.185107 0.185107
8370 14.034527 14.034527 14.034527 0.185107 0.185107 0.185107
8380 14.034527 14.034527 14.034527 0.185107 0.185107 0.185107
8390 14.034527 14.034527 14.034527 0.185107 0.185107 0.185107
8400 14.034527 14.034527 14.034527 0.185107 0.185107 0.185107
8410 14.034527 14.034527 14.034527 0.185107 0.185107 0.185107
8420 14.034527 14.034527 14.034527 0.185107 0.185107 0.185107
8430 14.034527 14.034527 14.034527 0.185107 0.185107 0.185107
8440 14.034527 14.034527 14.034527 0.185107 0.185107 0.185107
8450 14.034527 14.034527 14.034527 0.185107 0.185107 0.185107
8460 14.034527 14.034527 14.034527 0.185107 0.185107 0.185107
8470 14.034527 14.034527 14.034527 0.185107 0.185107 0.185107
8480 14.034527 14.034527 14.034527 0.185107 0.185107 0.185107
8490 14.034527 14.034527 14.034527 0.185107 0.185107 0.185107
8500 14.034527 14.034527 14.034527 0.185107 0.185107 0.185107
8510 14.034527 14.034527 14.034527 0.185107 0.185107 0.185107
8520 14.034527 14.034527 14.034527 0.185107 0.185107 0.185107
8530 14.034527 14.034527 14.034527 0.185107 0.185107 0.185107
8540 14.034527 14.034527 14.034527 0.185107 0.185107 0.185107
8550 14.034527 14.034527 14.034527 0.185107 0.185107 0.185107
8560 14.034527 14.034527 14.034527 0.185107 0.185107 0.185107
8570 14.034527 14.034527 14.034527 0.185107 0.185107 0.185107
8580 14.034527 14.034527 14.034527 0.185107 0.185107 0.185107
8590 14.034527 14.034527 14.034527 0.185107 0.185107 0.185107
8600 14.034527 14.034527 14.034527 0.185107 0.185107 0.185107
8610 14.034527 14.034527 14.034527 0.185107 0.185107 0.185107
8620 14.034527 14.034527 14.034527 0.185107 0.185107 0.185107
8630 14.034527 14.034527 14.034527 0.185107 0.185107 0.185107
8640 14.034527 14.034527 14.034527 0.185107 0.185107 0.185107
8650 14.034527 14.034527 14.034527 0.185107 0.185107 0.185107
8660 14.034527 14.034527 14.034527 0.185107 0.185107 0.185107
8670 14.034527 14.034527 14.034527 0.185107 0.185107 0.185107
8680 14.034527 14.034527 14.034527 0.185107 0.185107 0.185107
8690 14.034527 14.034527 14.034527 0.185107 0.185107 0.185107
8700 14.034527 14.034527 14.034527 0.185107 0.185107 0.185107
8710 14.034527 14.034527 14.034527 0.185107 0.185107 0.185107
8720 14.034527 14.034527 14.034527 0.185107 0.185107 0.185107
8730 14.034527 14.034527 14.034527 0.185107 0.185107 0.185107
8740 14.034527 14.034527 14.034527 0.185107 0.185107 0.185107
8750 14.034527 14.034527 14.034527 0.185107 0.185107 0.185107
8760 14.034527 14.034527 14.034527 0.185107 0.185107 0.185107
8770 14.034527 14.034527 14.034527 0.185107 0.185107 0.185107
8780 14.034527 14.034527 14.034527 0.185107 0.185107 0.185107
8790 14.034527 14.034527 14.034527 0.185107 0.185107 0.185107
8800 14.034527 14.034527 14.034527 0.185107 0.185107 0.185107
8810 14.034527 14.034527 14.034527 0.185107 0.185107 0.185107
8820 14.034527 14.034527 14.034527 0.185107 0.185107 0.185107
8830 14.034527 14.034527 14.034527 0.185107 0.185107 0.185107
8840 14.034527 14.034527 14.034527 0.185107 0.185107 0.185107
8850 14.034527 14.034527 14.034527 0.185107 0.185107 0.185107
8860 14.034527 14.034527 14.034527 0.185107 0.185107 0.185107
8870 14.034527 14.034527 14.034527 0.185107 0.185107 0.185107
8880 14.034527 14.034527 14.034527 0.185107 0.185107 0.185107
8890 14.034527 14.034527 14.034527 0.185107 0.185107 0.185107
8900 14.034527 14.034527 14.034527 0.185107 0.185107 0.185107
8910 14.034527 14.034527 14.034527 0.185107 0.185107 0.185107
8920 14.034527 14.034527 14.034527 0.185107 0.185107 0.185107
8930 14.034527 14.034527 14.034527 0.185107 0.185107 0.185107
8940 14.034527 14.034527 14.034527 0.185107 0.185107 0.185107
8950 14.034527 14.034527 14.034527 0.185107 0.185107 0.185107
8960 14.034527 14.034527 14.034527 0.185107 0.185107 0.185107
8970 14.034527 14.034527 14.034527 0.185107 0.185107 0.185107
8980 14.034527 14.034527 14.034527 0.185107 0.185107 0.185107
8990 14.034527 14.034527 14.034527 0.185107 0.185107 0.185107
9000 14.034527 14.034527 14.034527 0.185107 0.185107 0.185107
9010 14.034527 14.034527 14.034527 0.185107 0.185107 0.185107
9020 14.034527 14.034527 14.034527 0.185107 0.185107 0.185107
9030 14.034527 14.034527 14.034527 0.185107 0.185107 0.185107
9040 14.034527 14.034527 14.034527 0.185107 0.185107 0.185107
9050 14.034527 14.034527 14.034527 0.185107 0.185107 0.185107
9060 14.034527 14.034527 14.034527 0.185107 0.185107 0.185107
9070 14.034527 14.034527 14.034527 0.185107 0.185107 0.185107
9080 14.034527 14.034527 14.034527 0.185107 0.185107 0.185107
9090 14.034527 14.034527 14.034527 0.185107 0.185107 0.185107
9100 14.034527 14.034527 14.034527 0.185107 0.185107 0.185107
9110 14.034527 14.034527 14.034527 0.185107 0.185107 0.185107
9120 14.034527 14.034527 14.034527 0.185107 0.185107 0.185107
9130 14.034527 14.034527 14.034527 0.185107 0.185107 0.185107
9140 14.034527 14.034527 14.034527 0.185107 0.185107 0.185107
9150 14.034527 14.034527 14.034527 0.185107 0.185107 0.185107
9160 14.034527 14.034527 14.034527 0.185107 0.185107 0.185107
9170 14.034527 14.034527 14.034527 0.185107 0.185107 0.185107
9180 14.034527 14.034527 14.034527 0.185107 0.185107 0.185107
9190 14.034527 14.034527 14.034527 0.185107 0.185107 0.185107
9200 14.034527 14.034527 14.034527 0.185107 0.185107 0.185107
9210 14.034527 14.034527 14.034527 0.185107 0.185107 0.185107
9220 14.034527 14.034527 14.034527 0.185107 0.185107 0.185107
9230 14.034527 14.034527 14.034527 0.185107 0.185107 0.185107
9240 14.034527 14.034527 14.034527 0.185107 0.185107 0.185107
9250 14.034527 14.034527 14.034527 0.185107 0.185107 0.185107
9260 14.034527 14.034527 14.034527 0.185107 0.185107 0.185107
9270 14.034527 14.034527 14.034527 0.185107 0.185107 0.185107
9280 14.034527 14.034527 14.034527 0.185107 0.185107 0.185107
9290 14.034527 14.034527 14.034527 0.185107 0.185107 0.185107
9300 14.034527 14.034527 14.034527 0.185107 0.185107 0.185107
9310 14.034527 14.034527 14.034527 0.185107 0.185107 0.185107
9320 14.034527 14.034527 14.034527 0.185107 0.185107 0.185107
9330 14.034527 14.034527 14.034527 0.185107 0.185107 0.185107
9340 14.034527 14.034527 14.034527 0.185107 0.185107 0.185107
9350 14.034527 14.034527 14.034527 0.185107 0.185107 0.185107
9360 14.034527 14.034527 14.034527 0.185107 0.185107 0.185107
9370 14.034527 14.034527 14.034527 0.185107 0.185107 0.185107
9380 14.034527 14.034527 14.034527 0.185107 0.185107 0.185107
9390 14.034527 14.034527 14.034527 0.185107 0.185107 0.185107
9400 14.034527 14.034527 14.034527 0.185107 0.185107 0.185107
9410 14.034527 14.034527 14.034527 0.185107 0.185107 0.185107
9420 14.034527 14.034527 14.034527 0.185107 0.185107 0.185107
9430 14.034527 14.034527 14.034527 0.185107 0.185107 0.185107
9440 14.034527 14.034527 14.034527 0.185107 0.185107 0.185107
9450 14.034527 14.034527 14.034527 0.185107 0.185107 0.185107
9460 14.034527 14.034527 14.034527 0.185107 0.185107 0.185107
9470 14.034527 14.034527 14.034527 0.185107 0.185107 0.185107
9480 14.034527 14.034527 14.034527 0.185107 0.185107 0.185107
9490 14.034527 14.034527 14.034527 0.185107 0.185107 0.185107
9500 14.034527 14.034527 14.034527 0.185107 0.185107 0.185107
9510 14.034527 14.034527 14.034527 0.185107 0.185107 0.185107
9520 14.034527 14.034527 14.034527 0.185107 0.185107 0.185107
9530 14.034527 14.034527 14.034527 0.185107 0.185107 0.185107
9540 14.034527 14.034527 14.034527 0.185107 0.185107 0.185107
9550 14.034527 14.034527 14.034527 0.185107 0.185107 0.185107
9560 14.034527 14.034527 14.034527 0.185107 0.185107 0.185107
9570 14.034527 14.034527 14.034527 0.185107 0.185107 0.185107
9580 14.034527 14.034527 14.034527 0.185107 0.185107 0.185107
9590 14.034527 14.034527 14.034527 0.185107 0.185107 0.185107
9600 14.034527 14.034527 14.034527 0.185107 0.185107 0.185107
9610 14.034527 14.034527 14.034527 0.185107 0.185107 0.185107
9620 14.034527 14.034527 14.034527 0.185107 0.185107 0.185107
9630 14.034527 14.034527 14.034527 0.185107 0.185107 0.185107
9640 14.034527 14.034527 14.034527 0.185107 0.185107 0.185107
9650 14.034527 14.034527 14.034527 0.185107 0.185107 0.185107
9660 14.034527 14.034527 14.034527 0.185107 0.185107 0.185107
9670 14.034527 14.034527 14.034527 0.185107 0.185107 0.185107
9680 14.034527 14.034527 14.034527 0.185107 0.185107 0.185107
9690 14.034527 14.034527 14.034527 0.185107 0.185107 0.185107
9700 14.034527 14.034527 14.034527 0.185107 0.185107 0.185107
9710 14.034527 14.034527 14.034527 0.185107 0.185107 0.185107
9720 14.034527 14.034527 14.034527 0.185107 0.185107 0.185107
9730 14.034527 14.034527 14.034527 0.185107 0.185107 0.185107
9740 14.034527 14.034527 14.034527 0.185107 0.185107 0.185107
9750 14.034527 14.034527 14.034527 0.185107 0.185107 0.185107
9760 14.034527 14.034527 14.034527 0.185107 0.185107 0.185107
9770 14.034527 14.034527 14.034527 0.185107 0.185107 0.185107
9780 14.034527 14.034527 14.034527 0.185107 0.185107 0.185107
9790 14.034527 14.034527 14.034527 0.185107 0.185107 0.185107
9800 14.034527 14.034527 14.034527 0.185107 0.185107 0.185107
9810 14.034527 14.034527 14.034527 0.185107 0.185107 0.185107
9820 14.034527 14.034527 14.034527 0.185107 0.185107 0.185107
9830 14.034527 14.034527 14.034527 0.185107 0.185107 0.185107
9840 14.034527 14.034527 14.034527 0.185107 0.185107 0.185107
9850 14.034527 14.034527 14.034527 0.185107 0.185107 0.185107
9860 14.034527 14.034527 14.034527 0.185107 0.185107 0.185107
9870 14.034527 14.034527 14.034527 0.185107 0.185107 0.185107
9880 14.034527 14.034527 14.034527 0.185107 0.185107 0.185107
9890 14.034527 14.034527 14.034527 0.185107 0.185107 0.185107
9900 14.034527 14.034527 14.034527 0.185107 0.185107 0.185107
9910 14.034527 14.034527 14.034527 0.185107 0.185107 0.185107
9920 14.034527 14.034527 14.034527 0.185107 0.185107 0.185107
9930 14.034527 14.034527 14.034527 0.185107 0.185107 0.185107
9940 14.034527 14.034527 14.034527 0.185107 0.185107 0.185107
9950 14.034527 14.034527 14.034527 0.185107 0.185107 0.185107
9960 14.034527 14.034527 14.034527 0.185107 0.185107 0.185107
9970 14.034527 14.034527 14.034527 0.185107 0.185107 0.185107
9980 14.034527 14.034527 14.034527 0.185107 0.185107 0.185107
9990 14.034527 14.034527 14.034527 0.185107 0.185107 0.185107
10000 15.425556 15.425556 15.425556 0.215652 0.215652 0.215652
