737 256074 12 0.079200 4359 2954 3223 1
583 207896 14 0.035300 4048 2660 2786 1
253 78953 7 0.013400 5853 3358 2992 1
589 207260 13 0.026500 5988 2576 3317 1
423 75202 9 0.082700 5450 2476 3399 1
355 111592 14 0.054600 5359 2315 3053 1
604 165664 11 0.056000 5838 3752 3621 1
574 200694 11 0.118000 4356 2630 3779 1
850 372233 9 0.092000 4930 3626 2377 1
643 211972 11 0.085800 4518 3524 2623 1
570 144872 11 0.065400 4853 3115 2256 1
421 156141 6 0.142800 4086 3515 2307 1
161 63059 13 0.125300 4591 3832 3442 1
977 382892 7 0.050700 5155 3638 3788 1
773 204544 10 0.076000 4252 3883 3303 1
878 252376 11 0.088100 4053 2223 2660 1
431 165470 8 0.116300 5581 2427 3594 1
660 234408 7 0.176300 5501 3915 3931 1
385 103187 11 0.057000 4816 3579 2128 1
148 49018 9 0.087500 5316 2726 2919 1
679 289203 11 0.169200 5952 3083 3905 1
512 233493 8 0.131200 4063 2297 2374 1
442 117182 8 0.137100 5041 3680 3416 1
323 125888 8 0.076100 4022 2478 3166 1
497 139973 13 0.160800 5983 3944 2754 0
248 65173 13 0.116900 4368 3675 2518 1
248 86317 8 0.125800 4218 3832 2527 1
121 35754 13 0.053000 5192 3170 2931 1
165 70225 11 0.165900 4840 3342 3895 1
576 199228 6 0.034900 4254 2996 2778 1
658 272249 9 0.163800 4918 2019 3138 1
114 26658 12 0.166600 5774 2619 3459 1
205 61462 9 0.100300 5174 2159 2084 1
628 200164 11 0.124200 4804 3984 2006 1
637 196089 9 0.154400 5093 2412 3674 1
488 201538 8 0.118600 5035 2166 2314 1
357 131078 11 0.160500 5707 3565 2190 1
360 178405 12 0.079700 4951 2762 3849 1
583 208582 8 0.070000 5276 2910 3219 1
611 244218 10 0.157900 4490 3435 2283 1
538 250224 9 0.020400 5382 3308 2919 1
986 251844 7 0.193900 5487 3300 2615 1
659 288988 11 0.051600 4236 2532 2762 1
528 216171 11 0.099200 4744 3906 2645 1
799 204015 10 0.099100 4670 3611 2775 1
745 255849 12 0.102300 4356 2532 3617 1
903 288066 8 0.076800 5599 2388 2570 1
781 229662 10 0.059200 5650 2455 2782 1
864 289999 9 0.107900 4981 3598 3589 1
515 209754 11 0.168700 4635 3172 2573 0
203 64127 10 0.114800 4078 2004 2265 1
489 208039 9 0.074300 4245 2438 3025 1
667 178281 6 0.158300 4875 3459 3448 1
638 212137 9 0.127100 4056 2518 3544 1
472 127098 10 0.133000 4992 2521 2449 1
549 155952 11 0.156500 4446 2163 2711 1
623 172186 8 0.096000 5894 3234 2386 0
932 376944 11 0.113500 4562 2993 3764 1
923 231882 12 0.126200 4689 3849 2618 1
582 217134 9 0.144300 5708 3591 2299 1
340 102494 9 0.134600 4352 3195 2637 1
837 343418 10 0.072300 5383 2443 2155 1
308 132120 7 0.177400 4796 3674 3746 1
731 257962 10 0.136900 5055 3350 3447 1
284 95625 11 0.117400 5121 2190 2648 1
955 331231 13 0.119200 4360 2573 3041 1
617 233098 9 0.076700 5096 2386 3899 1
825 338518 13 0.095300 5849 3971 3864 1
231 74427 10 0.112900 5574 2849 2009 1
628 183110 9 0.099100 4612 2289 3811 1
714 324510 8 0.146500 4041 2937 3810 1
794 359455 11 0.049100 4972 3507 3525 1
780 336577 10 0.061600 5638 2268 3698 1
404 163563 11 0.052700 5163 2051 2033 1
350 95302 12 0.166700 5934 2645 2583 1
396 179906 7 0.171000 4807 3668 3418 1
159 61851 10 0.132300 4219 2240 2438 1
983 291630 10 0.068700 4988 2700 2709 1
503 162591 6 0.061700 5916 3656 2644 0
379 114105 7 0.073500 5365 3773 3519 1
127 27268 13 0.100100 5594 2303 3892 1
668 179875 8 0.104600 4910 2287 2699 1
875 230751 11 0.063900 5100 3875 3754 1
475 122520 8 0.155000 5737 2014 3196 1
136 63860 11 0.061700 4227 2141 3449 1
122 37689 11 0.100700 4774 3104 2397 1
437 171353 11 0.108300 5751 3027 2969 1
626 207708 8 0.102100 4605 3811 2503 1
427 213365 10 0.047800 5274 2879 2458 1
258 53058 9 0.016800 5337 3016 2291 1
886 356962 10 0.135800 4568 3666 3658 1
178 51892 13 0.045100 5982 2647 2926 1
531 267709 10 0.046900 4671 2278 3131 1
157 62461 13 0.070900 4250 2982 3747 1
847 293249 9 0.120400 5598 2302 2551 1
863 267234 8 0.106400 4819 2061 3190 1
810 259927 11 0.096100 5240 3542 3109 1
736 281023 13 0.060000 4998 3425 3302 1
629 279842 10 0.040700 4385 3125 3213 0
329 105586 10 0.090000 4472 3307 2853 1
