898 169870 7 0.138000 5090 2396 3885 1
995 164377 7 0.065500 4889 3959 3212 1
543 105958 8 0.155800 4855 2072 2934 1
334 66286 10 0.101400 4718 2508 2324 1
825 111344 9 0.044800 4398 3334 2215 1
501 108011 8 0.054600 4606 2017 2189 1
556 82272 10 0.035600 4015 3231 2117 1
502 81892 13 0.048400 5010 3706 3005 1
303 56638 9 0.132000 5028 2916 2838 1
886 162446 12 0.106100 4929 2332 3477 1
983 176300 10 0.127800 4683 3302 2959 1
548 127634 11 0.019500 5678 2884 3787 1
282 50942 6 0.186500 5638 3604 2951 1
925 205361 12 0.185700 5850 3988 2246 1
427 109376 9 0.097700 5105 2866 2492 1
990 219975 12 0.110700 4301 2736 3641 1
951 171057 11 0.074600 5005 3407 2393 1
176 34736 8 0.120300 5132 3636 2750 1
497 128047 9 0.121500 5481 2786 3167 1
732 95146 8 0.149200 5104 2753 3489 1
432 100411 9 0.105700 4141 3029 3517 1
209 36286 8 0.112700 5529 2081 2521 1
253 55935 12 0.107200 4925 3474 2884 1
283 62707 12 0.136200 5760 2400 3272 1
932 144447 7 0.094300 4275 3223 3114 0
556 154560 11 0.110700 5991 3198 3871 1
270 41558 7 0.084700 4198 3150 3092 1
338 59350 10 0.143400 5447 2312 2539 1
508 123944 9 0.143700 5973 3421 3905 1
558 132014 14 0.042700 4977 2340 2566 1
326 72737 11 0.106400 4305 2408 2586 1
439 68769 9 0.083000 4781 3915 2381 1
842 219753 6 0.081200 5643 2609 3796 1
653 131688 14 0.121900 5633 2012 3242 1
901 142145 7 0.117800 5791 2179 2882 1
655 116163 11 0.098200 4748 2736 3759 1
924 196067 8 0.171700 5651 3655 2097 1
275 65501 10 0.097900 5868 2688 3353 1
854 186033 9 0.132000 5527 3372 3447 1
819 129653 10 0.184900 4377 3531 2955 1
375 74064 10 0.123300 4041 2266 2129 1
161 37212 9 0.123000 4901 2449 3834 1
147 40316 8 0.095600 4982 3533 2379 1
483 113041 12 0.139600 5992 2825 2101 1
874 141988 12 0.111700 4075 2880 3596 1
642 158258 6 0.156200 5045 3550 2573 1
267 50364 9 0.108600 4757 3794 2505 1
507 115925 14 0.110100 4842 2198 2620 1
117 22567 12 0.094800 5476 3761 2554 1
213 40168 12 0.066900 5762 2834 3780 1
549 82813 14 0.065000 5635 3345 3981 1
379 93063 10 0.166100 5895 2669 3250 1
256 59629 9 0.046500 4002 3391 3629 1
731 175549 8 0.071000 5771 2635 3553 1
954 276233 13 0.099600 5151 3234 3930 1
440 98027 10 0.143000 5196 3779 3411 1
125 29829 10 0.110200 5474 2382 2894 1
852 133934 11 0.131000 5461 3266 3162 1
367 82279 10 0.070800 5634 2668 3820 1
339 71616 13 0.122100 5682 2347 3777 1
579 135461 14 0.079100 4776 2242 2853 1
241 58365 8 0.075800 5495 2880 2036 1
738 181677 13 0.151800 5658 2189 2143 1
865 165951 8 0.180600 4494 2255 3482 1
133 33984 9 0.104000 4128 2733 3106 1
871 182257 11 0.097000 4765 2064 2620 1
201 56087 9 0.131300 4751 3900 3274 1
221 39824 13 0.123400 4450 3027 3990 1
923 233177 10 0.061200 5546 2884 3729 1
770 210232 10 0.077000 4349 2161 3084 1
243 53744 12 0.032700 5225 2562 2573 1
731 181656 13 0.088800 5039 2653 3368 1
194 44836 12 0.147700 4896 3511 2237 1
305 56808 8 0.092500 5999 2496 3656 1
643 123274 14 0.117500 5674 2859 2769 1
309 72759 10 0.063100 5926 3310 3544 1
717 159525 10 0.121400 5808 3129 2791 1
926 137895 11 0.113800 5938 2479 2587 1
660 166789 12 0.091400 5097 3104 2688 1
721 137452 10 0.142500 4584 3613 2249 1
705 139352 8 0.045600 4940 2380 3833 1
496 100433 11 0.091600 4544 2627 2694 0
477 102842 12 0.117300 4819 3949 3741 0
630 148065 10 0.135800 5223 2082 2955 1
488 87136 12 0.078700 5613 2866 3236 0
323 55002 8 0.097800 4549 2578 2251 1
341 74842 10 0.132500 5909 2223 2558 1
950 155759 10 0.128600 4522 2917 2763 1
939 147183 14 0.142200 4909 3388 3711 1
528 115567 13 0.104700 5931 3714 3072 0
749 83247 11 0.089700 5607 2341 3106 1
898 181171 11 0.109900 4604 2957 2569 1
140 28603 11 0.124700 4814 2745 3860 1
639 107653 12 0.056800 4751 2866 2623 1
753 190969 9 0.134900 5202 3912 2305 1
756 108134 6 0.102400 4271 3873 2691 1
140 34477 10 0.101000 4502 3466 3806 1
168 48937 6 0.145600 5527 2934 3735 1
873 169818 9 0.106000 5782 2584 3413 1
623 137326 12 0.020200 4450 2563 2134 1
